"simulation","comp_size"
"sim_1",4
"sim_1",4
"sim_1",4
"sim_1",4
"sim_1",4
"sim_1",4
"sim_1",4
"sim_1",4
"sim_1",4
"sim_1",4
"sim_1",4
"sim_1",4
"sim_1",4
"sim_1",4
"sim_1",4
"sim_1",4
"sim_1",4
"sim_1",4
"sim_1",4
"sim_1",4
"sim_1",4
"sim_1",4
"sim_1",4
"sim_1",4
"sim_1",4
"sim_1",4
"sim_1",4
"sim_1",4
"sim_1",4
"sim_1",4
"sim_1",4
"sim_1",4
"sim_1",4
"sim_1",4
"sim_1",4
"sim_1",4
"sim_1",4
"sim_1",4
"sim_1",4
"sim_1",4
"sim_1",4
"sim_1",4
"sim_1",4
"sim_1",4
"sim_1",4
"sim_1",4
"sim_1",4
"sim_1",4
"sim_1",4
"sim_1",4
"sim_1",4
"sim_1",4
"sim_1",4
"sim_1",4
"sim_1",4
"sim_1",4
"sim_1",4
"sim_1",4
"sim_1",4
"sim_1",4
"sim_1",4
"sim_1",4
"sim_1",4
"sim_1",4
"sim_1",4
"sim_1",4
"sim_1",4
"sim_1",4
"sim_1",4
"sim_1",4
"sim_1",4
"sim_1",4
"sim_1",4
"sim_1",4
"sim_1",4
"sim_1",4
"sim_1",4
"sim_1",4
"sim_1",4
"sim_1",4
"sim_1",4
"sim_1",4
"sim_1",4
"sim_1",4
"sim_1",4
"sim_1",4
"sim_1",4
"sim_1",4
"sim_1",4
"sim_1",4
"sim_1",4
"sim_1",4
"sim_1",4
"sim_1",4
"sim_1",4
"sim_1",4
"sim_1",4
"sim_1",4
"sim_1",4
"sim_1",4
"sim_1",4
"sim_1",4
"sim_1",4
"sim_1",4
"sim_1",4
"sim_1",4
"sim_1",4
"sim_1",4
"sim_1",4
"sim_1",4
"sim_1",4
"sim_1",4
"sim_1",4
"sim_1",4
"sim_1",4
"sim_1",4
"sim_1",4
"sim_1",4
"sim_1",4
"sim_1",4
"sim_1",4
"sim_1",4
"sim_1",4
"sim_1",4
"sim_1",4
"sim_1",4
"sim_1",4
"sim_1",4
"sim_1",4
"sim_1",4
"sim_1",4
"sim_1",4
"sim_1",4
"sim_1",4
"sim_1",4
"sim_1",4
"sim_1",4
"sim_1",4
"sim_1",4
"sim_1",4
"sim_1",4
"sim_1",4
"sim_1",4
"sim_1",4
"sim_1",4
"sim_1",4
"sim_1",4
"sim_1",4
"sim_1",4
"sim_1",4
"sim_1",4
"sim_1",4
"sim_1",4
"sim_1",4
"sim_1",4
"sim_1",4
"sim_1",4
"sim_1",4
"sim_1",4
"sim_1",4
"sim_1",4
"sim_1",4
"sim_1",4
"sim_1",4
"sim_1",4
"sim_1",4
"sim_1",4
"sim_1",4
"sim_1",4
"sim_1",4
"sim_1",4
"sim_1",4
"sim_1",4
"sim_1",4
"sim_1",4
"sim_1",4
"sim_1",4
"sim_1",4
"sim_1",4
"sim_1",4
"sim_1",4
"sim_1",4
"sim_1",4
"sim_1",4
"sim_1",4
"sim_1",4
"sim_1",4
"sim_1",4
"sim_1",4
"sim_1",4
"sim_1",4
"sim_1",4
"sim_1",4
"sim_1",4
"sim_1",4
"sim_1",4
"sim_1",4
"sim_1",4
"sim_1",4
"sim_1",4
"sim_1",4
"sim_1",4
"sim_1",4
"sim_1",4
"sim_1",4
"sim_1",4
"sim_1",4
"sim_1",4
"sim_1",4
"sim_1",4
"sim_1",4
"sim_1",4
"sim_1",4
"sim_1",4
"sim_1",4
"sim_1",4
"sim_1",4
"sim_1",4
"sim_1",4
"sim_1",4
"sim_1",4
"sim_1",4
"sim_1",4
"sim_1",4
"sim_1",4
"sim_1",4
"sim_1",4
"sim_1",4
"sim_1",4
"sim_1",4
"sim_1",4
"sim_1",4
"sim_1",4
"sim_1",4
"sim_1",4
"sim_1",4
"sim_1",4
"sim_1",4
"sim_1",4
"sim_1",4
"sim_1",4
"sim_1",4
"sim_1",4
"sim_1",4
"sim_1",4
"sim_1",4
"sim_1",4
"sim_1",4
"sim_1",4
"sim_1",4
"sim_1",4
"sim_1",4
"sim_1",4
"sim_1",4
"sim_1",4
"sim_1",4
"sim_1",4
"sim_1",4
"sim_1",4
"sim_1",4
"sim_1",4
"sim_1",4
"sim_1",4
"sim_1",4
"sim_1",4
"sim_1",4
"sim_1",4
"sim_1",4
"sim_1",4
"sim_1",4
"sim_1",4
"sim_1",4
"sim_1",4
"sim_1",4
"sim_1",4
"sim_1",4
"sim_1",4
"sim_1",4
"sim_1",4
"sim_1",4
"sim_1",4
"sim_1",4
"sim_1",4
"sim_1",4
"sim_1",4
"sim_1",4
"sim_1",4
"sim_1",4
"sim_1",4
"sim_1",4
"sim_1",4
"sim_1",4
"sim_1",4
"sim_1",4
"sim_1",4
"sim_1",4
"sim_1",4
"sim_1",4
"sim_1",4
"sim_1",4
"sim_1",4
"sim_1",4
"sim_1",4
"sim_1",4
"sim_1",4
"sim_1",4
"sim_1",4
"sim_1",4
"sim_1",4
"sim_1",4
"sim_1",4
"sim_1",4
"sim_1",4
"sim_1",4
"sim_1",4
"sim_1",4
"sim_1",4
"sim_1",4
"sim_1",4
"sim_1",4
"sim_1",4
"sim_1",4
"sim_1",4
"sim_1",4
"sim_1",4
"sim_1",4
"sim_1",4
"sim_1",4
"sim_1",4
"sim_1",4
"sim_1",4
"sim_1",4
"sim_1",4
"sim_1",4
"sim_1",4
"sim_1",4
"sim_1",4
"sim_1",4
"sim_1",4
"sim_1",4
"sim_1",4
"sim_1",4
"sim_1",4
"sim_1",4
"sim_1",4
"sim_1",4
"sim_1",4
"sim_1",4
"sim_1",4
"sim_1",4
"sim_1",4
"sim_1",4
"sim_1",4
"sim_1",4
"sim_1",4
"sim_1",4
"sim_1",4
"sim_1",4
"sim_1",4
"sim_1",4
"sim_1",4
"sim_1",4
"sim_1",4
"sim_1",4
"sim_1",4
"sim_1",4
"sim_1",4
"sim_1",4
"sim_1",4
"sim_1",4
"sim_1",4
"sim_1",4
"sim_1",4
"sim_1",4
"sim_1",4
"sim_1",4
"sim_1",4
"sim_1",4
"sim_1",4
"sim_1",4
"sim_1",4
"sim_1",4
"sim_1",4
"sim_1",4
"sim_1",4
"sim_1",5
"sim_1",5
"sim_1",5
"sim_1",5
"sim_1",5
"sim_1",5
"sim_1",5
"sim_1",5
"sim_1",5
"sim_1",5
"sim_1",5
"sim_1",5
"sim_1",5
"sim_1",5
"sim_1",5
"sim_1",5
"sim_1",5
"sim_1",5
"sim_1",5
"sim_1",5
"sim_1",5
"sim_1",5
"sim_1",5
"sim_1",5
"sim_1",5
"sim_1",5
"sim_1",5
"sim_1",5
"sim_1",5
"sim_1",5
"sim_1",5
"sim_1",5
"sim_1",5
"sim_1",5
"sim_1",5
"sim_1",5
"sim_1",5
"sim_1",5
"sim_1",5
"sim_1",5
"sim_1",5
"sim_1",5
"sim_1",5
"sim_1",5
"sim_1",5
"sim_1",5
"sim_1",5
"sim_1",5
"sim_1",5
"sim_1",5
"sim_1",5
"sim_1",5
"sim_1",5
"sim_1",5
"sim_1",5
"sim_1",5
"sim_1",5
"sim_1",5
"sim_1",5
"sim_1",5
"sim_1",5
"sim_1",5
"sim_1",5
"sim_1",5
"sim_1",5
"sim_1",5
"sim_1",5
"sim_1",5
"sim_1",5
"sim_1",6
"sim_1",6
"sim_1",6
"sim_1",6
"sim_1",6
"sim_1",6
"sim_1",6
"sim_1",6
"sim_1",6
"sim_1",6
"sim_1",6
"sim_1",6
"sim_1",6
"sim_1",6
"sim_1",6
"sim_1",6
"sim_1",6
"sim_1",6
"sim_1",6
"sim_1",6
"sim_1",6
"sim_1",6
"sim_1",6
"sim_1",6
"sim_1",6
"sim_1",6
"sim_1",6
"sim_1",6
"sim_1",6
"sim_1",6
"sim_1",6
"sim_1",6
"sim_1",6
"sim_1",6
"sim_1",6
"sim_1",6
"sim_1",6
"sim_1",6
"sim_1",6
"sim_1",6
"sim_1",6
"sim_1",6
"sim_1",7
"sim_1",7
"sim_1",7
"sim_1",7
"sim_1",7
"sim_1",7
"sim_1",7
"sim_1",7
"sim_1",7
"sim_1",7
"sim_1",7
"sim_1",7
"sim_1",7
"sim_1",7
"sim_1",7
"sim_1",7
"sim_1",7
"sim_1",7
"sim_1",7
"sim_1",7
"sim_1",7
"sim_1",7
"sim_1",7
"sim_1",7
"sim_1",7
"sim_1",7
"sim_1",8
"sim_1",8
"sim_1",8
"sim_1",8
"sim_1",8
"sim_1",8
"sim_1",8
"sim_1",8
"sim_1",8
"sim_1",8
"sim_1",8
"sim_1",8
"sim_1",8
"sim_1",8
"sim_1",8
"sim_1",8
"sim_1",8
"sim_1",8
"sim_1",8
"sim_1",8
"sim_1",8
"sim_1",8
"sim_1",9
"sim_1",9
"sim_1",9
"sim_1",9
"sim_1",9
"sim_1",9
"sim_1",9
"sim_1",9
"sim_1",9
"sim_1",10
"sim_1",10
"sim_1",10
"sim_1",10
"sim_1",11
"sim_1",11
"sim_1",12
"sim_1",12
"sim_1",12
"sim_1",12
"sim_1",12
"sim_1",14
"sim_1",14
"sim_2",4
"sim_2",4
"sim_2",4
"sim_2",4
"sim_2",4
"sim_2",4
"sim_2",4
"sim_2",4
"sim_2",4
"sim_2",4
"sim_2",4
"sim_2",4
"sim_2",4
"sim_2",4
"sim_2",4
"sim_2",4
"sim_2",4
"sim_2",4
"sim_2",4
"sim_2",4
"sim_2",4
"sim_2",4
"sim_2",4
"sim_2",4
"sim_2",4
"sim_2",4
"sim_2",4
"sim_2",4
"sim_2",4
"sim_2",4
"sim_2",4
"sim_2",4
"sim_2",4
"sim_2",4
"sim_2",4
"sim_2",4
"sim_2",4
"sim_2",4
"sim_2",4
"sim_2",4
"sim_2",4
"sim_2",4
"sim_2",4
"sim_2",4
"sim_2",4
"sim_2",4
"sim_2",4
"sim_2",4
"sim_2",4
"sim_2",4
"sim_2",4
"sim_2",4
"sim_2",4
"sim_2",4
"sim_2",4
"sim_2",4
"sim_2",4
"sim_2",4
"sim_2",4
"sim_2",4
"sim_2",4
"sim_2",4
"sim_2",4
"sim_2",4
"sim_2",4
"sim_2",4
"sim_2",4
"sim_2",4
"sim_2",4
"sim_2",4
"sim_2",4
"sim_2",4
"sim_2",4
"sim_2",4
"sim_2",4
"sim_2",4
"sim_2",4
"sim_2",4
"sim_2",4
"sim_2",4
"sim_2",4
"sim_2",4
"sim_2",4
"sim_2",4
"sim_2",4
"sim_2",4
"sim_2",4
"sim_2",4
"sim_2",4
"sim_2",4
"sim_2",4
"sim_2",4
"sim_2",4
"sim_2",4
"sim_2",4
"sim_2",4
"sim_2",4
"sim_2",4
"sim_2",4
"sim_2",4
"sim_2",4
"sim_2",4
"sim_2",4
"sim_2",4
"sim_2",4
"sim_2",4
"sim_2",4
"sim_2",4
"sim_2",4
"sim_2",4
"sim_2",4
"sim_2",4
"sim_2",4
"sim_2",4
"sim_2",4
"sim_2",4
"sim_2",4
"sim_2",4
"sim_2",4
"sim_2",4
"sim_2",4
"sim_2",4
"sim_2",4
"sim_2",4
"sim_2",4
"sim_2",4
"sim_2",4
"sim_2",4
"sim_2",4
"sim_2",4
"sim_2",4
"sim_2",4
"sim_2",4
"sim_2",4
"sim_2",4
"sim_2",4
"sim_2",4
"sim_2",4
"sim_2",4
"sim_2",4
"sim_2",4
"sim_2",4
"sim_2",4
"sim_2",4
"sim_2",4
"sim_2",4
"sim_2",4
"sim_2",4
"sim_2",4
"sim_2",4
"sim_2",4
"sim_2",4
"sim_2",4
"sim_2",4
"sim_2",4
"sim_2",4
"sim_2",4
"sim_2",4
"sim_2",4
"sim_2",4
"sim_2",4
"sim_2",4
"sim_2",4
"sim_2",4
"sim_2",4
"sim_2",4
"sim_2",4
"sim_2",4
"sim_2",4
"sim_2",4
"sim_2",4
"sim_2",4
"sim_2",4
"sim_2",4
"sim_2",4
"sim_2",4
"sim_2",4
"sim_2",4
"sim_2",4
"sim_2",4
"sim_2",4
"sim_2",4
"sim_2",4
"sim_2",4
"sim_2",4
"sim_2",4
"sim_2",4
"sim_2",4
"sim_2",4
"sim_2",4
"sim_2",4
"sim_2",4
"sim_2",4
"sim_2",4
"sim_2",4
"sim_2",4
"sim_2",4
"sim_2",4
"sim_2",4
"sim_2",4
"sim_2",4
"sim_2",4
"sim_2",4
"sim_2",4
"sim_2",4
"sim_2",4
"sim_2",4
"sim_2",4
"sim_2",4
"sim_2",4
"sim_2",4
"sim_2",4
"sim_2",4
"sim_2",4
"sim_2",4
"sim_2",4
"sim_2",4
"sim_2",4
"sim_2",4
"sim_2",4
"sim_2",4
"sim_2",4
"sim_2",4
"sim_2",4
"sim_2",4
"sim_2",4
"sim_2",4
"sim_2",4
"sim_2",4
"sim_2",4
"sim_2",4
"sim_2",4
"sim_2",4
"sim_2",4
"sim_2",4
"sim_2",4
"sim_2",4
"sim_2",4
"sim_2",4
"sim_2",4
"sim_2",4
"sim_2",4
"sim_2",4
"sim_2",4
"sim_2",4
"sim_2",4
"sim_2",4
"sim_2",4
"sim_2",4
"sim_2",4
"sim_2",4
"sim_2",4
"sim_2",4
"sim_2",4
"sim_2",4
"sim_2",4
"sim_2",4
"sim_2",4
"sim_2",4
"sim_2",4
"sim_2",4
"sim_2",4
"sim_2",4
"sim_2",4
"sim_2",4
"sim_2",4
"sim_2",4
"sim_2",4
"sim_2",4
"sim_2",4
"sim_2",4
"sim_2",4
"sim_2",4
"sim_2",4
"sim_2",4
"sim_2",4
"sim_2",4
"sim_2",4
"sim_2",4
"sim_2",4
"sim_2",4
"sim_2",4
"sim_2",4
"sim_2",4
"sim_2",4
"sim_2",4
"sim_2",4
"sim_2",4
"sim_2",4
"sim_2",4
"sim_2",4
"sim_2",4
"sim_2",4
"sim_2",4
"sim_2",4
"sim_2",4
"sim_2",4
"sim_2",4
"sim_2",4
"sim_2",4
"sim_2",4
"sim_2",4
"sim_2",4
"sim_2",4
"sim_2",4
"sim_2",4
"sim_2",4
"sim_2",4
"sim_2",4
"sim_2",4
"sim_2",4
"sim_2",4
"sim_2",4
"sim_2",4
"sim_2",4
"sim_2",4
"sim_2",4
"sim_2",4
"sim_2",4
"sim_2",4
"sim_2",4
"sim_2",4
"sim_2",4
"sim_2",4
"sim_2",4
"sim_2",4
"sim_2",4
"sim_2",4
"sim_2",4
"sim_2",4
"sim_2",4
"sim_2",4
"sim_2",4
"sim_2",4
"sim_2",4
"sim_2",4
"sim_2",4
"sim_2",4
"sim_2",4
"sim_2",4
"sim_2",4
"sim_2",4
"sim_2",4
"sim_2",4
"sim_2",4
"sim_2",4
"sim_2",4
"sim_2",4
"sim_2",4
"sim_2",4
"sim_2",4
"sim_2",4
"sim_2",4
"sim_2",4
"sim_2",4
"sim_2",4
"sim_2",4
"sim_2",4
"sim_2",4
"sim_2",4
"sim_2",4
"sim_2",4
"sim_2",4
"sim_2",4
"sim_2",5
"sim_2",5
"sim_2",5
"sim_2",5
"sim_2",5
"sim_2",5
"sim_2",5
"sim_2",5
"sim_2",5
"sim_2",5
"sim_2",5
"sim_2",5
"sim_2",5
"sim_2",5
"sim_2",5
"sim_2",5
"sim_2",5
"sim_2",5
"sim_2",5
"sim_2",5
"sim_2",5
"sim_2",5
"sim_2",5
"sim_2",5
"sim_2",5
"sim_2",5
"sim_2",5
"sim_2",5
"sim_2",5
"sim_2",5
"sim_2",5
"sim_2",5
"sim_2",5
"sim_2",5
"sim_2",5
"sim_2",5
"sim_2",5
"sim_2",5
"sim_2",5
"sim_2",5
"sim_2",5
"sim_2",5
"sim_2",5
"sim_2",5
"sim_2",5
"sim_2",5
"sim_2",5
"sim_2",5
"sim_2",5
"sim_2",5
"sim_2",5
"sim_2",5
"sim_2",5
"sim_2",5
"sim_2",5
"sim_2",5
"sim_2",5
"sim_2",5
"sim_2",5
"sim_2",5
"sim_2",5
"sim_2",5
"sim_2",5
"sim_2",5
"sim_2",5
"sim_2",5
"sim_2",5
"sim_2",5
"sim_2",5
"sim_2",5
"sim_2",5
"sim_2",5
"sim_2",5
"sim_2",5
"sim_2",5
"sim_2",5
"sim_2",5
"sim_2",5
"sim_2",5
"sim_2",5
"sim_2",5
"sim_2",5
"sim_2",5
"sim_2",5
"sim_2",5
"sim_2",5
"sim_2",5
"sim_2",5
"sim_2",5
"sim_2",5
"sim_2",5
"sim_2",5
"sim_2",5
"sim_2",5
"sim_2",5
"sim_2",5
"sim_2",5
"sim_2",5
"sim_2",6
"sim_2",6
"sim_2",6
"sim_2",6
"sim_2",6
"sim_2",6
"sim_2",6
"sim_2",6
"sim_2",6
"sim_2",6
"sim_2",6
"sim_2",6
"sim_2",6
"sim_2",6
"sim_2",6
"sim_2",6
"sim_2",6
"sim_2",6
"sim_2",6
"sim_2",6
"sim_2",6
"sim_2",6
"sim_2",6
"sim_2",6
"sim_2",6
"sim_2",6
"sim_2",6
"sim_2",6
"sim_2",6
"sim_2",6
"sim_2",6
"sim_2",6
"sim_2",6
"sim_2",6
"sim_2",6
"sim_2",6
"sim_2",6
"sim_2",6
"sim_2",6
"sim_2",6
"sim_2",6
"sim_2",6
"sim_2",7
"sim_2",7
"sim_2",7
"sim_2",7
"sim_2",7
"sim_2",7
"sim_2",7
"sim_2",7
"sim_2",7
"sim_2",7
"sim_2",7
"sim_2",7
"sim_2",7
"sim_2",7
"sim_2",7
"sim_2",7
"sim_2",7
"sim_2",7
"sim_2",7
"sim_2",7
"sim_2",7
"sim_2",7
"sim_2",7
"sim_2",7
"sim_2",7
"sim_2",7
"sim_2",7
"sim_2",8
"sim_2",8
"sim_2",8
"sim_2",8
"sim_2",8
"sim_2",8
"sim_2",8
"sim_2",8
"sim_2",8
"sim_2",8
"sim_2",8
"sim_2",8
"sim_2",8
"sim_2",8
"sim_2",9
"sim_2",9
"sim_2",9
"sim_2",9
"sim_2",9
"sim_2",9
"sim_2",10
"sim_2",10
"sim_2",10
"sim_2",10
"sim_2",10
"sim_2",10
"sim_2",11
"sim_2",11
"sim_2",11
"sim_2",12
"sim_2",12
"sim_2",12
"sim_2",12
"sim_2",13
"sim_2",13
"sim_3",4
"sim_3",4
"sim_3",4
"sim_3",4
"sim_3",4
"sim_3",4
"sim_3",4
"sim_3",4
"sim_3",4
"sim_3",4
"sim_3",4
"sim_3",4
"sim_3",4
"sim_3",4
"sim_3",4
"sim_3",4
"sim_3",4
"sim_3",4
"sim_3",4
"sim_3",4
"sim_3",4
"sim_3",4
"sim_3",4
"sim_3",4
"sim_3",4
"sim_3",4
"sim_3",4
"sim_3",4
"sim_3",4
"sim_3",4
"sim_3",4
"sim_3",4
"sim_3",4
"sim_3",4
"sim_3",4
"sim_3",4
"sim_3",4
"sim_3",4
"sim_3",4
"sim_3",4
"sim_3",4
"sim_3",4
"sim_3",4
"sim_3",4
"sim_3",4
"sim_3",4
"sim_3",4
"sim_3",4
"sim_3",4
"sim_3",4
"sim_3",4
"sim_3",4
"sim_3",4
"sim_3",4
"sim_3",4
"sim_3",4
"sim_3",4
"sim_3",4
"sim_3",4
"sim_3",4
"sim_3",4
"sim_3",4
"sim_3",4
"sim_3",4
"sim_3",4
"sim_3",4
"sim_3",4
"sim_3",4
"sim_3",4
"sim_3",4
"sim_3",4
"sim_3",4
"sim_3",4
"sim_3",4
"sim_3",4
"sim_3",4
"sim_3",4
"sim_3",4
"sim_3",4
"sim_3",4
"sim_3",4
"sim_3",4
"sim_3",4
"sim_3",4
"sim_3",4
"sim_3",4
"sim_3",4
"sim_3",4
"sim_3",4
"sim_3",4
"sim_3",4
"sim_3",4
"sim_3",4
"sim_3",4
"sim_3",4
"sim_3",4
"sim_3",4
"sim_3",4
"sim_3",4
"sim_3",4
"sim_3",4
"sim_3",4
"sim_3",4
"sim_3",4
"sim_3",4
"sim_3",4
"sim_3",4
"sim_3",4
"sim_3",4
"sim_3",4
"sim_3",4
"sim_3",4
"sim_3",4
"sim_3",4
"sim_3",4
"sim_3",4
"sim_3",4
"sim_3",4
"sim_3",4
"sim_3",4
"sim_3",4
"sim_3",4
"sim_3",4
"sim_3",4
"sim_3",4
"sim_3",4
"sim_3",4
"sim_3",4
"sim_3",4
"sim_3",4
"sim_3",4
"sim_3",4
"sim_3",4
"sim_3",4
"sim_3",4
"sim_3",4
"sim_3",4
"sim_3",4
"sim_3",4
"sim_3",4
"sim_3",4
"sim_3",4
"sim_3",4
"sim_3",4
"sim_3",4
"sim_3",4
"sim_3",4
"sim_3",4
"sim_3",4
"sim_3",4
"sim_3",4
"sim_3",4
"sim_3",4
"sim_3",4
"sim_3",4
"sim_3",4
"sim_3",4
"sim_3",4
"sim_3",4
"sim_3",4
"sim_3",4
"sim_3",4
"sim_3",4
"sim_3",4
"sim_3",4
"sim_3",4
"sim_3",4
"sim_3",4
"sim_3",4
"sim_3",4
"sim_3",4
"sim_3",4
"sim_3",4
"sim_3",4
"sim_3",4
"sim_3",4
"sim_3",4
"sim_3",4
"sim_3",4
"sim_3",4
"sim_3",4
"sim_3",4
"sim_3",4
"sim_3",4
"sim_3",4
"sim_3",4
"sim_3",4
"sim_3",4
"sim_3",4
"sim_3",4
"sim_3",4
"sim_3",4
"sim_3",4
"sim_3",4
"sim_3",4
"sim_3",4
"sim_3",4
"sim_3",4
"sim_3",4
"sim_3",4
"sim_3",4
"sim_3",4
"sim_3",4
"sim_3",4
"sim_3",4
"sim_3",4
"sim_3",4
"sim_3",4
"sim_3",4
"sim_3",4
"sim_3",4
"sim_3",4
"sim_3",4
"sim_3",4
"sim_3",4
"sim_3",4
"sim_3",4
"sim_3",4
"sim_3",4
"sim_3",4
"sim_3",4
"sim_3",4
"sim_3",4
"sim_3",4
"sim_3",4
"sim_3",4
"sim_3",4
"sim_3",4
"sim_3",4
"sim_3",4
"sim_3",4
"sim_3",4
"sim_3",4
"sim_3",4
"sim_3",4
"sim_3",4
"sim_3",4
"sim_3",4
"sim_3",4
"sim_3",4
"sim_3",4
"sim_3",4
"sim_3",4
"sim_3",4
"sim_3",4
"sim_3",4
"sim_3",4
"sim_3",4
"sim_3",4
"sim_3",4
"sim_3",4
"sim_3",4
"sim_3",4
"sim_3",4
"sim_3",4
"sim_3",4
"sim_3",4
"sim_3",4
"sim_3",4
"sim_3",4
"sim_3",4
"sim_3",4
"sim_3",4
"sim_3",4
"sim_3",4
"sim_3",4
"sim_3",4
"sim_3",4
"sim_3",4
"sim_3",4
"sim_3",4
"sim_3",4
"sim_3",4
"sim_3",4
"sim_3",4
"sim_3",4
"sim_3",4
"sim_3",4
"sim_3",4
"sim_3",4
"sim_3",4
"sim_3",4
"sim_3",4
"sim_3",4
"sim_3",4
"sim_3",4
"sim_3",4
"sim_3",4
"sim_3",4
"sim_3",4
"sim_3",4
"sim_3",4
"sim_3",4
"sim_3",4
"sim_3",4
"sim_3",4
"sim_3",4
"sim_3",4
"sim_3",4
"sim_3",4
"sim_3",4
"sim_3",4
"sim_3",4
"sim_3",4
"sim_3",4
"sim_3",4
"sim_3",4
"sim_3",4
"sim_3",4
"sim_3",4
"sim_3",4
"sim_3",4
"sim_3",4
"sim_3",4
"sim_3",4
"sim_3",4
"sim_3",4
"sim_3",4
"sim_3",4
"sim_3",4
"sim_3",4
"sim_3",4
"sim_3",4
"sim_3",4
"sim_3",4
"sim_3",4
"sim_3",4
"sim_3",4
"sim_3",4
"sim_3",4
"sim_3",4
"sim_3",4
"sim_3",4
"sim_3",4
"sim_3",4
"sim_3",4
"sim_3",4
"sim_3",4
"sim_3",4
"sim_3",4
"sim_3",4
"sim_3",4
"sim_3",4
"sim_3",4
"sim_3",4
"sim_3",4
"sim_3",4
"sim_3",4
"sim_3",4
"sim_3",4
"sim_3",4
"sim_3",4
"sim_3",4
"sim_3",4
"sim_3",4
"sim_3",4
"sim_3",4
"sim_3",4
"sim_3",4
"sim_3",4
"sim_3",4
"sim_3",4
"sim_3",4
"sim_3",4
"sim_3",4
"sim_3",4
"sim_3",4
"sim_3",4
"sim_3",4
"sim_3",4
"sim_3",4
"sim_3",4
"sim_3",4
"sim_3",4
"sim_3",4
"sim_3",4
"sim_3",4
"sim_3",4
"sim_3",4
"sim_3",4
"sim_3",4
"sim_3",4
"sim_3",4
"sim_3",4
"sim_3",4
"sim_3",4
"sim_3",4
"sim_3",4
"sim_3",5
"sim_3",5
"sim_3",5
"sim_3",5
"sim_3",5
"sim_3",5
"sim_3",5
"sim_3",5
"sim_3",5
"sim_3",5
"sim_3",5
"sim_3",5
"sim_3",5
"sim_3",5
"sim_3",5
"sim_3",5
"sim_3",5
"sim_3",5
"sim_3",5
"sim_3",5
"sim_3",5
"sim_3",5
"sim_3",5
"sim_3",5
"sim_3",5
"sim_3",5
"sim_3",5
"sim_3",5
"sim_3",5
"sim_3",5
"sim_3",5
"sim_3",5
"sim_3",5
"sim_3",5
"sim_3",5
"sim_3",5
"sim_3",5
"sim_3",5
"sim_3",5
"sim_3",5
"sim_3",5
"sim_3",5
"sim_3",5
"sim_3",5
"sim_3",5
"sim_3",5
"sim_3",5
"sim_3",5
"sim_3",5
"sim_3",5
"sim_3",5
"sim_3",5
"sim_3",5
"sim_3",5
"sim_3",5
"sim_3",5
"sim_3",5
"sim_3",5
"sim_3",5
"sim_3",5
"sim_3",5
"sim_3",5
"sim_3",5
"sim_3",5
"sim_3",5
"sim_3",5
"sim_3",5
"sim_3",5
"sim_3",5
"sim_3",5
"sim_3",5
"sim_3",5
"sim_3",5
"sim_3",5
"sim_3",5
"sim_3",5
"sim_3",5
"sim_3",5
"sim_3",5
"sim_3",5
"sim_3",5
"sim_3",6
"sim_3",6
"sim_3",6
"sim_3",6
"sim_3",6
"sim_3",6
"sim_3",6
"sim_3",6
"sim_3",6
"sim_3",6
"sim_3",6
"sim_3",6
"sim_3",6
"sim_3",6
"sim_3",6
"sim_3",6
"sim_3",6
"sim_3",6
"sim_3",6
"sim_3",6
"sim_3",6
"sim_3",6
"sim_3",6
"sim_3",6
"sim_3",6
"sim_3",6
"sim_3",6
"sim_3",6
"sim_3",6
"sim_3",6
"sim_3",6
"sim_3",6
"sim_3",6
"sim_3",6
"sim_3",6
"sim_3",6
"sim_3",6
"sim_3",6
"sim_3",6
"sim_3",6
"sim_3",6
"sim_3",6
"sim_3",6
"sim_3",6
"sim_3",6
"sim_3",6
"sim_3",6
"sim_3",6
"sim_3",6
"sim_3",6
"sim_3",6
"sim_3",6
"sim_3",6
"sim_3",7
"sim_3",7
"sim_3",7
"sim_3",7
"sim_3",7
"sim_3",7
"sim_3",7
"sim_3",7
"sim_3",7
"sim_3",7
"sim_3",7
"sim_3",7
"sim_3",7
"sim_3",7
"sim_3",7
"sim_3",7
"sim_3",7
"sim_3",8
"sim_3",8
"sim_3",8
"sim_3",8
"sim_3",8
"sim_3",8
"sim_3",9
"sim_3",9
"sim_3",9
"sim_3",9
"sim_3",9
"sim_3",9
"sim_3",9
"sim_3",9
"sim_3",9
"sim_3",9
"sim_3",9
"sim_3",9
"sim_3",9
"sim_3",9
"sim_3",9
"sim_3",10
"sim_3",10
"sim_3",10
"sim_3",11
"sim_3",11
"sim_3",11
"sim_4",4
"sim_4",4
"sim_4",4
"sim_4",4
"sim_4",4
"sim_4",4
"sim_4",4
"sim_4",4
"sim_4",4
"sim_4",4
"sim_4",4
"sim_4",4
"sim_4",4
"sim_4",4
"sim_4",4
"sim_4",4
"sim_4",4
"sim_4",4
"sim_4",4
"sim_4",4
"sim_4",4
"sim_4",4
"sim_4",4
"sim_4",4
"sim_4",4
"sim_4",4
"sim_4",4
"sim_4",4
"sim_4",4
"sim_4",4
"sim_4",4
"sim_4",4
"sim_4",4
"sim_4",4
"sim_4",4
"sim_4",4
"sim_4",4
"sim_4",4
"sim_4",4
"sim_4",4
"sim_4",4
"sim_4",4
"sim_4",4
"sim_4",4
"sim_4",4
"sim_4",4
"sim_4",4
"sim_4",4
"sim_4",4
"sim_4",4
"sim_4",4
"sim_4",4
"sim_4",4
"sim_4",4
"sim_4",4
"sim_4",4
"sim_4",4
"sim_4",4
"sim_4",4
"sim_4",4
"sim_4",4
"sim_4",4
"sim_4",4
"sim_4",4
"sim_4",4
"sim_4",4
"sim_4",4
"sim_4",4
"sim_4",4
"sim_4",4
"sim_4",4
"sim_4",4
"sim_4",4
"sim_4",4
"sim_4",4
"sim_4",4
"sim_4",4
"sim_4",4
"sim_4",4
"sim_4",4
"sim_4",4
"sim_4",4
"sim_4",4
"sim_4",4
"sim_4",4
"sim_4",4
"sim_4",4
"sim_4",4
"sim_4",4
"sim_4",4
"sim_4",4
"sim_4",4
"sim_4",4
"sim_4",4
"sim_4",4
"sim_4",4
"sim_4",4
"sim_4",4
"sim_4",4
"sim_4",4
"sim_4",4
"sim_4",4
"sim_4",4
"sim_4",4
"sim_4",4
"sim_4",4
"sim_4",4
"sim_4",4
"sim_4",4
"sim_4",4
"sim_4",4
"sim_4",4
"sim_4",4
"sim_4",4
"sim_4",4
"sim_4",4
"sim_4",4
"sim_4",4
"sim_4",4
"sim_4",4
"sim_4",4
"sim_4",4
"sim_4",4
"sim_4",4
"sim_4",4
"sim_4",4
"sim_4",4
"sim_4",4
"sim_4",4
"sim_4",4
"sim_4",4
"sim_4",4
"sim_4",4
"sim_4",4
"sim_4",4
"sim_4",4
"sim_4",4
"sim_4",4
"sim_4",4
"sim_4",4
"sim_4",4
"sim_4",4
"sim_4",4
"sim_4",4
"sim_4",4
"sim_4",4
"sim_4",4
"sim_4",4
"sim_4",4
"sim_4",4
"sim_4",4
"sim_4",4
"sim_4",4
"sim_4",4
"sim_4",4
"sim_4",4
"sim_4",4
"sim_4",4
"sim_4",4
"sim_4",4
"sim_4",4
"sim_4",4
"sim_4",4
"sim_4",4
"sim_4",4
"sim_4",4
"sim_4",4
"sim_4",4
"sim_4",4
"sim_4",4
"sim_4",4
"sim_4",4
"sim_4",4
"sim_4",4
"sim_4",4
"sim_4",4
"sim_4",4
"sim_4",4
"sim_4",4
"sim_4",4
"sim_4",4
"sim_4",4
"sim_4",4
"sim_4",4
"sim_4",4
"sim_4",4
"sim_4",4
"sim_4",4
"sim_4",4
"sim_4",4
"sim_4",4
"sim_4",4
"sim_4",4
"sim_4",4
"sim_4",4
"sim_4",4
"sim_4",4
"sim_4",4
"sim_4",4
"sim_4",4
"sim_4",4
"sim_4",4
"sim_4",4
"sim_4",4
"sim_4",4
"sim_4",4
"sim_4",4
"sim_4",4
"sim_4",4
"sim_4",4
"sim_4",4
"sim_4",4
"sim_4",4
"sim_4",4
"sim_4",4
"sim_4",4
"sim_4",4
"sim_4",4
"sim_4",4
"sim_4",4
"sim_4",4
"sim_4",4
"sim_4",4
"sim_4",4
"sim_4",4
"sim_4",4
"sim_4",4
"sim_4",4
"sim_4",4
"sim_4",4
"sim_4",4
"sim_4",4
"sim_4",4
"sim_4",4
"sim_4",4
"sim_4",4
"sim_4",4
"sim_4",4
"sim_4",4
"sim_4",4
"sim_4",4
"sim_4",4
"sim_4",4
"sim_4",4
"sim_4",4
"sim_4",4
"sim_4",4
"sim_4",4
"sim_4",4
"sim_4",4
"sim_4",4
"sim_4",4
"sim_4",4
"sim_4",4
"sim_4",4
"sim_4",4
"sim_4",4
"sim_4",4
"sim_4",4
"sim_4",4
"sim_4",4
"sim_4",4
"sim_4",4
"sim_4",4
"sim_4",4
"sim_4",4
"sim_4",4
"sim_4",4
"sim_4",4
"sim_4",4
"sim_4",4
"sim_4",4
"sim_4",4
"sim_4",4
"sim_4",4
"sim_4",4
"sim_4",4
"sim_4",4
"sim_4",4
"sim_4",4
"sim_4",4
"sim_4",4
"sim_4",4
"sim_4",4
"sim_4",4
"sim_4",4
"sim_4",4
"sim_4",4
"sim_4",4
"sim_4",4
"sim_4",4
"sim_4",4
"sim_4",4
"sim_4",4
"sim_4",4
"sim_4",4
"sim_4",4
"sim_4",4
"sim_4",4
"sim_4",4
"sim_4",4
"sim_4",4
"sim_4",4
"sim_4",4
"sim_4",4
"sim_4",4
"sim_4",4
"sim_4",4
"sim_4",4
"sim_4",4
"sim_4",4
"sim_4",4
"sim_4",4
"sim_4",4
"sim_4",4
"sim_4",4
"sim_4",4
"sim_4",4
"sim_4",4
"sim_4",4
"sim_4",4
"sim_4",4
"sim_4",4
"sim_4",4
"sim_4",4
"sim_4",4
"sim_4",4
"sim_4",4
"sim_4",4
"sim_4",4
"sim_4",4
"sim_4",4
"sim_4",4
"sim_4",4
"sim_4",4
"sim_4",4
"sim_4",4
"sim_4",4
"sim_4",4
"sim_4",4
"sim_4",4
"sim_4",4
"sim_4",4
"sim_4",4
"sim_4",4
"sim_4",4
"sim_4",4
"sim_4",4
"sim_4",4
"sim_4",4
"sim_4",4
"sim_4",4
"sim_4",4
"sim_4",4
"sim_4",4
"sim_4",4
"sim_4",4
"sim_4",4
"sim_4",4
"sim_4",4
"sim_4",4
"sim_4",4
"sim_4",4
"sim_4",4
"sim_4",4
"sim_4",4
"sim_4",4
"sim_4",4
"sim_4",4
"sim_4",4
"sim_4",4
"sim_4",4
"sim_4",4
"sim_4",4
"sim_4",4
"sim_4",4
"sim_4",4
"sim_4",4
"sim_4",4
"sim_4",4
"sim_4",4
"sim_4",4
"sim_4",4
"sim_4",4
"sim_4",5
"sim_4",5
"sim_4",5
"sim_4",5
"sim_4",5
"sim_4",5
"sim_4",5
"sim_4",5
"sim_4",5
"sim_4",5
"sim_4",5
"sim_4",5
"sim_4",5
"sim_4",5
"sim_4",5
"sim_4",5
"sim_4",5
"sim_4",5
"sim_4",5
"sim_4",5
"sim_4",5
"sim_4",5
"sim_4",5
"sim_4",5
"sim_4",5
"sim_4",5
"sim_4",5
"sim_4",5
"sim_4",5
"sim_4",5
"sim_4",5
"sim_4",5
"sim_4",5
"sim_4",5
"sim_4",5
"sim_4",5
"sim_4",5
"sim_4",5
"sim_4",5
"sim_4",5
"sim_4",5
"sim_4",5
"sim_4",5
"sim_4",5
"sim_4",5
"sim_4",5
"sim_4",5
"sim_4",5
"sim_4",5
"sim_4",5
"sim_4",5
"sim_4",5
"sim_4",5
"sim_4",5
"sim_4",5
"sim_4",5
"sim_4",5
"sim_4",5
"sim_4",5
"sim_4",5
"sim_4",5
"sim_4",5
"sim_4",5
"sim_4",5
"sim_4",5
"sim_4",5
"sim_4",5
"sim_4",5
"sim_4",5
"sim_4",5
"sim_4",5
"sim_4",5
"sim_4",5
"sim_4",5
"sim_4",5
"sim_4",5
"sim_4",5
"sim_4",5
"sim_4",5
"sim_4",5
"sim_4",5
"sim_4",5
"sim_4",5
"sim_4",5
"sim_4",5
"sim_4",5
"sim_4",5
"sim_4",5
"sim_4",5
"sim_4",5
"sim_4",5
"sim_4",5
"sim_4",5
"sim_4",5
"sim_4",5
"sim_4",6
"sim_4",6
"sim_4",6
"sim_4",6
"sim_4",6
"sim_4",6
"sim_4",6
"sim_4",6
"sim_4",6
"sim_4",6
"sim_4",6
"sim_4",6
"sim_4",6
"sim_4",6
"sim_4",6
"sim_4",6
"sim_4",6
"sim_4",6
"sim_4",6
"sim_4",6
"sim_4",6
"sim_4",6
"sim_4",6
"sim_4",6
"sim_4",6
"sim_4",6
"sim_4",6
"sim_4",6
"sim_4",6
"sim_4",6
"sim_4",6
"sim_4",6
"sim_4",6
"sim_4",6
"sim_4",6
"sim_4",6
"sim_4",6
"sim_4",6
"sim_4",6
"sim_4",6
"sim_4",6
"sim_4",6
"sim_4",6
"sim_4",6
"sim_4",6
"sim_4",6
"sim_4",6
"sim_4",6
"sim_4",6
"sim_4",6
"sim_4",6
"sim_4",6
"sim_4",7
"sim_4",7
"sim_4",7
"sim_4",7
"sim_4",7
"sim_4",7
"sim_4",7
"sim_4",7
"sim_4",7
"sim_4",7
"sim_4",7
"sim_4",7
"sim_4",7
"sim_4",7
"sim_4",7
"sim_4",7
"sim_4",7
"sim_4",7
"sim_4",7
"sim_4",7
"sim_4",7
"sim_4",7
"sim_4",7
"sim_4",7
"sim_4",7
"sim_4",8
"sim_4",8
"sim_4",8
"sim_4",8
"sim_4",8
"sim_4",8
"sim_4",9
"sim_4",9
"sim_4",9
"sim_4",9
"sim_5",4
"sim_5",4
"sim_5",4
"sim_5",4
"sim_5",4
"sim_5",4
"sim_5",4
"sim_5",4
"sim_5",4
"sim_5",4
"sim_5",4
"sim_5",4
"sim_5",4
"sim_5",4
"sim_5",4
"sim_5",4
"sim_5",4
"sim_5",4
"sim_5",4
"sim_5",4
"sim_5",4
"sim_5",4
"sim_5",4
"sim_5",4
"sim_5",4
"sim_5",4
"sim_5",4
"sim_5",4
"sim_5",4
"sim_5",4
"sim_5",4
"sim_5",4
"sim_5",4
"sim_5",4
"sim_5",4
"sim_5",4
"sim_5",4
"sim_5",4
"sim_5",4
"sim_5",4
"sim_5",4
"sim_5",4
"sim_5",4
"sim_5",4
"sim_5",4
"sim_5",4
"sim_5",4
"sim_5",4
"sim_5",4
"sim_5",4
"sim_5",4
"sim_5",4
"sim_5",4
"sim_5",4
"sim_5",4
"sim_5",4
"sim_5",4
"sim_5",4
"sim_5",4
"sim_5",4
"sim_5",4
"sim_5",4
"sim_5",4
"sim_5",4
"sim_5",4
"sim_5",4
"sim_5",4
"sim_5",4
"sim_5",4
"sim_5",4
"sim_5",4
"sim_5",4
"sim_5",4
"sim_5",4
"sim_5",4
"sim_5",4
"sim_5",4
"sim_5",4
"sim_5",4
"sim_5",4
"sim_5",4
"sim_5",4
"sim_5",4
"sim_5",4
"sim_5",4
"sim_5",4
"sim_5",4
"sim_5",4
"sim_5",4
"sim_5",4
"sim_5",4
"sim_5",4
"sim_5",4
"sim_5",4
"sim_5",4
"sim_5",4
"sim_5",4
"sim_5",4
"sim_5",4
"sim_5",4
"sim_5",4
"sim_5",4
"sim_5",4
"sim_5",4
"sim_5",4
"sim_5",4
"sim_5",4
"sim_5",4
"sim_5",4
"sim_5",4
"sim_5",4
"sim_5",4
"sim_5",4
"sim_5",4
"sim_5",4
"sim_5",4
"sim_5",4
"sim_5",4
"sim_5",4
"sim_5",4
"sim_5",4
"sim_5",4
"sim_5",4
"sim_5",4
"sim_5",4
"sim_5",4
"sim_5",4
"sim_5",4
"sim_5",4
"sim_5",4
"sim_5",4
"sim_5",4
"sim_5",4
"sim_5",4
"sim_5",4
"sim_5",4
"sim_5",4
"sim_5",4
"sim_5",4
"sim_5",4
"sim_5",4
"sim_5",4
"sim_5",4
"sim_5",4
"sim_5",4
"sim_5",4
"sim_5",4
"sim_5",4
"sim_5",4
"sim_5",4
"sim_5",4
"sim_5",4
"sim_5",4
"sim_5",4
"sim_5",4
"sim_5",4
"sim_5",4
"sim_5",4
"sim_5",4
"sim_5",4
"sim_5",4
"sim_5",4
"sim_5",4
"sim_5",4
"sim_5",4
"sim_5",4
"sim_5",4
"sim_5",4
"sim_5",4
"sim_5",4
"sim_5",4
"sim_5",4
"sim_5",4
"sim_5",4
"sim_5",4
"sim_5",4
"sim_5",4
"sim_5",4
"sim_5",4
"sim_5",4
"sim_5",4
"sim_5",4
"sim_5",4
"sim_5",4
"sim_5",4
"sim_5",4
"sim_5",4
"sim_5",4
"sim_5",4
"sim_5",4
"sim_5",4
"sim_5",4
"sim_5",4
"sim_5",4
"sim_5",4
"sim_5",4
"sim_5",4
"sim_5",4
"sim_5",4
"sim_5",4
"sim_5",4
"sim_5",4
"sim_5",4
"sim_5",4
"sim_5",4
"sim_5",4
"sim_5",4
"sim_5",4
"sim_5",4
"sim_5",4
"sim_5",4
"sim_5",4
"sim_5",4
"sim_5",4
"sim_5",4
"sim_5",4
"sim_5",4
"sim_5",4
"sim_5",4
"sim_5",4
"sim_5",4
"sim_5",4
"sim_5",4
"sim_5",4
"sim_5",4
"sim_5",4
"sim_5",4
"sim_5",4
"sim_5",4
"sim_5",4
"sim_5",4
"sim_5",4
"sim_5",4
"sim_5",4
"sim_5",4
"sim_5",4
"sim_5",4
"sim_5",4
"sim_5",4
"sim_5",4
"sim_5",4
"sim_5",4
"sim_5",4
"sim_5",4
"sim_5",4
"sim_5",4
"sim_5",4
"sim_5",4
"sim_5",4
"sim_5",4
"sim_5",4
"sim_5",4
"sim_5",4
"sim_5",4
"sim_5",4
"sim_5",4
"sim_5",4
"sim_5",4
"sim_5",4
"sim_5",4
"sim_5",4
"sim_5",4
"sim_5",4
"sim_5",4
"sim_5",4
"sim_5",4
"sim_5",4
"sim_5",4
"sim_5",4
"sim_5",4
"sim_5",4
"sim_5",4
"sim_5",4
"sim_5",4
"sim_5",4
"sim_5",4
"sim_5",4
"sim_5",4
"sim_5",4
"sim_5",4
"sim_5",4
"sim_5",4
"sim_5",4
"sim_5",4
"sim_5",4
"sim_5",4
"sim_5",4
"sim_5",4
"sim_5",4
"sim_5",4
"sim_5",4
"sim_5",4
"sim_5",4
"sim_5",4
"sim_5",4
"sim_5",4
"sim_5",4
"sim_5",4
"sim_5",4
"sim_5",4
"sim_5",4
"sim_5",4
"sim_5",4
"sim_5",4
"sim_5",4
"sim_5",4
"sim_5",4
"sim_5",4
"sim_5",4
"sim_5",4
"sim_5",4
"sim_5",4
"sim_5",4
"sim_5",4
"sim_5",4
"sim_5",4
"sim_5",4
"sim_5",4
"sim_5",4
"sim_5",4
"sim_5",4
"sim_5",4
"sim_5",4
"sim_5",4
"sim_5",4
"sim_5",4
"sim_5",4
"sim_5",4
"sim_5",4
"sim_5",4
"sim_5",4
"sim_5",4
"sim_5",4
"sim_5",4
"sim_5",4
"sim_5",4
"sim_5",4
"sim_5",4
"sim_5",4
"sim_5",4
"sim_5",4
"sim_5",4
"sim_5",4
"sim_5",4
"sim_5",4
"sim_5",4
"sim_5",4
"sim_5",4
"sim_5",4
"sim_5",4
"sim_5",4
"sim_5",4
"sim_5",4
"sim_5",4
"sim_5",4
"sim_5",4
"sim_5",4
"sim_5",4
"sim_5",4
"sim_5",4
"sim_5",4
"sim_5",4
"sim_5",4
"sim_5",4
"sim_5",4
"sim_5",4
"sim_5",4
"sim_5",4
"sim_5",4
"sim_5",5
"sim_5",5
"sim_5",5
"sim_5",5
"sim_5",5
"sim_5",5
"sim_5",5
"sim_5",5
"sim_5",5
"sim_5",5
"sim_5",5
"sim_5",5
"sim_5",5
"sim_5",5
"sim_5",5
"sim_5",5
"sim_5",5
"sim_5",5
"sim_5",5
"sim_5",5
"sim_5",5
"sim_5",5
"sim_5",5
"sim_5",5
"sim_5",5
"sim_5",5
"sim_5",5
"sim_5",5
"sim_5",5
"sim_5",5
"sim_5",5
"sim_5",5
"sim_5",5
"sim_5",5
"sim_5",5
"sim_5",5
"sim_5",5
"sim_5",5
"sim_5",5
"sim_5",5
"sim_5",5
"sim_5",5
"sim_5",5
"sim_5",5
"sim_5",5
"sim_5",5
"sim_5",5
"sim_5",5
"sim_5",5
"sim_5",5
"sim_5",5
"sim_5",5
"sim_5",5
"sim_5",5
"sim_5",5
"sim_5",5
"sim_5",5
"sim_5",5
"sim_5",5
"sim_5",5
"sim_5",5
"sim_5",5
"sim_5",5
"sim_5",5
"sim_5",5
"sim_5",5
"sim_5",5
"sim_5",5
"sim_5",5
"sim_5",5
"sim_5",5
"sim_5",5
"sim_5",5
"sim_5",5
"sim_5",5
"sim_5",5
"sim_5",5
"sim_5",5
"sim_5",5
"sim_5",5
"sim_5",5
"sim_5",5
"sim_5",5
"sim_5",5
"sim_5",5
"sim_5",5
"sim_5",5
"sim_5",5
"sim_5",5
"sim_5",5
"sim_5",5
"sim_5",5
"sim_5",5
"sim_5",5
"sim_5",5
"sim_5",5
"sim_5",5
"sim_5",5
"sim_5",5
"sim_5",6
"sim_5",6
"sim_5",6
"sim_5",6
"sim_5",6
"sim_5",6
"sim_5",6
"sim_5",6
"sim_5",6
"sim_5",6
"sim_5",6
"sim_5",6
"sim_5",6
"sim_5",6
"sim_5",6
"sim_5",6
"sim_5",6
"sim_5",6
"sim_5",6
"sim_5",6
"sim_5",6
"sim_5",6
"sim_5",6
"sim_5",6
"sim_5",6
"sim_5",6
"sim_5",6
"sim_5",6
"sim_5",6
"sim_5",6
"sim_5",6
"sim_5",6
"sim_5",6
"sim_5",6
"sim_5",6
"sim_5",6
"sim_5",7
"sim_5",7
"sim_5",7
"sim_5",7
"sim_5",7
"sim_5",7
"sim_5",7
"sim_5",7
"sim_5",7
"sim_5",7
"sim_5",7
"sim_5",7
"sim_5",7
"sim_5",7
"sim_5",7
"sim_5",7
"sim_5",7
"sim_5",7
"sim_5",7
"sim_5",7
"sim_5",7
"sim_5",8
"sim_5",8
"sim_5",8
"sim_5",8
"sim_5",8
"sim_5",8
"sim_5",8
"sim_5",8
"sim_5",8
"sim_5",8
"sim_5",8
"sim_5",8
"sim_5",8
"sim_5",8
"sim_5",8
"sim_5",8
"sim_5",9
"sim_5",9
"sim_5",9
"sim_5",9
"sim_5",9
"sim_5",9
"sim_5",9
"sim_5",9
"sim_5",9
"sim_5",9
"sim_5",9
"sim_5",9
"sim_5",9
"sim_5",10
"sim_5",10
"sim_5",10
"sim_5",10
"sim_5",10
"sim_5",10
"sim_5",10
"sim_5",10
"sim_5",11
"sim_5",11
"sim_5",12
"sim_5",13
"sim_6",4
"sim_6",4
"sim_6",4
"sim_6",4
"sim_6",4
"sim_6",4
"sim_6",4
"sim_6",4
"sim_6",4
"sim_6",4
"sim_6",4
"sim_6",4
"sim_6",4
"sim_6",4
"sim_6",4
"sim_6",4
"sim_6",4
"sim_6",4
"sim_6",4
"sim_6",4
"sim_6",4
"sim_6",4
"sim_6",4
"sim_6",4
"sim_6",4
"sim_6",4
"sim_6",4
"sim_6",4
"sim_6",4
"sim_6",4
"sim_6",4
"sim_6",4
"sim_6",4
"sim_6",4
"sim_6",4
"sim_6",4
"sim_6",4
"sim_6",4
"sim_6",4
"sim_6",4
"sim_6",4
"sim_6",4
"sim_6",4
"sim_6",4
"sim_6",4
"sim_6",4
"sim_6",4
"sim_6",4
"sim_6",4
"sim_6",4
"sim_6",4
"sim_6",4
"sim_6",4
"sim_6",4
"sim_6",4
"sim_6",4
"sim_6",4
"sim_6",4
"sim_6",4
"sim_6",4
"sim_6",4
"sim_6",4
"sim_6",4
"sim_6",4
"sim_6",4
"sim_6",4
"sim_6",4
"sim_6",4
"sim_6",4
"sim_6",4
"sim_6",4
"sim_6",4
"sim_6",4
"sim_6",4
"sim_6",4
"sim_6",4
"sim_6",4
"sim_6",4
"sim_6",4
"sim_6",4
"sim_6",4
"sim_6",4
"sim_6",4
"sim_6",4
"sim_6",4
"sim_6",4
"sim_6",4
"sim_6",4
"sim_6",4
"sim_6",4
"sim_6",4
"sim_6",4
"sim_6",4
"sim_6",4
"sim_6",4
"sim_6",4
"sim_6",4
"sim_6",4
"sim_6",4
"sim_6",4
"sim_6",4
"sim_6",4
"sim_6",4
"sim_6",4
"sim_6",4
"sim_6",4
"sim_6",4
"sim_6",4
"sim_6",4
"sim_6",4
"sim_6",4
"sim_6",4
"sim_6",4
"sim_6",4
"sim_6",4
"sim_6",4
"sim_6",4
"sim_6",4
"sim_6",4
"sim_6",4
"sim_6",4
"sim_6",4
"sim_6",4
"sim_6",4
"sim_6",4
"sim_6",4
"sim_6",4
"sim_6",4
"sim_6",4
"sim_6",4
"sim_6",4
"sim_6",4
"sim_6",4
"sim_6",4
"sim_6",4
"sim_6",4
"sim_6",4
"sim_6",4
"sim_6",4
"sim_6",4
"sim_6",4
"sim_6",4
"sim_6",4
"sim_6",4
"sim_6",4
"sim_6",4
"sim_6",4
"sim_6",4
"sim_6",4
"sim_6",4
"sim_6",4
"sim_6",4
"sim_6",4
"sim_6",4
"sim_6",4
"sim_6",4
"sim_6",4
"sim_6",4
"sim_6",4
"sim_6",4
"sim_6",4
"sim_6",4
"sim_6",4
"sim_6",4
"sim_6",4
"sim_6",4
"sim_6",4
"sim_6",4
"sim_6",4
"sim_6",4
"sim_6",4
"sim_6",4
"sim_6",4
"sim_6",4
"sim_6",4
"sim_6",4
"sim_6",4
"sim_6",4
"sim_6",4
"sim_6",4
"sim_6",4
"sim_6",4
"sim_6",4
"sim_6",4
"sim_6",4
"sim_6",4
"sim_6",4
"sim_6",4
"sim_6",4
"sim_6",4
"sim_6",4
"sim_6",4
"sim_6",4
"sim_6",4
"sim_6",4
"sim_6",4
"sim_6",4
"sim_6",4
"sim_6",4
"sim_6",4
"sim_6",4
"sim_6",4
"sim_6",4
"sim_6",4
"sim_6",4
"sim_6",4
"sim_6",4
"sim_6",4
"sim_6",4
"sim_6",4
"sim_6",4
"sim_6",4
"sim_6",4
"sim_6",4
"sim_6",4
"sim_6",4
"sim_6",4
"sim_6",4
"sim_6",4
"sim_6",4
"sim_6",4
"sim_6",4
"sim_6",4
"sim_6",4
"sim_6",4
"sim_6",4
"sim_6",4
"sim_6",4
"sim_6",4
"sim_6",4
"sim_6",4
"sim_6",4
"sim_6",4
"sim_6",4
"sim_6",4
"sim_6",4
"sim_6",4
"sim_6",4
"sim_6",4
"sim_6",4
"sim_6",4
"sim_6",4
"sim_6",4
"sim_6",4
"sim_6",4
"sim_6",4
"sim_6",4
"sim_6",4
"sim_6",4
"sim_6",4
"sim_6",4
"sim_6",4
"sim_6",4
"sim_6",4
"sim_6",4
"sim_6",4
"sim_6",4
"sim_6",4
"sim_6",4
"sim_6",4
"sim_6",4
"sim_6",4
"sim_6",4
"sim_6",4
"sim_6",4
"sim_6",4
"sim_6",4
"sim_6",4
"sim_6",4
"sim_6",4
"sim_6",4
"sim_6",4
"sim_6",4
"sim_6",4
"sim_6",4
"sim_6",4
"sim_6",4
"sim_6",4
"sim_6",4
"sim_6",4
"sim_6",4
"sim_6",4
"sim_6",4
"sim_6",4
"sim_6",4
"sim_6",4
"sim_6",4
"sim_6",4
"sim_6",4
"sim_6",4
"sim_6",4
"sim_6",4
"sim_6",4
"sim_6",4
"sim_6",4
"sim_6",4
"sim_6",4
"sim_6",4
"sim_6",4
"sim_6",4
"sim_6",4
"sim_6",4
"sim_6",4
"sim_6",4
"sim_6",4
"sim_6",4
"sim_6",4
"sim_6",4
"sim_6",4
"sim_6",4
"sim_6",4
"sim_6",4
"sim_6",4
"sim_6",4
"sim_6",4
"sim_6",4
"sim_6",4
"sim_6",4
"sim_6",4
"sim_6",4
"sim_6",4
"sim_6",4
"sim_6",4
"sim_6",4
"sim_6",4
"sim_6",4
"sim_6",4
"sim_6",4
"sim_6",4
"sim_6",4
"sim_6",4
"sim_6",4
"sim_6",4
"sim_6",4
"sim_6",4
"sim_6",4
"sim_6",4
"sim_6",4
"sim_6",4
"sim_6",4
"sim_6",4
"sim_6",4
"sim_6",4
"sim_6",4
"sim_6",4
"sim_6",4
"sim_6",4
"sim_6",4
"sim_6",4
"sim_6",4
"sim_6",4
"sim_6",4
"sim_6",4
"sim_6",4
"sim_6",4
"sim_6",4
"sim_6",4
"sim_6",4
"sim_6",4
"sim_6",4
"sim_6",4
"sim_6",4
"sim_6",4
"sim_6",4
"sim_6",4
"sim_6",4
"sim_6",4
"sim_6",4
"sim_6",4
"sim_6",4
"sim_6",4
"sim_6",4
"sim_6",4
"sim_6",4
"sim_6",4
"sim_6",4
"sim_6",4
"sim_6",4
"sim_6",4
"sim_6",4
"sim_6",4
"sim_6",4
"sim_6",5
"sim_6",5
"sim_6",5
"sim_6",5
"sim_6",5
"sim_6",5
"sim_6",5
"sim_6",5
"sim_6",5
"sim_6",5
"sim_6",5
"sim_6",5
"sim_6",5
"sim_6",5
"sim_6",5
"sim_6",5
"sim_6",5
"sim_6",5
"sim_6",5
"sim_6",5
"sim_6",5
"sim_6",5
"sim_6",5
"sim_6",5
"sim_6",5
"sim_6",5
"sim_6",5
"sim_6",5
"sim_6",5
"sim_6",5
"sim_6",5
"sim_6",5
"sim_6",5
"sim_6",5
"sim_6",5
"sim_6",5
"sim_6",5
"sim_6",5
"sim_6",5
"sim_6",5
"sim_6",5
"sim_6",5
"sim_6",5
"sim_6",5
"sim_6",5
"sim_6",5
"sim_6",5
"sim_6",5
"sim_6",5
"sim_6",5
"sim_6",5
"sim_6",5
"sim_6",5
"sim_6",5
"sim_6",5
"sim_6",5
"sim_6",5
"sim_6",5
"sim_6",5
"sim_6",5
"sim_6",5
"sim_6",5
"sim_6",5
"sim_6",5
"sim_6",5
"sim_6",5
"sim_6",5
"sim_6",5
"sim_6",5
"sim_6",5
"sim_6",5
"sim_6",5
"sim_6",5
"sim_6",5
"sim_6",5
"sim_6",5
"sim_6",5
"sim_6",5
"sim_6",5
"sim_6",5
"sim_6",5
"sim_6",5
"sim_6",5
"sim_6",5
"sim_6",5
"sim_6",5
"sim_6",5
"sim_6",5
"sim_6",5
"sim_6",5
"sim_6",5
"sim_6",5
"sim_6",5
"sim_6",5
"sim_6",5
"sim_6",5
"sim_6",5
"sim_6",6
"sim_6",6
"sim_6",6
"sim_6",6
"sim_6",6
"sim_6",6
"sim_6",6
"sim_6",6
"sim_6",6
"sim_6",6
"sim_6",6
"sim_6",6
"sim_6",6
"sim_6",6
"sim_6",6
"sim_6",6
"sim_6",6
"sim_6",6
"sim_6",6
"sim_6",6
"sim_6",6
"sim_6",6
"sim_6",6
"sim_6",6
"sim_6",6
"sim_6",6
"sim_6",6
"sim_6",6
"sim_6",6
"sim_6",6
"sim_6",6
"sim_6",6
"sim_6",6
"sim_6",6
"sim_6",7
"sim_6",7
"sim_6",7
"sim_6",7
"sim_6",7
"sim_6",7
"sim_6",7
"sim_6",7
"sim_6",7
"sim_6",7
"sim_6",7
"sim_6",8
"sim_6",8
"sim_6",8
"sim_6",8
"sim_6",8
"sim_6",8
"sim_6",8
"sim_6",8
"sim_6",8
"sim_6",8
"sim_6",8
"sim_6",8
"sim_6",8
"sim_6",8
"sim_6",8
"sim_6",8
"sim_6",8
"sim_6",8
"sim_6",9
"sim_6",9
"sim_6",10
"sim_6",10
"sim_6",10
"sim_6",11
"sim_6",11
"sim_6",11
"sim_6",11
"sim_6",11
"sim_6",12
"sim_6",12
"sim_6",13
"sim_6",14
"sim_6",14
"sim_6",14
"sim_6",14
"sim_6",14
"sim_6",14
"sim_6",14
"sim_6",14
"sim_6",14
"sim_6",16
"sim_6",16
"sim_7",4
"sim_7",4
"sim_7",4
"sim_7",4
"sim_7",4
"sim_7",4
"sim_7",4
"sim_7",4
"sim_7",4
"sim_7",4
"sim_7",4
"sim_7",4
"sim_7",4
"sim_7",4
"sim_7",4
"sim_7",4
"sim_7",4
"sim_7",4
"sim_7",4
"sim_7",4
"sim_7",4
"sim_7",4
"sim_7",4
"sim_7",4
"sim_7",4
"sim_7",4
"sim_7",4
"sim_7",4
"sim_7",4
"sim_7",4
"sim_7",4
"sim_7",4
"sim_7",4
"sim_7",4
"sim_7",4
"sim_7",4
"sim_7",4
"sim_7",4
"sim_7",4
"sim_7",4
"sim_7",4
"sim_7",4
"sim_7",4
"sim_7",4
"sim_7",4
"sim_7",4
"sim_7",4
"sim_7",4
"sim_7",4
"sim_7",4
"sim_7",4
"sim_7",4
"sim_7",4
"sim_7",4
"sim_7",4
"sim_7",4
"sim_7",4
"sim_7",4
"sim_7",4
"sim_7",4
"sim_7",4
"sim_7",4
"sim_7",4
"sim_7",4
"sim_7",4
"sim_7",4
"sim_7",4
"sim_7",4
"sim_7",4
"sim_7",4
"sim_7",4
"sim_7",4
"sim_7",4
"sim_7",4
"sim_7",4
"sim_7",4
"sim_7",4
"sim_7",4
"sim_7",4
"sim_7",4
"sim_7",4
"sim_7",4
"sim_7",4
"sim_7",4
"sim_7",4
"sim_7",4
"sim_7",4
"sim_7",4
"sim_7",4
"sim_7",4
"sim_7",4
"sim_7",4
"sim_7",4
"sim_7",4
"sim_7",4
"sim_7",4
"sim_7",4
"sim_7",4
"sim_7",4
"sim_7",4
"sim_7",4
"sim_7",4
"sim_7",4
"sim_7",4
"sim_7",4
"sim_7",4
"sim_7",4
"sim_7",4
"sim_7",4
"sim_7",4
"sim_7",4
"sim_7",4
"sim_7",4
"sim_7",4
"sim_7",4
"sim_7",4
"sim_7",4
"sim_7",4
"sim_7",4
"sim_7",4
"sim_7",4
"sim_7",4
"sim_7",4
"sim_7",4
"sim_7",4
"sim_7",4
"sim_7",4
"sim_7",4
"sim_7",4
"sim_7",4
"sim_7",4
"sim_7",4
"sim_7",4
"sim_7",4
"sim_7",4
"sim_7",4
"sim_7",4
"sim_7",4
"sim_7",4
"sim_7",4
"sim_7",4
"sim_7",4
"sim_7",4
"sim_7",4
"sim_7",4
"sim_7",4
"sim_7",4
"sim_7",4
"sim_7",4
"sim_7",4
"sim_7",4
"sim_7",4
"sim_7",4
"sim_7",4
"sim_7",4
"sim_7",4
"sim_7",4
"sim_7",4
"sim_7",4
"sim_7",4
"sim_7",4
"sim_7",4
"sim_7",4
"sim_7",4
"sim_7",4
"sim_7",4
"sim_7",4
"sim_7",4
"sim_7",4
"sim_7",4
"sim_7",4
"sim_7",4
"sim_7",4
"sim_7",4
"sim_7",4
"sim_7",4
"sim_7",4
"sim_7",4
"sim_7",4
"sim_7",4
"sim_7",4
"sim_7",4
"sim_7",4
"sim_7",4
"sim_7",4
"sim_7",4
"sim_7",4
"sim_7",4
"sim_7",4
"sim_7",4
"sim_7",4
"sim_7",4
"sim_7",4
"sim_7",4
"sim_7",4
"sim_7",4
"sim_7",4
"sim_7",4
"sim_7",4
"sim_7",4
"sim_7",4
"sim_7",4
"sim_7",4
"sim_7",4
"sim_7",4
"sim_7",4
"sim_7",4
"sim_7",4
"sim_7",4
"sim_7",4
"sim_7",4
"sim_7",4
"sim_7",4
"sim_7",4
"sim_7",4
"sim_7",4
"sim_7",4
"sim_7",4
"sim_7",4
"sim_7",4
"sim_7",4
"sim_7",4
"sim_7",4
"sim_7",4
"sim_7",4
"sim_7",4
"sim_7",4
"sim_7",4
"sim_7",4
"sim_7",4
"sim_7",4
"sim_7",4
"sim_7",4
"sim_7",4
"sim_7",4
"sim_7",4
"sim_7",4
"sim_7",4
"sim_7",4
"sim_7",4
"sim_7",4
"sim_7",4
"sim_7",4
"sim_7",4
"sim_7",4
"sim_7",4
"sim_7",4
"sim_7",4
"sim_7",4
"sim_7",4
"sim_7",4
"sim_7",4
"sim_7",4
"sim_7",4
"sim_7",4
"sim_7",4
"sim_7",4
"sim_7",4
"sim_7",4
"sim_7",4
"sim_7",4
"sim_7",4
"sim_7",4
"sim_7",4
"sim_7",4
"sim_7",4
"sim_7",4
"sim_7",4
"sim_7",4
"sim_7",4
"sim_7",4
"sim_7",4
"sim_7",4
"sim_7",4
"sim_7",4
"sim_7",4
"sim_7",4
"sim_7",4
"sim_7",4
"sim_7",4
"sim_7",4
"sim_7",4
"sim_7",4
"sim_7",4
"sim_7",4
"sim_7",4
"sim_7",4
"sim_7",4
"sim_7",4
"sim_7",4
"sim_7",4
"sim_7",4
"sim_7",4
"sim_7",4
"sim_7",4
"sim_7",4
"sim_7",4
"sim_7",4
"sim_7",4
"sim_7",4
"sim_7",4
"sim_7",4
"sim_7",4
"sim_7",4
"sim_7",4
"sim_7",4
"sim_7",4
"sim_7",4
"sim_7",4
"sim_7",4
"sim_7",4
"sim_7",4
"sim_7",4
"sim_7",4
"sim_7",4
"sim_7",4
"sim_7",4
"sim_7",4
"sim_7",4
"sim_7",4
"sim_7",4
"sim_7",4
"sim_7",4
"sim_7",4
"sim_7",4
"sim_7",4
"sim_7",4
"sim_7",4
"sim_7",4
"sim_7",4
"sim_7",4
"sim_7",4
"sim_7",4
"sim_7",4
"sim_7",4
"sim_7",4
"sim_7",4
"sim_7",4
"sim_7",4
"sim_7",4
"sim_7",4
"sim_7",4
"sim_7",4
"sim_7",4
"sim_7",4
"sim_7",4
"sim_7",4
"sim_7",4
"sim_7",4
"sim_7",4
"sim_7",4
"sim_7",4
"sim_7",4
"sim_7",4
"sim_7",4
"sim_7",4
"sim_7",4
"sim_7",4
"sim_7",4
"sim_7",4
"sim_7",4
"sim_7",4
"sim_7",4
"sim_7",4
"sim_7",4
"sim_7",4
"sim_7",4
"sim_7",4
"sim_7",4
"sim_7",4
"sim_7",4
"sim_7",4
"sim_7",4
"sim_7",4
"sim_7",4
"sim_7",4
"sim_7",4
"sim_7",5
"sim_7",5
"sim_7",5
"sim_7",5
"sim_7",5
"sim_7",5
"sim_7",5
"sim_7",5
"sim_7",5
"sim_7",5
"sim_7",5
"sim_7",5
"sim_7",5
"sim_7",5
"sim_7",5
"sim_7",5
"sim_7",5
"sim_7",5
"sim_7",5
"sim_7",5
"sim_7",5
"sim_7",5
"sim_7",5
"sim_7",5
"sim_7",5
"sim_7",5
"sim_7",5
"sim_7",5
"sim_7",5
"sim_7",5
"sim_7",5
"sim_7",5
"sim_7",5
"sim_7",5
"sim_7",5
"sim_7",5
"sim_7",5
"sim_7",5
"sim_7",5
"sim_7",5
"sim_7",5
"sim_7",5
"sim_7",5
"sim_7",5
"sim_7",5
"sim_7",5
"sim_7",5
"sim_7",5
"sim_7",5
"sim_7",5
"sim_7",5
"sim_7",5
"sim_7",5
"sim_7",5
"sim_7",5
"sim_7",5
"sim_7",5
"sim_7",5
"sim_7",5
"sim_7",5
"sim_7",5
"sim_7",5
"sim_7",5
"sim_7",5
"sim_7",5
"sim_7",5
"sim_7",5
"sim_7",5
"sim_7",5
"sim_7",5
"sim_7",5
"sim_7",5
"sim_7",5
"sim_7",5
"sim_7",5
"sim_7",5
"sim_7",5
"sim_7",5
"sim_7",5
"sim_7",5
"sim_7",5
"sim_7",5
"sim_7",5
"sim_7",5
"sim_7",5
"sim_7",5
"sim_7",5
"sim_7",5
"sim_7",5
"sim_7",5
"sim_7",5
"sim_7",5
"sim_7",5
"sim_7",5
"sim_7",5
"sim_7",5
"sim_7",5
"sim_7",5
"sim_7",5
"sim_7",5
"sim_7",5
"sim_7",6
"sim_7",6
"sim_7",6
"sim_7",6
"sim_7",6
"sim_7",6
"sim_7",6
"sim_7",6
"sim_7",6
"sim_7",6
"sim_7",6
"sim_7",6
"sim_7",6
"sim_7",6
"sim_7",6
"sim_7",6
"sim_7",6
"sim_7",6
"sim_7",6
"sim_7",6
"sim_7",6
"sim_7",6
"sim_7",6
"sim_7",6
"sim_7",6
"sim_7",6
"sim_7",6
"sim_7",6
"sim_7",6
"sim_7",6
"sim_7",6
"sim_7",6
"sim_7",6
"sim_7",6
"sim_7",6
"sim_7",6
"sim_7",6
"sim_7",6
"sim_7",6
"sim_7",6
"sim_7",6
"sim_7",6
"sim_7",6
"sim_7",6
"sim_7",6
"sim_7",6
"sim_7",7
"sim_7",7
"sim_7",7
"sim_7",7
"sim_7",7
"sim_7",7
"sim_7",7
"sim_7",7
"sim_7",7
"sim_7",7
"sim_7",7
"sim_7",7
"sim_7",7
"sim_7",7
"sim_7",7
"sim_7",7
"sim_7",7
"sim_7",7
"sim_7",7
"sim_7",7
"sim_7",7
"sim_7",7
"sim_7",8
"sim_7",8
"sim_7",8
"sim_7",8
"sim_7",8
"sim_7",8
"sim_7",8
"sim_7",8
"sim_7",8
"sim_7",8
"sim_7",9
"sim_7",9
"sim_7",9
"sim_7",9
"sim_7",9
"sim_7",9
"sim_7",10
"sim_7",10
"sim_7",10
"sim_7",11
"sim_8",4
"sim_8",4
"sim_8",4
"sim_8",4
"sim_8",4
"sim_8",4
"sim_8",4
"sim_8",4
"sim_8",4
"sim_8",4
"sim_8",4
"sim_8",4
"sim_8",4
"sim_8",4
"sim_8",4
"sim_8",4
"sim_8",4
"sim_8",4
"sim_8",4
"sim_8",4
"sim_8",4
"sim_8",4
"sim_8",4
"sim_8",4
"sim_8",4
"sim_8",4
"sim_8",4
"sim_8",4
"sim_8",4
"sim_8",4
"sim_8",4
"sim_8",4
"sim_8",4
"sim_8",4
"sim_8",4
"sim_8",4
"sim_8",4
"sim_8",4
"sim_8",4
"sim_8",4
"sim_8",4
"sim_8",4
"sim_8",4
"sim_8",4
"sim_8",4
"sim_8",4
"sim_8",4
"sim_8",4
"sim_8",4
"sim_8",4
"sim_8",4
"sim_8",4
"sim_8",4
"sim_8",4
"sim_8",4
"sim_8",4
"sim_8",4
"sim_8",4
"sim_8",4
"sim_8",4
"sim_8",4
"sim_8",4
"sim_8",4
"sim_8",4
"sim_8",4
"sim_8",4
"sim_8",4
"sim_8",4
"sim_8",4
"sim_8",4
"sim_8",4
"sim_8",4
"sim_8",4
"sim_8",4
"sim_8",4
"sim_8",4
"sim_8",4
"sim_8",4
"sim_8",4
"sim_8",4
"sim_8",4
"sim_8",4
"sim_8",4
"sim_8",4
"sim_8",4
"sim_8",4
"sim_8",4
"sim_8",4
"sim_8",4
"sim_8",4
"sim_8",4
"sim_8",4
"sim_8",4
"sim_8",4
"sim_8",4
"sim_8",4
"sim_8",4
"sim_8",4
"sim_8",4
"sim_8",4
"sim_8",4
"sim_8",4
"sim_8",4
"sim_8",4
"sim_8",4
"sim_8",4
"sim_8",4
"sim_8",4
"sim_8",4
"sim_8",4
"sim_8",4
"sim_8",4
"sim_8",4
"sim_8",4
"sim_8",4
"sim_8",4
"sim_8",4
"sim_8",4
"sim_8",4
"sim_8",4
"sim_8",4
"sim_8",4
"sim_8",4
"sim_8",4
"sim_8",4
"sim_8",4
"sim_8",4
"sim_8",4
"sim_8",4
"sim_8",4
"sim_8",4
"sim_8",4
"sim_8",4
"sim_8",4
"sim_8",4
"sim_8",4
"sim_8",4
"sim_8",4
"sim_8",4
"sim_8",4
"sim_8",4
"sim_8",4
"sim_8",4
"sim_8",4
"sim_8",4
"sim_8",4
"sim_8",4
"sim_8",4
"sim_8",4
"sim_8",4
"sim_8",4
"sim_8",4
"sim_8",4
"sim_8",4
"sim_8",4
"sim_8",4
"sim_8",4
"sim_8",4
"sim_8",4
"sim_8",4
"sim_8",4
"sim_8",4
"sim_8",4
"sim_8",4
"sim_8",4
"sim_8",4
"sim_8",4
"sim_8",4
"sim_8",4
"sim_8",4
"sim_8",4
"sim_8",4
"sim_8",4
"sim_8",4
"sim_8",4
"sim_8",4
"sim_8",4
"sim_8",4
"sim_8",4
"sim_8",4
"sim_8",4
"sim_8",4
"sim_8",4
"sim_8",4
"sim_8",4
"sim_8",4
"sim_8",4
"sim_8",4
"sim_8",4
"sim_8",4
"sim_8",4
"sim_8",4
"sim_8",4
"sim_8",4
"sim_8",4
"sim_8",4
"sim_8",4
"sim_8",4
"sim_8",4
"sim_8",4
"sim_8",4
"sim_8",4
"sim_8",4
"sim_8",4
"sim_8",4
"sim_8",4
"sim_8",4
"sim_8",4
"sim_8",4
"sim_8",4
"sim_8",4
"sim_8",4
"sim_8",4
"sim_8",4
"sim_8",4
"sim_8",4
"sim_8",4
"sim_8",4
"sim_8",4
"sim_8",4
"sim_8",4
"sim_8",4
"sim_8",4
"sim_8",4
"sim_8",4
"sim_8",4
"sim_8",4
"sim_8",4
"sim_8",4
"sim_8",4
"sim_8",4
"sim_8",4
"sim_8",4
"sim_8",4
"sim_8",4
"sim_8",4
"sim_8",4
"sim_8",4
"sim_8",4
"sim_8",4
"sim_8",4
"sim_8",4
"sim_8",4
"sim_8",4
"sim_8",4
"sim_8",4
"sim_8",4
"sim_8",4
"sim_8",4
"sim_8",4
"sim_8",4
"sim_8",4
"sim_8",4
"sim_8",4
"sim_8",4
"sim_8",4
"sim_8",4
"sim_8",4
"sim_8",4
"sim_8",4
"sim_8",4
"sim_8",4
"sim_8",4
"sim_8",4
"sim_8",4
"sim_8",4
"sim_8",4
"sim_8",4
"sim_8",4
"sim_8",4
"sim_8",4
"sim_8",4
"sim_8",4
"sim_8",4
"sim_8",4
"sim_8",4
"sim_8",4
"sim_8",4
"sim_8",4
"sim_8",4
"sim_8",4
"sim_8",4
"sim_8",4
"sim_8",4
"sim_8",4
"sim_8",4
"sim_8",4
"sim_8",4
"sim_8",4
"sim_8",4
"sim_8",4
"sim_8",4
"sim_8",4
"sim_8",4
"sim_8",4
"sim_8",4
"sim_8",4
"sim_8",4
"sim_8",4
"sim_8",4
"sim_8",4
"sim_8",4
"sim_8",4
"sim_8",4
"sim_8",4
"sim_8",4
"sim_8",4
"sim_8",4
"sim_8",4
"sim_8",4
"sim_8",4
"sim_8",4
"sim_8",4
"sim_8",4
"sim_8",4
"sim_8",4
"sim_8",4
"sim_8",4
"sim_8",4
"sim_8",4
"sim_8",4
"sim_8",4
"sim_8",4
"sim_8",4
"sim_8",4
"sim_8",4
"sim_8",4
"sim_8",4
"sim_8",4
"sim_8",4
"sim_8",4
"sim_8",4
"sim_8",4
"sim_8",4
"sim_8",4
"sim_8",4
"sim_8",4
"sim_8",4
"sim_8",4
"sim_8",4
"sim_8",4
"sim_8",4
"sim_8",4
"sim_8",4
"sim_8",4
"sim_8",4
"sim_8",4
"sim_8",4
"sim_8",4
"sim_8",4
"sim_8",4
"sim_8",4
"sim_8",4
"sim_8",4
"sim_8",4
"sim_8",4
"sim_8",4
"sim_8",4
"sim_8",4
"sim_8",4
"sim_8",4
"sim_8",4
"sim_8",4
"sim_8",4
"sim_8",4
"sim_8",4
"sim_8",4
"sim_8",4
"sim_8",4
"sim_8",4
"sim_8",4
"sim_8",4
"sim_8",4
"sim_8",4
"sim_8",4
"sim_8",4
"sim_8",4
"sim_8",5
"sim_8",5
"sim_8",5
"sim_8",5
"sim_8",5
"sim_8",5
"sim_8",5
"sim_8",5
"sim_8",5
"sim_8",5
"sim_8",5
"sim_8",5
"sim_8",5
"sim_8",5
"sim_8",5
"sim_8",5
"sim_8",5
"sim_8",5
"sim_8",5
"sim_8",5
"sim_8",5
"sim_8",5
"sim_8",5
"sim_8",5
"sim_8",5
"sim_8",5
"sim_8",5
"sim_8",5
"sim_8",5
"sim_8",5
"sim_8",5
"sim_8",5
"sim_8",5
"sim_8",5
"sim_8",5
"sim_8",5
"sim_8",5
"sim_8",5
"sim_8",5
"sim_8",5
"sim_8",5
"sim_8",5
"sim_8",5
"sim_8",5
"sim_8",5
"sim_8",5
"sim_8",5
"sim_8",5
"sim_8",5
"sim_8",5
"sim_8",5
"sim_8",5
"sim_8",5
"sim_8",5
"sim_8",5
"sim_8",5
"sim_8",5
"sim_8",5
"sim_8",5
"sim_8",5
"sim_8",5
"sim_8",5
"sim_8",5
"sim_8",5
"sim_8",5
"sim_8",5
"sim_8",5
"sim_8",5
"sim_8",5
"sim_8",5
"sim_8",5
"sim_8",5
"sim_8",5
"sim_8",5
"sim_8",5
"sim_8",5
"sim_8",5
"sim_8",5
"sim_8",5
"sim_8",5
"sim_8",5
"sim_8",5
"sim_8",5
"sim_8",5
"sim_8",5
"sim_8",5
"sim_8",5
"sim_8",5
"sim_8",5
"sim_8",5
"sim_8",5
"sim_8",5
"sim_8",5
"sim_8",5
"sim_8",5
"sim_8",5
"sim_8",5
"sim_8",5
"sim_8",5
"sim_8",5
"sim_8",6
"sim_8",6
"sim_8",6
"sim_8",6
"sim_8",6
"sim_8",6
"sim_8",6
"sim_8",6
"sim_8",6
"sim_8",6
"sim_8",6
"sim_8",6
"sim_8",6
"sim_8",6
"sim_8",6
"sim_8",6
"sim_8",6
"sim_8",6
"sim_8",6
"sim_8",6
"sim_8",6
"sim_8",6
"sim_8",6
"sim_8",6
"sim_8",6
"sim_8",6
"sim_8",6
"sim_8",6
"sim_8",6
"sim_8",6
"sim_8",6
"sim_8",7
"sim_8",7
"sim_8",7
"sim_8",7
"sim_8",7
"sim_8",7
"sim_8",7
"sim_8",7
"sim_8",7
"sim_8",7
"sim_8",7
"sim_8",7
"sim_8",7
"sim_8",7
"sim_8",7
"sim_8",7
"sim_8",7
"sim_8",7
"sim_8",7
"sim_8",7
"sim_8",7
"sim_8",7
"sim_8",7
"sim_8",7
"sim_8",8
"sim_8",8
"sim_8",8
"sim_8",8
"sim_8",8
"sim_8",8
"sim_8",8
"sim_8",8
"sim_8",8
"sim_8",8
"sim_8",8
"sim_8",8
"sim_8",8
"sim_8",8
"sim_8",8
"sim_8",8
"sim_8",8
"sim_8",8
"sim_8",9
"sim_8",9
"sim_8",9
"sim_8",9
"sim_8",9
"sim_8",9
"sim_8",9
"sim_8",9
"sim_8",10
"sim_8",10
"sim_8",10
"sim_8",10
"sim_8",11
"sim_8",12
"sim_8",13
"sim_8",14
"sim_9",4
"sim_9",4
"sim_9",4
"sim_9",4
"sim_9",4
"sim_9",4
"sim_9",4
"sim_9",4
"sim_9",4
"sim_9",4
"sim_9",4
"sim_9",4
"sim_9",4
"sim_9",4
"sim_9",4
"sim_9",4
"sim_9",4
"sim_9",4
"sim_9",4
"sim_9",4
"sim_9",4
"sim_9",4
"sim_9",4
"sim_9",4
"sim_9",4
"sim_9",4
"sim_9",4
"sim_9",4
"sim_9",4
"sim_9",4
"sim_9",4
"sim_9",4
"sim_9",4
"sim_9",4
"sim_9",4
"sim_9",4
"sim_9",4
"sim_9",4
"sim_9",4
"sim_9",4
"sim_9",4
"sim_9",4
"sim_9",4
"sim_9",4
"sim_9",4
"sim_9",4
"sim_9",4
"sim_9",4
"sim_9",4
"sim_9",4
"sim_9",4
"sim_9",4
"sim_9",4
"sim_9",4
"sim_9",4
"sim_9",4
"sim_9",4
"sim_9",4
"sim_9",4
"sim_9",4
"sim_9",4
"sim_9",4
"sim_9",4
"sim_9",4
"sim_9",4
"sim_9",4
"sim_9",4
"sim_9",4
"sim_9",4
"sim_9",4
"sim_9",4
"sim_9",4
"sim_9",4
"sim_9",4
"sim_9",4
"sim_9",4
"sim_9",4
"sim_9",4
"sim_9",4
"sim_9",4
"sim_9",4
"sim_9",4
"sim_9",4
"sim_9",4
"sim_9",4
"sim_9",4
"sim_9",4
"sim_9",4
"sim_9",4
"sim_9",4
"sim_9",4
"sim_9",4
"sim_9",4
"sim_9",4
"sim_9",4
"sim_9",4
"sim_9",4
"sim_9",4
"sim_9",4
"sim_9",4
"sim_9",4
"sim_9",4
"sim_9",4
"sim_9",4
"sim_9",4
"sim_9",4
"sim_9",4
"sim_9",4
"sim_9",4
"sim_9",4
"sim_9",4
"sim_9",4
"sim_9",4
"sim_9",4
"sim_9",4
"sim_9",4
"sim_9",4
"sim_9",4
"sim_9",4
"sim_9",4
"sim_9",4
"sim_9",4
"sim_9",4
"sim_9",4
"sim_9",4
"sim_9",4
"sim_9",4
"sim_9",4
"sim_9",4
"sim_9",4
"sim_9",4
"sim_9",4
"sim_9",4
"sim_9",4
"sim_9",4
"sim_9",4
"sim_9",4
"sim_9",4
"sim_9",4
"sim_9",4
"sim_9",4
"sim_9",4
"sim_9",4
"sim_9",4
"sim_9",4
"sim_9",4
"sim_9",4
"sim_9",4
"sim_9",4
"sim_9",4
"sim_9",4
"sim_9",4
"sim_9",4
"sim_9",4
"sim_9",4
"sim_9",4
"sim_9",4
"sim_9",4
"sim_9",4
"sim_9",4
"sim_9",4
"sim_9",4
"sim_9",4
"sim_9",4
"sim_9",4
"sim_9",4
"sim_9",4
"sim_9",4
"sim_9",4
"sim_9",4
"sim_9",4
"sim_9",4
"sim_9",4
"sim_9",4
"sim_9",4
"sim_9",4
"sim_9",4
"sim_9",4
"sim_9",4
"sim_9",4
"sim_9",4
"sim_9",4
"sim_9",4
"sim_9",4
"sim_9",4
"sim_9",4
"sim_9",4
"sim_9",4
"sim_9",4
"sim_9",4
"sim_9",4
"sim_9",4
"sim_9",4
"sim_9",4
"sim_9",4
"sim_9",4
"sim_9",4
"sim_9",4
"sim_9",4
"sim_9",4
"sim_9",4
"sim_9",4
"sim_9",4
"sim_9",4
"sim_9",4
"sim_9",4
"sim_9",4
"sim_9",4
"sim_9",4
"sim_9",4
"sim_9",4
"sim_9",4
"sim_9",4
"sim_9",4
"sim_9",4
"sim_9",4
"sim_9",4
"sim_9",4
"sim_9",4
"sim_9",4
"sim_9",4
"sim_9",4
"sim_9",4
"sim_9",4
"sim_9",4
"sim_9",4
"sim_9",4
"sim_9",4
"sim_9",4
"sim_9",4
"sim_9",4
"sim_9",4
"sim_9",4
"sim_9",4
"sim_9",4
"sim_9",4
"sim_9",4
"sim_9",4
"sim_9",4
"sim_9",4
"sim_9",4
"sim_9",4
"sim_9",4
"sim_9",4
"sim_9",4
"sim_9",4
"sim_9",4
"sim_9",4
"sim_9",4
"sim_9",4
"sim_9",4
"sim_9",4
"sim_9",4
"sim_9",4
"sim_9",4
"sim_9",4
"sim_9",4
"sim_9",4
"sim_9",4
"sim_9",4
"sim_9",4
"sim_9",4
"sim_9",4
"sim_9",4
"sim_9",4
"sim_9",4
"sim_9",4
"sim_9",4
"sim_9",4
"sim_9",4
"sim_9",4
"sim_9",4
"sim_9",4
"sim_9",4
"sim_9",4
"sim_9",4
"sim_9",4
"sim_9",4
"sim_9",4
"sim_9",4
"sim_9",4
"sim_9",4
"sim_9",4
"sim_9",4
"sim_9",4
"sim_9",4
"sim_9",4
"sim_9",4
"sim_9",4
"sim_9",4
"sim_9",4
"sim_9",4
"sim_9",4
"sim_9",4
"sim_9",4
"sim_9",4
"sim_9",4
"sim_9",4
"sim_9",4
"sim_9",4
"sim_9",4
"sim_9",4
"sim_9",4
"sim_9",4
"sim_9",4
"sim_9",4
"sim_9",4
"sim_9",4
"sim_9",4
"sim_9",4
"sim_9",4
"sim_9",4
"sim_9",4
"sim_9",4
"sim_9",4
"sim_9",4
"sim_9",4
"sim_9",4
"sim_9",4
"sim_9",4
"sim_9",4
"sim_9",4
"sim_9",4
"sim_9",4
"sim_9",4
"sim_9",4
"sim_9",4
"sim_9",4
"sim_9",4
"sim_9",4
"sim_9",4
"sim_9",4
"sim_9",4
"sim_9",4
"sim_9",4
"sim_9",4
"sim_9",4
"sim_9",4
"sim_9",4
"sim_9",4
"sim_9",4
"sim_9",4
"sim_9",4
"sim_9",4
"sim_9",4
"sim_9",4
"sim_9",4
"sim_9",4
"sim_9",4
"sim_9",4
"sim_9",4
"sim_9",4
"sim_9",4
"sim_9",4
"sim_9",4
"sim_9",4
"sim_9",4
"sim_9",4
"sim_9",4
"sim_9",4
"sim_9",4
"sim_9",4
"sim_9",4
"sim_9",4
"sim_9",4
"sim_9",4
"sim_9",4
"sim_9",4
"sim_9",4
"sim_9",4
"sim_9",4
"sim_9",4
"sim_9",4
"sim_9",4
"sim_9",4
"sim_9",4
"sim_9",4
"sim_9",4
"sim_9",4
"sim_9",4
"sim_9",4
"sim_9",4
"sim_9",4
"sim_9",4
"sim_9",4
"sim_9",4
"sim_9",4
"sim_9",4
"sim_9",4
"sim_9",4
"sim_9",4
"sim_9",5
"sim_9",5
"sim_9",5
"sim_9",5
"sim_9",5
"sim_9",5
"sim_9",5
"sim_9",5
"sim_9",5
"sim_9",5
"sim_9",5
"sim_9",5
"sim_9",5
"sim_9",5
"sim_9",5
"sim_9",5
"sim_9",5
"sim_9",5
"sim_9",5
"sim_9",5
"sim_9",5
"sim_9",5
"sim_9",5
"sim_9",5
"sim_9",5
"sim_9",5
"sim_9",5
"sim_9",5
"sim_9",5
"sim_9",5
"sim_9",5
"sim_9",5
"sim_9",5
"sim_9",5
"sim_9",5
"sim_9",5
"sim_9",5
"sim_9",5
"sim_9",5
"sim_9",5
"sim_9",5
"sim_9",5
"sim_9",5
"sim_9",5
"sim_9",5
"sim_9",5
"sim_9",5
"sim_9",5
"sim_9",5
"sim_9",5
"sim_9",5
"sim_9",5
"sim_9",5
"sim_9",5
"sim_9",5
"sim_9",5
"sim_9",5
"sim_9",5
"sim_9",5
"sim_9",5
"sim_9",5
"sim_9",5
"sim_9",5
"sim_9",5
"sim_9",5
"sim_9",5
"sim_9",5
"sim_9",5
"sim_9",5
"sim_9",5
"sim_9",5
"sim_9",5
"sim_9",5
"sim_9",5
"sim_9",5
"sim_9",5
"sim_9",5
"sim_9",5
"sim_9",5
"sim_9",5
"sim_9",5
"sim_9",5
"sim_9",5
"sim_9",5
"sim_9",5
"sim_9",5
"sim_9",6
"sim_9",6
"sim_9",6
"sim_9",6
"sim_9",6
"sim_9",6
"sim_9",6
"sim_9",6
"sim_9",6
"sim_9",6
"sim_9",6
"sim_9",6
"sim_9",6
"sim_9",6
"sim_9",6
"sim_9",6
"sim_9",6
"sim_9",6
"sim_9",6
"sim_9",6
"sim_9",6
"sim_9",6
"sim_9",6
"sim_9",6
"sim_9",6
"sim_9",6
"sim_9",6
"sim_9",6
"sim_9",6
"sim_9",6
"sim_9",6
"sim_9",6
"sim_9",6
"sim_9",6
"sim_9",6
"sim_9",6
"sim_9",6
"sim_9",7
"sim_9",7
"sim_9",7
"sim_9",7
"sim_9",7
"sim_9",7
"sim_9",7
"sim_9",7
"sim_9",7
"sim_9",7
"sim_9",7
"sim_9",7
"sim_9",7
"sim_9",7
"sim_9",7
"sim_9",7
"sim_9",7
"sim_9",7
"sim_9",7
"sim_9",7
"sim_9",7
"sim_9",7
"sim_9",7
"sim_9",7
"sim_9",7
"sim_9",7
"sim_9",7
"sim_9",7
"sim_9",7
"sim_9",8
"sim_9",8
"sim_9",8
"sim_9",8
"sim_9",8
"sim_9",8
"sim_9",8
"sim_9",8
"sim_9",8
"sim_9",8
"sim_9",8
"sim_9",8
"sim_9",9
"sim_9",9
"sim_9",9
"sim_9",9
"sim_9",9
"sim_9",10
"sim_9",10
"sim_9",10
"sim_9",10
"sim_9",10
"sim_9",10
"sim_10",4
"sim_10",4
"sim_10",4
"sim_10",4
"sim_10",4
"sim_10",4
"sim_10",4
"sim_10",4
"sim_10",4
"sim_10",4
"sim_10",4
"sim_10",4
"sim_10",4
"sim_10",4
"sim_10",4
"sim_10",4
"sim_10",4
"sim_10",4
"sim_10",4
"sim_10",4
"sim_10",4
"sim_10",4
"sim_10",4
"sim_10",4
"sim_10",4
"sim_10",4
"sim_10",4
"sim_10",4
"sim_10",4
"sim_10",4
"sim_10",4
"sim_10",4
"sim_10",4
"sim_10",4
"sim_10",4
"sim_10",4
"sim_10",4
"sim_10",4
"sim_10",4
"sim_10",4
"sim_10",4
"sim_10",4
"sim_10",4
"sim_10",4
"sim_10",4
"sim_10",4
"sim_10",4
"sim_10",4
"sim_10",4
"sim_10",4
"sim_10",4
"sim_10",4
"sim_10",4
"sim_10",4
"sim_10",4
"sim_10",4
"sim_10",4
"sim_10",4
"sim_10",4
"sim_10",4
"sim_10",4
"sim_10",4
"sim_10",4
"sim_10",4
"sim_10",4
"sim_10",4
"sim_10",4
"sim_10",4
"sim_10",4
"sim_10",4
"sim_10",4
"sim_10",4
"sim_10",4
"sim_10",4
"sim_10",4
"sim_10",4
"sim_10",4
"sim_10",4
"sim_10",4
"sim_10",4
"sim_10",4
"sim_10",4
"sim_10",4
"sim_10",4
"sim_10",4
"sim_10",4
"sim_10",4
"sim_10",4
"sim_10",4
"sim_10",4
"sim_10",4
"sim_10",4
"sim_10",4
"sim_10",4
"sim_10",4
"sim_10",4
"sim_10",4
"sim_10",4
"sim_10",4
"sim_10",4
"sim_10",4
"sim_10",4
"sim_10",4
"sim_10",4
"sim_10",4
"sim_10",4
"sim_10",4
"sim_10",4
"sim_10",4
"sim_10",4
"sim_10",4
"sim_10",4
"sim_10",4
"sim_10",4
"sim_10",4
"sim_10",4
"sim_10",4
"sim_10",4
"sim_10",4
"sim_10",4
"sim_10",4
"sim_10",4
"sim_10",4
"sim_10",4
"sim_10",4
"sim_10",4
"sim_10",4
"sim_10",4
"sim_10",4
"sim_10",4
"sim_10",4
"sim_10",4
"sim_10",4
"sim_10",4
"sim_10",4
"sim_10",4
"sim_10",4
"sim_10",4
"sim_10",4
"sim_10",4
"sim_10",4
"sim_10",4
"sim_10",4
"sim_10",4
"sim_10",4
"sim_10",4
"sim_10",4
"sim_10",4
"sim_10",4
"sim_10",4
"sim_10",4
"sim_10",4
"sim_10",4
"sim_10",4
"sim_10",4
"sim_10",4
"sim_10",4
"sim_10",4
"sim_10",4
"sim_10",4
"sim_10",4
"sim_10",4
"sim_10",4
"sim_10",4
"sim_10",4
"sim_10",4
"sim_10",4
"sim_10",4
"sim_10",4
"sim_10",4
"sim_10",4
"sim_10",4
"sim_10",4
"sim_10",4
"sim_10",4
"sim_10",4
"sim_10",4
"sim_10",4
"sim_10",4
"sim_10",4
"sim_10",4
"sim_10",4
"sim_10",4
"sim_10",4
"sim_10",4
"sim_10",4
"sim_10",4
"sim_10",4
"sim_10",4
"sim_10",4
"sim_10",4
"sim_10",4
"sim_10",4
"sim_10",4
"sim_10",4
"sim_10",4
"sim_10",4
"sim_10",4
"sim_10",4
"sim_10",4
"sim_10",4
"sim_10",4
"sim_10",4
"sim_10",4
"sim_10",4
"sim_10",4
"sim_10",4
"sim_10",4
"sim_10",4
"sim_10",4
"sim_10",4
"sim_10",4
"sim_10",4
"sim_10",4
"sim_10",4
"sim_10",4
"sim_10",4
"sim_10",4
"sim_10",4
"sim_10",4
"sim_10",4
"sim_10",4
"sim_10",4
"sim_10",4
"sim_10",4
"sim_10",4
"sim_10",4
"sim_10",4
"sim_10",4
"sim_10",4
"sim_10",4
"sim_10",4
"sim_10",4
"sim_10",4
"sim_10",4
"sim_10",4
"sim_10",4
"sim_10",4
"sim_10",4
"sim_10",4
"sim_10",4
"sim_10",4
"sim_10",4
"sim_10",4
"sim_10",4
"sim_10",4
"sim_10",4
"sim_10",4
"sim_10",4
"sim_10",4
"sim_10",4
"sim_10",4
"sim_10",4
"sim_10",4
"sim_10",4
"sim_10",4
"sim_10",4
"sim_10",4
"sim_10",4
"sim_10",4
"sim_10",4
"sim_10",4
"sim_10",4
"sim_10",4
"sim_10",4
"sim_10",4
"sim_10",4
"sim_10",4
"sim_10",4
"sim_10",4
"sim_10",4
"sim_10",4
"sim_10",4
"sim_10",4
"sim_10",4
"sim_10",4
"sim_10",4
"sim_10",4
"sim_10",4
"sim_10",4
"sim_10",4
"sim_10",4
"sim_10",4
"sim_10",4
"sim_10",4
"sim_10",4
"sim_10",4
"sim_10",4
"sim_10",4
"sim_10",4
"sim_10",4
"sim_10",4
"sim_10",4
"sim_10",4
"sim_10",4
"sim_10",4
"sim_10",4
"sim_10",4
"sim_10",4
"sim_10",4
"sim_10",4
"sim_10",4
"sim_10",4
"sim_10",4
"sim_10",4
"sim_10",4
"sim_10",4
"sim_10",4
"sim_10",4
"sim_10",4
"sim_10",4
"sim_10",4
"sim_10",4
"sim_10",4
"sim_10",4
"sim_10",4
"sim_10",4
"sim_10",4
"sim_10",4
"sim_10",4
"sim_10",4
"sim_10",4
"sim_10",4
"sim_10",4
"sim_10",4
"sim_10",4
"sim_10",4
"sim_10",4
"sim_10",4
"sim_10",4
"sim_10",4
"sim_10",4
"sim_10",4
"sim_10",4
"sim_10",4
"sim_10",4
"sim_10",4
"sim_10",4
"sim_10",4
"sim_10",4
"sim_10",4
"sim_10",4
"sim_10",4
"sim_10",4
"sim_10",4
"sim_10",4
"sim_10",4
"sim_10",4
"sim_10",4
"sim_10",4
"sim_10",4
"sim_10",4
"sim_10",4
"sim_10",4
"sim_10",4
"sim_10",4
"sim_10",4
"sim_10",4
"sim_10",4
"sim_10",4
"sim_10",4
"sim_10",4
"sim_10",4
"sim_10",4
"sim_10",4
"sim_10",4
"sim_10",4
"sim_10",4
"sim_10",4
"sim_10",4
"sim_10",4
"sim_10",4
"sim_10",4
"sim_10",4
"sim_10",4
"sim_10",4
"sim_10",4
"sim_10",4
"sim_10",4
"sim_10",4
"sim_10",4
"sim_10",4
"sim_10",4
"sim_10",4
"sim_10",5
"sim_10",5
"sim_10",5
"sim_10",5
"sim_10",5
"sim_10",5
"sim_10",5
"sim_10",5
"sim_10",5
"sim_10",5
"sim_10",5
"sim_10",5
"sim_10",5
"sim_10",5
"sim_10",5
"sim_10",5
"sim_10",5
"sim_10",5
"sim_10",5
"sim_10",5
"sim_10",5
"sim_10",5
"sim_10",5
"sim_10",5
"sim_10",5
"sim_10",5
"sim_10",5
"sim_10",5
"sim_10",5
"sim_10",5
"sim_10",5
"sim_10",5
"sim_10",5
"sim_10",5
"sim_10",5
"sim_10",5
"sim_10",5
"sim_10",5
"sim_10",5
"sim_10",5
"sim_10",5
"sim_10",5
"sim_10",5
"sim_10",5
"sim_10",5
"sim_10",5
"sim_10",5
"sim_10",5
"sim_10",5
"sim_10",5
"sim_10",5
"sim_10",5
"sim_10",5
"sim_10",5
"sim_10",5
"sim_10",5
"sim_10",5
"sim_10",5
"sim_10",5
"sim_10",5
"sim_10",5
"sim_10",5
"sim_10",5
"sim_10",5
"sim_10",5
"sim_10",5
"sim_10",5
"sim_10",5
"sim_10",5
"sim_10",5
"sim_10",5
"sim_10",5
"sim_10",5
"sim_10",5
"sim_10",5
"sim_10",5
"sim_10",5
"sim_10",5
"sim_10",5
"sim_10",5
"sim_10",5
"sim_10",5
"sim_10",5
"sim_10",5
"sim_10",5
"sim_10",5
"sim_10",5
"sim_10",6
"sim_10",6
"sim_10",6
"sim_10",6
"sim_10",6
"sim_10",6
"sim_10",6
"sim_10",6
"sim_10",6
"sim_10",6
"sim_10",6
"sim_10",6
"sim_10",6
"sim_10",6
"sim_10",6
"sim_10",6
"sim_10",6
"sim_10",6
"sim_10",6
"sim_10",6
"sim_10",6
"sim_10",6
"sim_10",6
"sim_10",6
"sim_10",6
"sim_10",6
"sim_10",6
"sim_10",6
"sim_10",6
"sim_10",6
"sim_10",6
"sim_10",6
"sim_10",6
"sim_10",7
"sim_10",7
"sim_10",7
"sim_10",7
"sim_10",7
"sim_10",7
"sim_10",7
"sim_10",7
"sim_10",7
"sim_10",7
"sim_10",7
"sim_10",7
"sim_10",7
"sim_10",7
"sim_10",7
"sim_10",7
"sim_10",7
"sim_10",7
"sim_10",7
"sim_10",7
"sim_10",7
"sim_10",7
"sim_10",7
"sim_10",7
"sim_10",7
"sim_10",7
"sim_10",7
"sim_10",7
"sim_10",7
"sim_10",7
"sim_10",7
"sim_10",8
"sim_10",8
"sim_10",8
"sim_10",8
"sim_10",8
"sim_10",8
"sim_10",8
"sim_10",8
"sim_10",8
"sim_10",8
"sim_10",8
"sim_10",9
"sim_10",9
"sim_10",9
"sim_10",9
"sim_10",9
"sim_10",9
"sim_10",9
"sim_10",10
"sim_10",10
"sim_10",10
"sim_10",10
"sim_10",10
"sim_10",10
"sim_10",10
"sim_10",11
"sim_10",11
"sim_10",11
"sim_10",12
"sim_10",12
"sim_10",12
"sim_11",4
"sim_11",4
"sim_11",4
"sim_11",4
"sim_11",4
"sim_11",4
"sim_11",4
"sim_11",4
"sim_11",4
"sim_11",4
"sim_11",4
"sim_11",4
"sim_11",4
"sim_11",4
"sim_11",4
"sim_11",4
"sim_11",4
"sim_11",4
"sim_11",4
"sim_11",4
"sim_11",4
"sim_11",4
"sim_11",4
"sim_11",4
"sim_11",4
"sim_11",4
"sim_11",4
"sim_11",4
"sim_11",4
"sim_11",4
"sim_11",4
"sim_11",4
"sim_11",4
"sim_11",4
"sim_11",4
"sim_11",4
"sim_11",4
"sim_11",4
"sim_11",4
"sim_11",4
"sim_11",4
"sim_11",4
"sim_11",4
"sim_11",4
"sim_11",4
"sim_11",4
"sim_11",4
"sim_11",4
"sim_11",4
"sim_11",4
"sim_11",4
"sim_11",4
"sim_11",4
"sim_11",4
"sim_11",4
"sim_11",4
"sim_11",4
"sim_11",4
"sim_11",4
"sim_11",4
"sim_11",4
"sim_11",4
"sim_11",4
"sim_11",4
"sim_11",4
"sim_11",4
"sim_11",4
"sim_11",4
"sim_11",4
"sim_11",4
"sim_11",4
"sim_11",4
"sim_11",4
"sim_11",4
"sim_11",4
"sim_11",4
"sim_11",4
"sim_11",4
"sim_11",4
"sim_11",4
"sim_11",4
"sim_11",4
"sim_11",4
"sim_11",4
"sim_11",4
"sim_11",4
"sim_11",4
"sim_11",4
"sim_11",4
"sim_11",4
"sim_11",4
"sim_11",4
"sim_11",4
"sim_11",4
"sim_11",4
"sim_11",4
"sim_11",4
"sim_11",4
"sim_11",4
"sim_11",4
"sim_11",4
"sim_11",4
"sim_11",4
"sim_11",4
"sim_11",4
"sim_11",4
"sim_11",4
"sim_11",4
"sim_11",4
"sim_11",4
"sim_11",4
"sim_11",4
"sim_11",4
"sim_11",4
"sim_11",4
"sim_11",4
"sim_11",4
"sim_11",4
"sim_11",4
"sim_11",4
"sim_11",4
"sim_11",4
"sim_11",4
"sim_11",4
"sim_11",4
"sim_11",4
"sim_11",4
"sim_11",4
"sim_11",4
"sim_11",4
"sim_11",4
"sim_11",4
"sim_11",4
"sim_11",4
"sim_11",4
"sim_11",4
"sim_11",4
"sim_11",4
"sim_11",4
"sim_11",4
"sim_11",4
"sim_11",4
"sim_11",4
"sim_11",4
"sim_11",4
"sim_11",4
"sim_11",4
"sim_11",4
"sim_11",4
"sim_11",4
"sim_11",4
"sim_11",4
"sim_11",4
"sim_11",4
"sim_11",4
"sim_11",4
"sim_11",4
"sim_11",4
"sim_11",4
"sim_11",4
"sim_11",4
"sim_11",4
"sim_11",4
"sim_11",4
"sim_11",4
"sim_11",4
"sim_11",4
"sim_11",4
"sim_11",4
"sim_11",4
"sim_11",4
"sim_11",4
"sim_11",4
"sim_11",4
"sim_11",4
"sim_11",4
"sim_11",4
"sim_11",4
"sim_11",4
"sim_11",4
"sim_11",4
"sim_11",4
"sim_11",4
"sim_11",4
"sim_11",4
"sim_11",4
"sim_11",4
"sim_11",4
"sim_11",4
"sim_11",4
"sim_11",4
"sim_11",4
"sim_11",4
"sim_11",4
"sim_11",4
"sim_11",4
"sim_11",4
"sim_11",4
"sim_11",4
"sim_11",4
"sim_11",4
"sim_11",4
"sim_11",4
"sim_11",4
"sim_11",4
"sim_11",4
"sim_11",4
"sim_11",4
"sim_11",4
"sim_11",4
"sim_11",4
"sim_11",4
"sim_11",4
"sim_11",4
"sim_11",4
"sim_11",4
"sim_11",4
"sim_11",4
"sim_11",4
"sim_11",4
"sim_11",4
"sim_11",4
"sim_11",4
"sim_11",4
"sim_11",4
"sim_11",4
"sim_11",4
"sim_11",4
"sim_11",4
"sim_11",4
"sim_11",4
"sim_11",4
"sim_11",4
"sim_11",4
"sim_11",4
"sim_11",4
"sim_11",4
"sim_11",4
"sim_11",4
"sim_11",4
"sim_11",4
"sim_11",4
"sim_11",4
"sim_11",4
"sim_11",4
"sim_11",4
"sim_11",4
"sim_11",4
"sim_11",4
"sim_11",4
"sim_11",4
"sim_11",4
"sim_11",4
"sim_11",4
"sim_11",4
"sim_11",4
"sim_11",4
"sim_11",4
"sim_11",4
"sim_11",4
"sim_11",4
"sim_11",4
"sim_11",4
"sim_11",4
"sim_11",4
"sim_11",4
"sim_11",4
"sim_11",4
"sim_11",4
"sim_11",4
"sim_11",4
"sim_11",4
"sim_11",4
"sim_11",4
"sim_11",4
"sim_11",4
"sim_11",4
"sim_11",4
"sim_11",4
"sim_11",4
"sim_11",4
"sim_11",4
"sim_11",4
"sim_11",4
"sim_11",4
"sim_11",4
"sim_11",4
"sim_11",4
"sim_11",4
"sim_11",4
"sim_11",4
"sim_11",4
"sim_11",4
"sim_11",4
"sim_11",4
"sim_11",4
"sim_11",4
"sim_11",4
"sim_11",4
"sim_11",4
"sim_11",4
"sim_11",4
"sim_11",4
"sim_11",4
"sim_11",4
"sim_11",4
"sim_11",4
"sim_11",4
"sim_11",4
"sim_11",4
"sim_11",4
"sim_11",4
"sim_11",4
"sim_11",4
"sim_11",4
"sim_11",4
"sim_11",4
"sim_11",4
"sim_11",4
"sim_11",4
"sim_11",4
"sim_11",4
"sim_11",4
"sim_11",4
"sim_11",4
"sim_11",4
"sim_11",4
"sim_11",4
"sim_11",4
"sim_11",4
"sim_11",4
"sim_11",4
"sim_11",4
"sim_11",4
"sim_11",4
"sim_11",4
"sim_11",4
"sim_11",4
"sim_11",4
"sim_11",4
"sim_11",4
"sim_11",4
"sim_11",4
"sim_11",4
"sim_11",4
"sim_11",4
"sim_11",4
"sim_11",4
"sim_11",4
"sim_11",4
"sim_11",4
"sim_11",4
"sim_11",4
"sim_11",4
"sim_11",4
"sim_11",4
"sim_11",4
"sim_11",4
"sim_11",4
"sim_11",4
"sim_11",4
"sim_11",4
"sim_11",4
"sim_11",4
"sim_11",4
"sim_11",4
"sim_11",4
"sim_11",4
"sim_11",4
"sim_11",4
"sim_11",4
"sim_11",4
"sim_11",4
"sim_11",4
"sim_11",4
"sim_11",4
"sim_11",4
"sim_11",4
"sim_11",4
"sim_11",5
"sim_11",5
"sim_11",5
"sim_11",5
"sim_11",5
"sim_11",5
"sim_11",5
"sim_11",5
"sim_11",5
"sim_11",5
"sim_11",5
"sim_11",5
"sim_11",5
"sim_11",5
"sim_11",5
"sim_11",5
"sim_11",5
"sim_11",5
"sim_11",5
"sim_11",5
"sim_11",5
"sim_11",5
"sim_11",5
"sim_11",5
"sim_11",5
"sim_11",5
"sim_11",5
"sim_11",5
"sim_11",5
"sim_11",5
"sim_11",5
"sim_11",5
"sim_11",5
"sim_11",5
"sim_11",5
"sim_11",5
"sim_11",5
"sim_11",5
"sim_11",5
"sim_11",5
"sim_11",5
"sim_11",5
"sim_11",5
"sim_11",5
"sim_11",5
"sim_11",5
"sim_11",5
"sim_11",5
"sim_11",5
"sim_11",5
"sim_11",5
"sim_11",5
"sim_11",5
"sim_11",5
"sim_11",5
"sim_11",5
"sim_11",5
"sim_11",5
"sim_11",5
"sim_11",5
"sim_11",5
"sim_11",5
"sim_11",5
"sim_11",5
"sim_11",5
"sim_11",5
"sim_11",5
"sim_11",5
"sim_11",5
"sim_11",5
"sim_11",5
"sim_11",5
"sim_11",5
"sim_11",5
"sim_11",5
"sim_11",5
"sim_11",5
"sim_11",5
"sim_11",5
"sim_11",5
"sim_11",5
"sim_11",5
"sim_11",5
"sim_11",5
"sim_11",5
"sim_11",5
"sim_11",5
"sim_11",5
"sim_11",5
"sim_11",5
"sim_11",5
"sim_11",6
"sim_11",6
"sim_11",6
"sim_11",6
"sim_11",6
"sim_11",6
"sim_11",6
"sim_11",6
"sim_11",6
"sim_11",6
"sim_11",6
"sim_11",6
"sim_11",6
"sim_11",6
"sim_11",6
"sim_11",6
"sim_11",6
"sim_11",6
"sim_11",6
"sim_11",6
"sim_11",6
"sim_11",6
"sim_11",6
"sim_11",6
"sim_11",6
"sim_11",6
"sim_11",6
"sim_11",6
"sim_11",6
"sim_11",6
"sim_11",6
"sim_11",6
"sim_11",6
"sim_11",6
"sim_11",6
"sim_11",6
"sim_11",6
"sim_11",6
"sim_11",6
"sim_11",6
"sim_11",6
"sim_11",7
"sim_11",7
"sim_11",7
"sim_11",7
"sim_11",7
"sim_11",7
"sim_11",7
"sim_11",7
"sim_11",7
"sim_11",7
"sim_11",7
"sim_11",7
"sim_11",7
"sim_11",7
"sim_11",7
"sim_11",7
"sim_11",7
"sim_11",7
"sim_11",7
"sim_11",7
"sim_11",7
"sim_11",7
"sim_11",7
"sim_11",7
"sim_11",8
"sim_11",8
"sim_11",8
"sim_11",8
"sim_11",8
"sim_11",8
"sim_11",8
"sim_11",8
"sim_11",8
"sim_11",8
"sim_11",8
"sim_11",8
"sim_11",8
"sim_11",8
"sim_11",8
"sim_11",9
"sim_11",9
"sim_11",9
"sim_11",9
"sim_11",9
"sim_11",9
"sim_11",10
"sim_11",10
"sim_11",10
"sim_11",10
"sim_11",10
"sim_11",10
"sim_11",10
"sim_11",10
"sim_11",10
"sim_11",11
"sim_12",4
"sim_12",4
"sim_12",4
"sim_12",4
"sim_12",4
"sim_12",4
"sim_12",4
"sim_12",4
"sim_12",4
"sim_12",4
"sim_12",4
"sim_12",4
"sim_12",4
"sim_12",4
"sim_12",4
"sim_12",4
"sim_12",4
"sim_12",4
"sim_12",4
"sim_12",4
"sim_12",4
"sim_12",4
"sim_12",4
"sim_12",4
"sim_12",4
"sim_12",4
"sim_12",4
"sim_12",4
"sim_12",4
"sim_12",4
"sim_12",4
"sim_12",4
"sim_12",4
"sim_12",4
"sim_12",4
"sim_12",4
"sim_12",4
"sim_12",4
"sim_12",4
"sim_12",4
"sim_12",4
"sim_12",4
"sim_12",4
"sim_12",4
"sim_12",4
"sim_12",4
"sim_12",4
"sim_12",4
"sim_12",4
"sim_12",4
"sim_12",4
"sim_12",4
"sim_12",4
"sim_12",4
"sim_12",4
"sim_12",4
"sim_12",4
"sim_12",4
"sim_12",4
"sim_12",4
"sim_12",4
"sim_12",4
"sim_12",4
"sim_12",4
"sim_12",4
"sim_12",4
"sim_12",4
"sim_12",4
"sim_12",4
"sim_12",4
"sim_12",4
"sim_12",4
"sim_12",4
"sim_12",4
"sim_12",4
"sim_12",4
"sim_12",4
"sim_12",4
"sim_12",4
"sim_12",4
"sim_12",4
"sim_12",4
"sim_12",4
"sim_12",4
"sim_12",4
"sim_12",4
"sim_12",4
"sim_12",4
"sim_12",4
"sim_12",4
"sim_12",4
"sim_12",4
"sim_12",4
"sim_12",4
"sim_12",4
"sim_12",4
"sim_12",4
"sim_12",4
"sim_12",4
"sim_12",4
"sim_12",4
"sim_12",4
"sim_12",4
"sim_12",4
"sim_12",4
"sim_12",4
"sim_12",4
"sim_12",4
"sim_12",4
"sim_12",4
"sim_12",4
"sim_12",4
"sim_12",4
"sim_12",4
"sim_12",4
"sim_12",4
"sim_12",4
"sim_12",4
"sim_12",4
"sim_12",4
"sim_12",4
"sim_12",4
"sim_12",4
"sim_12",4
"sim_12",4
"sim_12",4
"sim_12",4
"sim_12",4
"sim_12",4
"sim_12",4
"sim_12",4
"sim_12",4
"sim_12",4
"sim_12",4
"sim_12",4
"sim_12",4
"sim_12",4
"sim_12",4
"sim_12",4
"sim_12",4
"sim_12",4
"sim_12",4
"sim_12",4
"sim_12",4
"sim_12",4
"sim_12",4
"sim_12",4
"sim_12",4
"sim_12",4
"sim_12",4
"sim_12",4
"sim_12",4
"sim_12",4
"sim_12",4
"sim_12",4
"sim_12",4
"sim_12",4
"sim_12",4
"sim_12",4
"sim_12",4
"sim_12",4
"sim_12",4
"sim_12",4
"sim_12",4
"sim_12",4
"sim_12",4
"sim_12",4
"sim_12",4
"sim_12",4
"sim_12",4
"sim_12",4
"sim_12",4
"sim_12",4
"sim_12",4
"sim_12",4
"sim_12",4
"sim_12",4
"sim_12",4
"sim_12",4
"sim_12",4
"sim_12",4
"sim_12",4
"sim_12",4
"sim_12",4
"sim_12",4
"sim_12",4
"sim_12",4
"sim_12",4
"sim_12",4
"sim_12",4
"sim_12",4
"sim_12",4
"sim_12",4
"sim_12",4
"sim_12",4
"sim_12",4
"sim_12",4
"sim_12",4
"sim_12",4
"sim_12",4
"sim_12",4
"sim_12",4
"sim_12",4
"sim_12",4
"sim_12",4
"sim_12",4
"sim_12",4
"sim_12",4
"sim_12",4
"sim_12",4
"sim_12",4
"sim_12",4
"sim_12",4
"sim_12",4
"sim_12",4
"sim_12",4
"sim_12",4
"sim_12",4
"sim_12",4
"sim_12",4
"sim_12",4
"sim_12",4
"sim_12",4
"sim_12",4
"sim_12",4
"sim_12",4
"sim_12",4
"sim_12",4
"sim_12",4
"sim_12",4
"sim_12",4
"sim_12",4
"sim_12",4
"sim_12",4
"sim_12",4
"sim_12",4
"sim_12",4
"sim_12",4
"sim_12",4
"sim_12",4
"sim_12",4
"sim_12",4
"sim_12",4
"sim_12",4
"sim_12",4
"sim_12",4
"sim_12",4
"sim_12",4
"sim_12",4
"sim_12",4
"sim_12",4
"sim_12",4
"sim_12",4
"sim_12",4
"sim_12",4
"sim_12",4
"sim_12",4
"sim_12",4
"sim_12",4
"sim_12",4
"sim_12",4
"sim_12",4
"sim_12",4
"sim_12",4
"sim_12",4
"sim_12",4
"sim_12",4
"sim_12",4
"sim_12",4
"sim_12",4
"sim_12",4
"sim_12",4
"sim_12",4
"sim_12",4
"sim_12",4
"sim_12",4
"sim_12",4
"sim_12",4
"sim_12",4
"sim_12",4
"sim_12",4
"sim_12",4
"sim_12",4
"sim_12",4
"sim_12",4
"sim_12",4
"sim_12",4
"sim_12",4
"sim_12",4
"sim_12",4
"sim_12",4
"sim_12",4
"sim_12",4
"sim_12",4
"sim_12",4
"sim_12",4
"sim_12",4
"sim_12",4
"sim_12",4
"sim_12",4
"sim_12",4
"sim_12",4
"sim_12",4
"sim_12",4
"sim_12",4
"sim_12",4
"sim_12",4
"sim_12",4
"sim_12",4
"sim_12",4
"sim_12",4
"sim_12",4
"sim_12",4
"sim_12",4
"sim_12",4
"sim_12",4
"sim_12",4
"sim_12",4
"sim_12",4
"sim_12",4
"sim_12",4
"sim_12",4
"sim_12",4
"sim_12",4
"sim_12",4
"sim_12",4
"sim_12",4
"sim_12",4
"sim_12",4
"sim_12",4
"sim_12",4
"sim_12",4
"sim_12",4
"sim_12",4
"sim_12",4
"sim_12",4
"sim_12",4
"sim_12",4
"sim_12",4
"sim_12",4
"sim_12",4
"sim_12",4
"sim_12",4
"sim_12",4
"sim_12",4
"sim_12",4
"sim_12",4
"sim_12",4
"sim_12",4
"sim_12",4
"sim_12",4
"sim_12",4
"sim_12",4
"sim_12",4
"sim_12",4
"sim_12",4
"sim_12",4
"sim_12",4
"sim_12",4
"sim_12",4
"sim_12",4
"sim_12",4
"sim_12",4
"sim_12",4
"sim_12",4
"sim_12",4
"sim_12",4
"sim_12",4
"sim_12",4
"sim_12",4
"sim_12",4
"sim_12",4
"sim_12",4
"sim_12",4
"sim_12",4
"sim_12",4
"sim_12",4
"sim_12",4
"sim_12",4
"sim_12",5
"sim_12",5
"sim_12",5
"sim_12",5
"sim_12",5
"sim_12",5
"sim_12",5
"sim_12",5
"sim_12",5
"sim_12",5
"sim_12",5
"sim_12",5
"sim_12",5
"sim_12",5
"sim_12",5
"sim_12",5
"sim_12",5
"sim_12",5
"sim_12",5
"sim_12",5
"sim_12",5
"sim_12",5
"sim_12",5
"sim_12",5
"sim_12",5
"sim_12",5
"sim_12",5
"sim_12",5
"sim_12",5
"sim_12",5
"sim_12",5
"sim_12",5
"sim_12",5
"sim_12",5
"sim_12",5
"sim_12",5
"sim_12",5
"sim_12",5
"sim_12",5
"sim_12",5
"sim_12",5
"sim_12",5
"sim_12",5
"sim_12",5
"sim_12",5
"sim_12",5
"sim_12",5
"sim_12",5
"sim_12",5
"sim_12",5
"sim_12",5
"sim_12",5
"sim_12",5
"sim_12",5
"sim_12",5
"sim_12",5
"sim_12",5
"sim_12",5
"sim_12",5
"sim_12",5
"sim_12",5
"sim_12",5
"sim_12",5
"sim_12",5
"sim_12",5
"sim_12",5
"sim_12",5
"sim_12",5
"sim_12",5
"sim_12",5
"sim_12",5
"sim_12",5
"sim_12",5
"sim_12",5
"sim_12",5
"sim_12",5
"sim_12",6
"sim_12",6
"sim_12",6
"sim_12",6
"sim_12",6
"sim_12",6
"sim_12",6
"sim_12",6
"sim_12",6
"sim_12",6
"sim_12",6
"sim_12",6
"sim_12",6
"sim_12",6
"sim_12",6
"sim_12",6
"sim_12",6
"sim_12",6
"sim_12",6
"sim_12",6
"sim_12",6
"sim_12",6
"sim_12",6
"sim_12",6
"sim_12",6
"sim_12",6
"sim_12",6
"sim_12",6
"sim_12",6
"sim_12",6
"sim_12",6
"sim_12",6
"sim_12",6
"sim_12",6
"sim_12",6
"sim_12",6
"sim_12",6
"sim_12",6
"sim_12",6
"sim_12",6
"sim_12",6
"sim_12",6
"sim_12",6
"sim_12",6
"sim_12",6
"sim_12",6
"sim_12",6
"sim_12",6
"sim_12",7
"sim_12",7
"sim_12",7
"sim_12",7
"sim_12",7
"sim_12",7
"sim_12",7
"sim_12",7
"sim_12",7
"sim_12",7
"sim_12",7
"sim_12",7
"sim_12",7
"sim_12",7
"sim_12",7
"sim_12",7
"sim_12",7
"sim_12",7
"sim_12",7
"sim_12",7
"sim_12",7
"sim_12",7
"sim_12",7
"sim_12",7
"sim_12",7
"sim_12",7
"sim_12",7
"sim_12",7
"sim_12",7
"sim_12",7
"sim_12",7
"sim_12",7
"sim_12",7
"sim_12",7
"sim_12",7
"sim_12",7
"sim_12",8
"sim_12",8
"sim_12",8
"sim_12",8
"sim_12",8
"sim_12",8
"sim_12",8
"sim_12",8
"sim_12",8
"sim_12",9
"sim_12",9
"sim_12",9
"sim_12",9
"sim_12",9
"sim_12",9
"sim_12",11
"sim_12",12
"sim_12",13
"sim_12",13
"sim_12",13
"sim_12",13
"sim_12",14
"sim_12",14
"sim_12",14
"sim_12",14
"sim_12",14
"sim_12",15
"sim_13",4
"sim_13",4
"sim_13",4
"sim_13",4
"sim_13",4
"sim_13",4
"sim_13",4
"sim_13",4
"sim_13",4
"sim_13",4
"sim_13",4
"sim_13",4
"sim_13",4
"sim_13",4
"sim_13",4
"sim_13",4
"sim_13",4
"sim_13",4
"sim_13",4
"sim_13",4
"sim_13",4
"sim_13",4
"sim_13",4
"sim_13",4
"sim_13",4
"sim_13",4
"sim_13",4
"sim_13",4
"sim_13",4
"sim_13",4
"sim_13",4
"sim_13",4
"sim_13",4
"sim_13",4
"sim_13",4
"sim_13",4
"sim_13",4
"sim_13",4
"sim_13",4
"sim_13",4
"sim_13",4
"sim_13",4
"sim_13",4
"sim_13",4
"sim_13",4
"sim_13",4
"sim_13",4
"sim_13",4
"sim_13",4
"sim_13",4
"sim_13",4
"sim_13",4
"sim_13",4
"sim_13",4
"sim_13",4
"sim_13",4
"sim_13",4
"sim_13",4
"sim_13",4
"sim_13",4
"sim_13",4
"sim_13",4
"sim_13",4
"sim_13",4
"sim_13",4
"sim_13",4
"sim_13",4
"sim_13",4
"sim_13",4
"sim_13",4
"sim_13",4
"sim_13",4
"sim_13",4
"sim_13",4
"sim_13",4
"sim_13",4
"sim_13",4
"sim_13",4
"sim_13",4
"sim_13",4
"sim_13",4
"sim_13",4
"sim_13",4
"sim_13",4
"sim_13",4
"sim_13",4
"sim_13",4
"sim_13",4
"sim_13",4
"sim_13",4
"sim_13",4
"sim_13",4
"sim_13",4
"sim_13",4
"sim_13",4
"sim_13",4
"sim_13",4
"sim_13",4
"sim_13",4
"sim_13",4
"sim_13",4
"sim_13",4
"sim_13",4
"sim_13",4
"sim_13",4
"sim_13",4
"sim_13",4
"sim_13",4
"sim_13",4
"sim_13",4
"sim_13",4
"sim_13",4
"sim_13",4
"sim_13",4
"sim_13",4
"sim_13",4
"sim_13",4
"sim_13",4
"sim_13",4
"sim_13",4
"sim_13",4
"sim_13",4
"sim_13",4
"sim_13",4
"sim_13",4
"sim_13",4
"sim_13",4
"sim_13",4
"sim_13",4
"sim_13",4
"sim_13",4
"sim_13",4
"sim_13",4
"sim_13",4
"sim_13",4
"sim_13",4
"sim_13",4
"sim_13",4
"sim_13",4
"sim_13",4
"sim_13",4
"sim_13",4
"sim_13",4
"sim_13",4
"sim_13",4
"sim_13",4
"sim_13",4
"sim_13",4
"sim_13",4
"sim_13",4
"sim_13",4
"sim_13",4
"sim_13",4
"sim_13",4
"sim_13",4
"sim_13",4
"sim_13",4
"sim_13",4
"sim_13",4
"sim_13",4
"sim_13",4
"sim_13",4
"sim_13",4
"sim_13",4
"sim_13",4
"sim_13",4
"sim_13",4
"sim_13",4
"sim_13",4
"sim_13",4
"sim_13",4
"sim_13",4
"sim_13",4
"sim_13",4
"sim_13",4
"sim_13",4
"sim_13",4
"sim_13",4
"sim_13",4
"sim_13",4
"sim_13",4
"sim_13",4
"sim_13",4
"sim_13",4
"sim_13",4
"sim_13",4
"sim_13",4
"sim_13",4
"sim_13",4
"sim_13",4
"sim_13",4
"sim_13",4
"sim_13",4
"sim_13",4
"sim_13",4
"sim_13",4
"sim_13",4
"sim_13",4
"sim_13",4
"sim_13",4
"sim_13",4
"sim_13",4
"sim_13",4
"sim_13",4
"sim_13",4
"sim_13",4
"sim_13",4
"sim_13",4
"sim_13",4
"sim_13",4
"sim_13",4
"sim_13",4
"sim_13",4
"sim_13",4
"sim_13",4
"sim_13",4
"sim_13",4
"sim_13",4
"sim_13",4
"sim_13",4
"sim_13",4
"sim_13",4
"sim_13",4
"sim_13",4
"sim_13",4
"sim_13",4
"sim_13",4
"sim_13",4
"sim_13",4
"sim_13",4
"sim_13",4
"sim_13",4
"sim_13",4
"sim_13",4
"sim_13",4
"sim_13",4
"sim_13",4
"sim_13",4
"sim_13",4
"sim_13",4
"sim_13",4
"sim_13",4
"sim_13",4
"sim_13",4
"sim_13",4
"sim_13",4
"sim_13",4
"sim_13",4
"sim_13",4
"sim_13",4
"sim_13",4
"sim_13",4
"sim_13",4
"sim_13",4
"sim_13",4
"sim_13",4
"sim_13",4
"sim_13",4
"sim_13",4
"sim_13",4
"sim_13",4
"sim_13",4
"sim_13",4
"sim_13",4
"sim_13",4
"sim_13",4
"sim_13",4
"sim_13",4
"sim_13",4
"sim_13",4
"sim_13",4
"sim_13",4
"sim_13",4
"sim_13",4
"sim_13",4
"sim_13",4
"sim_13",4
"sim_13",4
"sim_13",4
"sim_13",4
"sim_13",4
"sim_13",4
"sim_13",4
"sim_13",4
"sim_13",4
"sim_13",4
"sim_13",4
"sim_13",4
"sim_13",4
"sim_13",4
"sim_13",4
"sim_13",4
"sim_13",4
"sim_13",4
"sim_13",4
"sim_13",4
"sim_13",4
"sim_13",4
"sim_13",4
"sim_13",4
"sim_13",4
"sim_13",4
"sim_13",4
"sim_13",4
"sim_13",4
"sim_13",4
"sim_13",4
"sim_13",4
"sim_13",4
"sim_13",4
"sim_13",4
"sim_13",4
"sim_13",4
"sim_13",4
"sim_13",4
"sim_13",4
"sim_13",4
"sim_13",4
"sim_13",4
"sim_13",4
"sim_13",4
"sim_13",4
"sim_13",4
"sim_13",4
"sim_13",4
"sim_13",4
"sim_13",4
"sim_13",4
"sim_13",4
"sim_13",4
"sim_13",4
"sim_13",4
"sim_13",4
"sim_13",4
"sim_13",4
"sim_13",4
"sim_13",4
"sim_13",4
"sim_13",4
"sim_13",4
"sim_13",4
"sim_13",4
"sim_13",4
"sim_13",4
"sim_13",4
"sim_13",4
"sim_13",4
"sim_13",4
"sim_13",4
"sim_13",4
"sim_13",4
"sim_13",4
"sim_13",4
"sim_13",4
"sim_13",4
"sim_13",4
"sim_13",4
"sim_13",4
"sim_13",4
"sim_13",4
"sim_13",4
"sim_13",4
"sim_13",4
"sim_13",4
"sim_13",4
"sim_13",4
"sim_13",4
"sim_13",4
"sim_13",4
"sim_13",4
"sim_13",4
"sim_13",4
"sim_13",4
"sim_13",4
"sim_13",4
"sim_13",4
"sim_13",4
"sim_13",4
"sim_13",4
"sim_13",4
"sim_13",5
"sim_13",5
"sim_13",5
"sim_13",5
"sim_13",5
"sim_13",5
"sim_13",5
"sim_13",5
"sim_13",5
"sim_13",5
"sim_13",5
"sim_13",5
"sim_13",5
"sim_13",5
"sim_13",5
"sim_13",5
"sim_13",5
"sim_13",5
"sim_13",5
"sim_13",5
"sim_13",5
"sim_13",5
"sim_13",5
"sim_13",5
"sim_13",5
"sim_13",5
"sim_13",5
"sim_13",5
"sim_13",5
"sim_13",5
"sim_13",5
"sim_13",5
"sim_13",5
"sim_13",5
"sim_13",5
"sim_13",5
"sim_13",5
"sim_13",5
"sim_13",5
"sim_13",5
"sim_13",5
"sim_13",5
"sim_13",5
"sim_13",5
"sim_13",5
"sim_13",5
"sim_13",5
"sim_13",5
"sim_13",5
"sim_13",5
"sim_13",5
"sim_13",5
"sim_13",5
"sim_13",5
"sim_13",5
"sim_13",5
"sim_13",5
"sim_13",5
"sim_13",5
"sim_13",5
"sim_13",5
"sim_13",5
"sim_13",5
"sim_13",5
"sim_13",5
"sim_13",5
"sim_13",5
"sim_13",5
"sim_13",5
"sim_13",5
"sim_13",5
"sim_13",5
"sim_13",5
"sim_13",5
"sim_13",5
"sim_13",5
"sim_13",5
"sim_13",5
"sim_13",5
"sim_13",5
"sim_13",5
"sim_13",5
"sim_13",5
"sim_13",5
"sim_13",5
"sim_13",5
"sim_13",5
"sim_13",5
"sim_13",5
"sim_13",5
"sim_13",5
"sim_13",5
"sim_13",5
"sim_13",5
"sim_13",5
"sim_13",6
"sim_13",6
"sim_13",6
"sim_13",6
"sim_13",6
"sim_13",6
"sim_13",6
"sim_13",6
"sim_13",6
"sim_13",6
"sim_13",6
"sim_13",6
"sim_13",6
"sim_13",6
"sim_13",6
"sim_13",6
"sim_13",6
"sim_13",6
"sim_13",6
"sim_13",6
"sim_13",6
"sim_13",6
"sim_13",6
"sim_13",6
"sim_13",6
"sim_13",6
"sim_13",6
"sim_13",6
"sim_13",6
"sim_13",6
"sim_13",6
"sim_13",6
"sim_13",6
"sim_13",6
"sim_13",6
"sim_13",6
"sim_13",6
"sim_13",6
"sim_13",6
"sim_13",6
"sim_13",6
"sim_13",6
"sim_13",6
"sim_13",6
"sim_13",6
"sim_13",6
"sim_13",6
"sim_13",7
"sim_13",7
"sim_13",7
"sim_13",7
"sim_13",7
"sim_13",7
"sim_13",7
"sim_13",7
"sim_13",7
"sim_13",7
"sim_13",7
"sim_13",7
"sim_13",7
"sim_13",7
"sim_13",7
"sim_13",7
"sim_13",7
"sim_13",7
"sim_13",7
"sim_13",7
"sim_13",7
"sim_13",7
"sim_13",7
"sim_13",7
"sim_13",7
"sim_13",7
"sim_13",7
"sim_13",7
"sim_13",7
"sim_13",7
"sim_13",7
"sim_13",7
"sim_13",8
"sim_13",8
"sim_13",8
"sim_13",8
"sim_13",8
"sim_13",8
"sim_13",8
"sim_13",8
"sim_13",8
"sim_13",8
"sim_13",8
"sim_13",9
"sim_14",4
"sim_14",4
"sim_14",4
"sim_14",4
"sim_14",4
"sim_14",4
"sim_14",4
"sim_14",4
"sim_14",4
"sim_14",4
"sim_14",4
"sim_14",4
"sim_14",4
"sim_14",4
"sim_14",4
"sim_14",4
"sim_14",4
"sim_14",4
"sim_14",4
"sim_14",4
"sim_14",4
"sim_14",4
"sim_14",4
"sim_14",4
"sim_14",4
"sim_14",4
"sim_14",4
"sim_14",4
"sim_14",4
"sim_14",4
"sim_14",4
"sim_14",4
"sim_14",4
"sim_14",4
"sim_14",4
"sim_14",4
"sim_14",4
"sim_14",4
"sim_14",4
"sim_14",4
"sim_14",4
"sim_14",4
"sim_14",4
"sim_14",4
"sim_14",4
"sim_14",4
"sim_14",4
"sim_14",4
"sim_14",4
"sim_14",4
"sim_14",4
"sim_14",4
"sim_14",4
"sim_14",4
"sim_14",4
"sim_14",4
"sim_14",4
"sim_14",4
"sim_14",4
"sim_14",4
"sim_14",4
"sim_14",4
"sim_14",4
"sim_14",4
"sim_14",4
"sim_14",4
"sim_14",4
"sim_14",4
"sim_14",4
"sim_14",4
"sim_14",4
"sim_14",4
"sim_14",4
"sim_14",4
"sim_14",4
"sim_14",4
"sim_14",4
"sim_14",4
"sim_14",4
"sim_14",4
"sim_14",4
"sim_14",4
"sim_14",4
"sim_14",4
"sim_14",4
"sim_14",4
"sim_14",4
"sim_14",4
"sim_14",4
"sim_14",4
"sim_14",4
"sim_14",4
"sim_14",4
"sim_14",4
"sim_14",4
"sim_14",4
"sim_14",4
"sim_14",4
"sim_14",4
"sim_14",4
"sim_14",4
"sim_14",4
"sim_14",4
"sim_14",4
"sim_14",4
"sim_14",4
"sim_14",4
"sim_14",4
"sim_14",4
"sim_14",4
"sim_14",4
"sim_14",4
"sim_14",4
"sim_14",4
"sim_14",4
"sim_14",4
"sim_14",4
"sim_14",4
"sim_14",4
"sim_14",4
"sim_14",4
"sim_14",4
"sim_14",4
"sim_14",4
"sim_14",4
"sim_14",4
"sim_14",4
"sim_14",4
"sim_14",4
"sim_14",4
"sim_14",4
"sim_14",4
"sim_14",4
"sim_14",4
"sim_14",4
"sim_14",4
"sim_14",4
"sim_14",4
"sim_14",4
"sim_14",4
"sim_14",4
"sim_14",4
"sim_14",4
"sim_14",4
"sim_14",4
"sim_14",4
"sim_14",4
"sim_14",4
"sim_14",4
"sim_14",4
"sim_14",4
"sim_14",4
"sim_14",4
"sim_14",4
"sim_14",4
"sim_14",4
"sim_14",4
"sim_14",4
"sim_14",4
"sim_14",4
"sim_14",4
"sim_14",4
"sim_14",4
"sim_14",4
"sim_14",4
"sim_14",4
"sim_14",4
"sim_14",4
"sim_14",4
"sim_14",4
"sim_14",4
"sim_14",4
"sim_14",4
"sim_14",4
"sim_14",4
"sim_14",4
"sim_14",4
"sim_14",4
"sim_14",4
"sim_14",4
"sim_14",4
"sim_14",4
"sim_14",4
"sim_14",4
"sim_14",4
"sim_14",4
"sim_14",4
"sim_14",4
"sim_14",4
"sim_14",4
"sim_14",4
"sim_14",4
"sim_14",4
"sim_14",4
"sim_14",4
"sim_14",4
"sim_14",4
"sim_14",4
"sim_14",4
"sim_14",4
"sim_14",4
"sim_14",4
"sim_14",4
"sim_14",4
"sim_14",4
"sim_14",4
"sim_14",4
"sim_14",4
"sim_14",4
"sim_14",4
"sim_14",4
"sim_14",4
"sim_14",4
"sim_14",4
"sim_14",4
"sim_14",4
"sim_14",4
"sim_14",4
"sim_14",4
"sim_14",4
"sim_14",4
"sim_14",4
"sim_14",4
"sim_14",4
"sim_14",4
"sim_14",4
"sim_14",4
"sim_14",4
"sim_14",4
"sim_14",4
"sim_14",4
"sim_14",4
"sim_14",4
"sim_14",4
"sim_14",4
"sim_14",4
"sim_14",4
"sim_14",4
"sim_14",4
"sim_14",4
"sim_14",4
"sim_14",4
"sim_14",4
"sim_14",4
"sim_14",4
"sim_14",4
"sim_14",4
"sim_14",4
"sim_14",4
"sim_14",4
"sim_14",4
"sim_14",4
"sim_14",4
"sim_14",4
"sim_14",4
"sim_14",4
"sim_14",4
"sim_14",4
"sim_14",4
"sim_14",4
"sim_14",4
"sim_14",4
"sim_14",4
"sim_14",4
"sim_14",4
"sim_14",4
"sim_14",4
"sim_14",4
"sim_14",4
"sim_14",4
"sim_14",4
"sim_14",4
"sim_14",4
"sim_14",4
"sim_14",4
"sim_14",4
"sim_14",4
"sim_14",4
"sim_14",4
"sim_14",4
"sim_14",4
"sim_14",4
"sim_14",4
"sim_14",4
"sim_14",4
"sim_14",4
"sim_14",4
"sim_14",4
"sim_14",4
"sim_14",4
"sim_14",4
"sim_14",4
"sim_14",4
"sim_14",4
"sim_14",4
"sim_14",4
"sim_14",4
"sim_14",4
"sim_14",4
"sim_14",4
"sim_14",4
"sim_14",4
"sim_14",4
"sim_14",4
"sim_14",4
"sim_14",4
"sim_14",4
"sim_14",4
"sim_14",4
"sim_14",4
"sim_14",4
"sim_14",4
"sim_14",4
"sim_14",4
"sim_14",4
"sim_14",4
"sim_14",4
"sim_14",4
"sim_14",4
"sim_14",4
"sim_14",4
"sim_14",4
"sim_14",4
"sim_14",4
"sim_14",4
"sim_14",4
"sim_14",4
"sim_14",4
"sim_14",4
"sim_14",4
"sim_14",4
"sim_14",4
"sim_14",4
"sim_14",4
"sim_14",4
"sim_14",4
"sim_14",4
"sim_14",4
"sim_14",4
"sim_14",4
"sim_14",4
"sim_14",4
"sim_14",4
"sim_14",4
"sim_14",4
"sim_14",4
"sim_14",4
"sim_14",4
"sim_14",4
"sim_14",4
"sim_14",4
"sim_14",4
"sim_14",4
"sim_14",4
"sim_14",4
"sim_14",4
"sim_14",4
"sim_14",4
"sim_14",4
"sim_14",4
"sim_14",4
"sim_14",4
"sim_14",4
"sim_14",4
"sim_14",5
"sim_14",5
"sim_14",5
"sim_14",5
"sim_14",5
"sim_14",5
"sim_14",5
"sim_14",5
"sim_14",5
"sim_14",5
"sim_14",5
"sim_14",5
"sim_14",5
"sim_14",5
"sim_14",5
"sim_14",5
"sim_14",5
"sim_14",5
"sim_14",5
"sim_14",5
"sim_14",5
"sim_14",5
"sim_14",5
"sim_14",5
"sim_14",5
"sim_14",5
"sim_14",5
"sim_14",5
"sim_14",5
"sim_14",5
"sim_14",5
"sim_14",5
"sim_14",5
"sim_14",5
"sim_14",5
"sim_14",5
"sim_14",5
"sim_14",5
"sim_14",5
"sim_14",5
"sim_14",5
"sim_14",5
"sim_14",5
"sim_14",5
"sim_14",5
"sim_14",5
"sim_14",5
"sim_14",5
"sim_14",5
"sim_14",5
"sim_14",5
"sim_14",5
"sim_14",5
"sim_14",5
"sim_14",5
"sim_14",5
"sim_14",5
"sim_14",5
"sim_14",5
"sim_14",5
"sim_14",5
"sim_14",5
"sim_14",5
"sim_14",5
"sim_14",5
"sim_14",5
"sim_14",5
"sim_14",5
"sim_14",5
"sim_14",5
"sim_14",5
"sim_14",5
"sim_14",5
"sim_14",5
"sim_14",5
"sim_14",5
"sim_14",5
"sim_14",5
"sim_14",5
"sim_14",5
"sim_14",5
"sim_14",5
"sim_14",5
"sim_14",5
"sim_14",5
"sim_14",6
"sim_14",6
"sim_14",6
"sim_14",6
"sim_14",6
"sim_14",6
"sim_14",6
"sim_14",6
"sim_14",6
"sim_14",6
"sim_14",6
"sim_14",6
"sim_14",6
"sim_14",6
"sim_14",6
"sim_14",6
"sim_14",6
"sim_14",6
"sim_14",6
"sim_14",6
"sim_14",6
"sim_14",6
"sim_14",6
"sim_14",6
"sim_14",6
"sim_14",6
"sim_14",6
"sim_14",6
"sim_14",6
"sim_14",6
"sim_14",6
"sim_14",6
"sim_14",6
"sim_14",6
"sim_14",6
"sim_14",6
"sim_14",6
"sim_14",6
"sim_14",6
"sim_14",6
"sim_14",6
"sim_14",6
"sim_14",6
"sim_14",6
"sim_14",6
"sim_14",6
"sim_14",6
"sim_14",6
"sim_14",6
"sim_14",6
"sim_14",6
"sim_14",6
"sim_14",7
"sim_14",7
"sim_14",7
"sim_14",7
"sim_14",7
"sim_14",7
"sim_14",7
"sim_14",7
"sim_14",7
"sim_14",7
"sim_14",7
"sim_14",7
"sim_14",7
"sim_14",7
"sim_14",7
"sim_14",7
"sim_14",7
"sim_14",7
"sim_14",7
"sim_14",7
"sim_14",7
"sim_14",7
"sim_14",7
"sim_14",7
"sim_14",7
"sim_14",7
"sim_14",7
"sim_14",7
"sim_14",7
"sim_14",7
"sim_14",7
"sim_14",7
"sim_14",7
"sim_14",7
"sim_14",7
"sim_14",7
"sim_14",7
"sim_14",7
"sim_14",8
"sim_14",8
"sim_14",8
"sim_14",8
"sim_14",8
"sim_14",8
"sim_14",8
"sim_14",8
"sim_14",9
"sim_14",9
"sim_14",9
"sim_14",9
"sim_14",9
"sim_14",9
"sim_14",10
"sim_14",10
"sim_14",12
"sim_14",12
"sim_14",12
"sim_14",12
"sim_14",12
"sim_14",12
"sim_14",12
"sim_14",12
"sim_14",12
"sim_14",13
"sim_14",14
"sim_15",4
"sim_15",4
"sim_15",4
"sim_15",4
"sim_15",4
"sim_15",4
"sim_15",4
"sim_15",4
"sim_15",4
"sim_15",4
"sim_15",4
"sim_15",4
"sim_15",4
"sim_15",4
"sim_15",4
"sim_15",4
"sim_15",4
"sim_15",4
"sim_15",4
"sim_15",4
"sim_15",4
"sim_15",4
"sim_15",4
"sim_15",4
"sim_15",4
"sim_15",4
"sim_15",4
"sim_15",4
"sim_15",4
"sim_15",4
"sim_15",4
"sim_15",4
"sim_15",4
"sim_15",4
"sim_15",4
"sim_15",4
"sim_15",4
"sim_15",4
"sim_15",4
"sim_15",4
"sim_15",4
"sim_15",4
"sim_15",4
"sim_15",4
"sim_15",4
"sim_15",4
"sim_15",4
"sim_15",4
"sim_15",4
"sim_15",4
"sim_15",4
"sim_15",4
"sim_15",4
"sim_15",4
"sim_15",4
"sim_15",4
"sim_15",4
"sim_15",4
"sim_15",4
"sim_15",4
"sim_15",4
"sim_15",4
"sim_15",4
"sim_15",4
"sim_15",4
"sim_15",4
"sim_15",4
"sim_15",4
"sim_15",4
"sim_15",4
"sim_15",4
"sim_15",4
"sim_15",4
"sim_15",4
"sim_15",4
"sim_15",4
"sim_15",4
"sim_15",4
"sim_15",4
"sim_15",4
"sim_15",4
"sim_15",4
"sim_15",4
"sim_15",4
"sim_15",4
"sim_15",4
"sim_15",4
"sim_15",4
"sim_15",4
"sim_15",4
"sim_15",4
"sim_15",4
"sim_15",4
"sim_15",4
"sim_15",4
"sim_15",4
"sim_15",4
"sim_15",4
"sim_15",4
"sim_15",4
"sim_15",4
"sim_15",4
"sim_15",4
"sim_15",4
"sim_15",4
"sim_15",4
"sim_15",4
"sim_15",4
"sim_15",4
"sim_15",4
"sim_15",4
"sim_15",4
"sim_15",4
"sim_15",4
"sim_15",4
"sim_15",4
"sim_15",4
"sim_15",4
"sim_15",4
"sim_15",4
"sim_15",4
"sim_15",4
"sim_15",4
"sim_15",4
"sim_15",4
"sim_15",4
"sim_15",4
"sim_15",4
"sim_15",4
"sim_15",4
"sim_15",4
"sim_15",4
"sim_15",4
"sim_15",4
"sim_15",4
"sim_15",4
"sim_15",4
"sim_15",4
"sim_15",4
"sim_15",4
"sim_15",4
"sim_15",4
"sim_15",4
"sim_15",4
"sim_15",4
"sim_15",4
"sim_15",4
"sim_15",4
"sim_15",4
"sim_15",4
"sim_15",4
"sim_15",4
"sim_15",4
"sim_15",4
"sim_15",4
"sim_15",4
"sim_15",4
"sim_15",4
"sim_15",4
"sim_15",4
"sim_15",4
"sim_15",4
"sim_15",4
"sim_15",4
"sim_15",4
"sim_15",4
"sim_15",4
"sim_15",4
"sim_15",4
"sim_15",4
"sim_15",4
"sim_15",4
"sim_15",4
"sim_15",4
"sim_15",4
"sim_15",4
"sim_15",4
"sim_15",4
"sim_15",4
"sim_15",4
"sim_15",4
"sim_15",4
"sim_15",4
"sim_15",4
"sim_15",4
"sim_15",4
"sim_15",4
"sim_15",4
"sim_15",4
"sim_15",4
"sim_15",4
"sim_15",4
"sim_15",4
"sim_15",4
"sim_15",4
"sim_15",4
"sim_15",4
"sim_15",4
"sim_15",4
"sim_15",4
"sim_15",4
"sim_15",4
"sim_15",4
"sim_15",4
"sim_15",4
"sim_15",4
"sim_15",4
"sim_15",4
"sim_15",4
"sim_15",4
"sim_15",4
"sim_15",4
"sim_15",4
"sim_15",4
"sim_15",4
"sim_15",4
"sim_15",4
"sim_15",4
"sim_15",4
"sim_15",4
"sim_15",4
"sim_15",4
"sim_15",4
"sim_15",4
"sim_15",4
"sim_15",4
"sim_15",4
"sim_15",4
"sim_15",4
"sim_15",4
"sim_15",4
"sim_15",4
"sim_15",4
"sim_15",4
"sim_15",4
"sim_15",4
"sim_15",4
"sim_15",4
"sim_15",4
"sim_15",4
"sim_15",4
"sim_15",4
"sim_15",4
"sim_15",4
"sim_15",4
"sim_15",4
"sim_15",4
"sim_15",4
"sim_15",4
"sim_15",4
"sim_15",4
"sim_15",4
"sim_15",4
"sim_15",4
"sim_15",4
"sim_15",4
"sim_15",4
"sim_15",4
"sim_15",4
"sim_15",4
"sim_15",4
"sim_15",4
"sim_15",4
"sim_15",4
"sim_15",4
"sim_15",4
"sim_15",4
"sim_15",4
"sim_15",4
"sim_15",4
"sim_15",4
"sim_15",4
"sim_15",4
"sim_15",4
"sim_15",4
"sim_15",4
"sim_15",4
"sim_15",4
"sim_15",4
"sim_15",4
"sim_15",4
"sim_15",4
"sim_15",4
"sim_15",4
"sim_15",4
"sim_15",4
"sim_15",4
"sim_15",4
"sim_15",4
"sim_15",4
"sim_15",4
"sim_15",4
"sim_15",4
"sim_15",4
"sim_15",4
"sim_15",4
"sim_15",4
"sim_15",4
"sim_15",4
"sim_15",4
"sim_15",4
"sim_15",4
"sim_15",4
"sim_15",4
"sim_15",4
"sim_15",4
"sim_15",4
"sim_15",4
"sim_15",4
"sim_15",4
"sim_15",4
"sim_15",4
"sim_15",4
"sim_15",4
"sim_15",4
"sim_15",4
"sim_15",4
"sim_15",4
"sim_15",4
"sim_15",4
"sim_15",4
"sim_15",4
"sim_15",4
"sim_15",4
"sim_15",4
"sim_15",4
"sim_15",4
"sim_15",4
"sim_15",4
"sim_15",4
"sim_15",4
"sim_15",4
"sim_15",4
"sim_15",4
"sim_15",4
"sim_15",4
"sim_15",4
"sim_15",4
"sim_15",4
"sim_15",4
"sim_15",4
"sim_15",4
"sim_15",4
"sim_15",4
"sim_15",4
"sim_15",4
"sim_15",4
"sim_15",4
"sim_15",4
"sim_15",4
"sim_15",4
"sim_15",4
"sim_15",4
"sim_15",4
"sim_15",4
"sim_15",4
"sim_15",4
"sim_15",4
"sim_15",4
"sim_15",4
"sim_15",4
"sim_15",4
"sim_15",4
"sim_15",4
"sim_15",4
"sim_15",4
"sim_15",4
"sim_15",4
"sim_15",4
"sim_15",4
"sim_15",4
"sim_15",4
"sim_15",4
"sim_15",4
"sim_15",4
"sim_15",4
"sim_15",4
"sim_15",4
"sim_15",4
"sim_15",4
"sim_15",4
"sim_15",4
"sim_15",4
"sim_15",4
"sim_15",5
"sim_15",5
"sim_15",5
"sim_15",5
"sim_15",5
"sim_15",5
"sim_15",5
"sim_15",5
"sim_15",5
"sim_15",5
"sim_15",5
"sim_15",5
"sim_15",5
"sim_15",5
"sim_15",5
"sim_15",5
"sim_15",5
"sim_15",5
"sim_15",5
"sim_15",5
"sim_15",5
"sim_15",5
"sim_15",5
"sim_15",5
"sim_15",5
"sim_15",5
"sim_15",5
"sim_15",5
"sim_15",5
"sim_15",5
"sim_15",5
"sim_15",5
"sim_15",5
"sim_15",5
"sim_15",5
"sim_15",5
"sim_15",5
"sim_15",5
"sim_15",5
"sim_15",5
"sim_15",5
"sim_15",5
"sim_15",5
"sim_15",5
"sim_15",5
"sim_15",5
"sim_15",5
"sim_15",5
"sim_15",5
"sim_15",5
"sim_15",5
"sim_15",5
"sim_15",5
"sim_15",5
"sim_15",5
"sim_15",5
"sim_15",5
"sim_15",5
"sim_15",5
"sim_15",5
"sim_15",5
"sim_15",5
"sim_15",5
"sim_15",5
"sim_15",5
"sim_15",5
"sim_15",5
"sim_15",5
"sim_15",5
"sim_15",5
"sim_15",5
"sim_15",5
"sim_15",5
"sim_15",5
"sim_15",5
"sim_15",5
"sim_15",5
"sim_15",5
"sim_15",5
"sim_15",5
"sim_15",5
"sim_15",5
"sim_15",5
"sim_15",5
"sim_15",5
"sim_15",5
"sim_15",5
"sim_15",5
"sim_15",5
"sim_15",5
"sim_15",5
"sim_15",5
"sim_15",5
"sim_15",5
"sim_15",5
"sim_15",5
"sim_15",5
"sim_15",6
"sim_15",6
"sim_15",6
"sim_15",6
"sim_15",6
"sim_15",6
"sim_15",6
"sim_15",6
"sim_15",6
"sim_15",6
"sim_15",6
"sim_15",6
"sim_15",6
"sim_15",6
"sim_15",6
"sim_15",6
"sim_15",6
"sim_15",6
"sim_15",6
"sim_15",6
"sim_15",6
"sim_15",6
"sim_15",6
"sim_15",6
"sim_15",6
"sim_15",6
"sim_15",6
"sim_15",6
"sim_15",6
"sim_15",6
"sim_15",6
"sim_15",6
"sim_15",6
"sim_15",6
"sim_15",6
"sim_15",6
"sim_15",6
"sim_15",7
"sim_15",7
"sim_15",7
"sim_15",7
"sim_15",7
"sim_15",7
"sim_15",7
"sim_15",7
"sim_15",7
"sim_15",7
"sim_15",7
"sim_15",7
"sim_15",7
"sim_15",8
"sim_15",8
"sim_15",8
"sim_15",8
"sim_15",8
"sim_15",8
"sim_15",8
"sim_15",8
"sim_15",8
"sim_15",8
"sim_15",8
"sim_15",8
"sim_15",8
"sim_15",8
"sim_15",8
"sim_15",8
"sim_15",9
"sim_15",9
"sim_15",9
"sim_15",9
"sim_15",9
"sim_15",9
"sim_15",9
"sim_15",10
"sim_15",10
"sim_15",12
"sim_15",13
"sim_15",13
"sim_15",13
"sim_15",13
"sim_15",13
"sim_15",14
"sim_15",14
"sim_15",14
"sim_15",16
"sim_16",4
"sim_16",4
"sim_16",4
"sim_16",4
"sim_16",4
"sim_16",4
"sim_16",4
"sim_16",4
"sim_16",4
"sim_16",4
"sim_16",4
"sim_16",4
"sim_16",4
"sim_16",4
"sim_16",4
"sim_16",4
"sim_16",4
"sim_16",4
"sim_16",4
"sim_16",4
"sim_16",4
"sim_16",4
"sim_16",4
"sim_16",4
"sim_16",4
"sim_16",4
"sim_16",4
"sim_16",4
"sim_16",4
"sim_16",4
"sim_16",4
"sim_16",4
"sim_16",4
"sim_16",4
"sim_16",4
"sim_16",4
"sim_16",4
"sim_16",4
"sim_16",4
"sim_16",4
"sim_16",4
"sim_16",4
"sim_16",4
"sim_16",4
"sim_16",4
"sim_16",4
"sim_16",4
"sim_16",4
"sim_16",4
"sim_16",4
"sim_16",4
"sim_16",4
"sim_16",4
"sim_16",4
"sim_16",4
"sim_16",4
"sim_16",4
"sim_16",4
"sim_16",4
"sim_16",4
"sim_16",4
"sim_16",4
"sim_16",4
"sim_16",4
"sim_16",4
"sim_16",4
"sim_16",4
"sim_16",4
"sim_16",4
"sim_16",4
"sim_16",4
"sim_16",4
"sim_16",4
"sim_16",4
"sim_16",4
"sim_16",4
"sim_16",4
"sim_16",4
"sim_16",4
"sim_16",4
"sim_16",4
"sim_16",4
"sim_16",4
"sim_16",4
"sim_16",4
"sim_16",4
"sim_16",4
"sim_16",4
"sim_16",4
"sim_16",4
"sim_16",4
"sim_16",4
"sim_16",4
"sim_16",4
"sim_16",4
"sim_16",4
"sim_16",4
"sim_16",4
"sim_16",4
"sim_16",4
"sim_16",4
"sim_16",4
"sim_16",4
"sim_16",4
"sim_16",4
"sim_16",4
"sim_16",4
"sim_16",4
"sim_16",4
"sim_16",4
"sim_16",4
"sim_16",4
"sim_16",4
"sim_16",4
"sim_16",4
"sim_16",4
"sim_16",4
"sim_16",4
"sim_16",4
"sim_16",4
"sim_16",4
"sim_16",4
"sim_16",4
"sim_16",4
"sim_16",4
"sim_16",4
"sim_16",4
"sim_16",4
"sim_16",4
"sim_16",4
"sim_16",4
"sim_16",4
"sim_16",4
"sim_16",4
"sim_16",4
"sim_16",4
"sim_16",4
"sim_16",4
"sim_16",4
"sim_16",4
"sim_16",4
"sim_16",4
"sim_16",4
"sim_16",4
"sim_16",4
"sim_16",4
"sim_16",4
"sim_16",4
"sim_16",4
"sim_16",4
"sim_16",4
"sim_16",4
"sim_16",4
"sim_16",4
"sim_16",4
"sim_16",4
"sim_16",4
"sim_16",4
"sim_16",4
"sim_16",4
"sim_16",4
"sim_16",4
"sim_16",4
"sim_16",4
"sim_16",4
"sim_16",4
"sim_16",4
"sim_16",4
"sim_16",4
"sim_16",4
"sim_16",4
"sim_16",4
"sim_16",4
"sim_16",4
"sim_16",4
"sim_16",4
"sim_16",4
"sim_16",4
"sim_16",4
"sim_16",4
"sim_16",4
"sim_16",4
"sim_16",4
"sim_16",4
"sim_16",4
"sim_16",4
"sim_16",4
"sim_16",4
"sim_16",4
"sim_16",4
"sim_16",4
"sim_16",4
"sim_16",4
"sim_16",4
"sim_16",4
"sim_16",4
"sim_16",4
"sim_16",4
"sim_16",4
"sim_16",4
"sim_16",4
"sim_16",4
"sim_16",4
"sim_16",4
"sim_16",4
"sim_16",4
"sim_16",4
"sim_16",4
"sim_16",4
"sim_16",4
"sim_16",4
"sim_16",4
"sim_16",4
"sim_16",4
"sim_16",4
"sim_16",4
"sim_16",4
"sim_16",4
"sim_16",4
"sim_16",4
"sim_16",4
"sim_16",4
"sim_16",4
"sim_16",4
"sim_16",4
"sim_16",4
"sim_16",4
"sim_16",4
"sim_16",4
"sim_16",4
"sim_16",4
"sim_16",4
"sim_16",4
"sim_16",4
"sim_16",4
"sim_16",4
"sim_16",4
"sim_16",4
"sim_16",4
"sim_16",4
"sim_16",4
"sim_16",4
"sim_16",4
"sim_16",4
"sim_16",4
"sim_16",4
"sim_16",4
"sim_16",4
"sim_16",4
"sim_16",4
"sim_16",4
"sim_16",4
"sim_16",4
"sim_16",4
"sim_16",4
"sim_16",4
"sim_16",4
"sim_16",4
"sim_16",4
"sim_16",4
"sim_16",4
"sim_16",4
"sim_16",4
"sim_16",4
"sim_16",4
"sim_16",4
"sim_16",4
"sim_16",4
"sim_16",4
"sim_16",4
"sim_16",4
"sim_16",4
"sim_16",4
"sim_16",4
"sim_16",4
"sim_16",4
"sim_16",4
"sim_16",4
"sim_16",4
"sim_16",4
"sim_16",4
"sim_16",4
"sim_16",4
"sim_16",4
"sim_16",4
"sim_16",4
"sim_16",4
"sim_16",4
"sim_16",4
"sim_16",4
"sim_16",4
"sim_16",4
"sim_16",4
"sim_16",4
"sim_16",4
"sim_16",4
"sim_16",4
"sim_16",4
"sim_16",4
"sim_16",4
"sim_16",4
"sim_16",4
"sim_16",4
"sim_16",4
"sim_16",4
"sim_16",4
"sim_16",4
"sim_16",4
"sim_16",4
"sim_16",4
"sim_16",4
"sim_16",4
"sim_16",4
"sim_16",4
"sim_16",4
"sim_16",4
"sim_16",4
"sim_16",4
"sim_16",4
"sim_16",4
"sim_16",4
"sim_16",4
"sim_16",4
"sim_16",4
"sim_16",4
"sim_16",4
"sim_16",4
"sim_16",4
"sim_16",4
"sim_16",4
"sim_16",4
"sim_16",4
"sim_16",4
"sim_16",4
"sim_16",4
"sim_16",4
"sim_16",4
"sim_16",4
"sim_16",4
"sim_16",4
"sim_16",4
"sim_16",4
"sim_16",4
"sim_16",4
"sim_16",4
"sim_16",4
"sim_16",4
"sim_16",4
"sim_16",4
"sim_16",4
"sim_16",4
"sim_16",4
"sim_16",4
"sim_16",4
"sim_16",4
"sim_16",4
"sim_16",4
"sim_16",4
"sim_16",4
"sim_16",4
"sim_16",4
"sim_16",4
"sim_16",4
"sim_16",4
"sim_16",4
"sim_16",4
"sim_16",4
"sim_16",4
"sim_16",5
"sim_16",5
"sim_16",5
"sim_16",5
"sim_16",5
"sim_16",5
"sim_16",5
"sim_16",5
"sim_16",5
"sim_16",5
"sim_16",5
"sim_16",5
"sim_16",5
"sim_16",5
"sim_16",5
"sim_16",5
"sim_16",5
"sim_16",5
"sim_16",5
"sim_16",5
"sim_16",5
"sim_16",5
"sim_16",5
"sim_16",5
"sim_16",5
"sim_16",5
"sim_16",5
"sim_16",5
"sim_16",5
"sim_16",5
"sim_16",5
"sim_16",5
"sim_16",5
"sim_16",5
"sim_16",5
"sim_16",5
"sim_16",5
"sim_16",5
"sim_16",5
"sim_16",5
"sim_16",5
"sim_16",5
"sim_16",5
"sim_16",5
"sim_16",5
"sim_16",5
"sim_16",5
"sim_16",5
"sim_16",5
"sim_16",5
"sim_16",5
"sim_16",5
"sim_16",5
"sim_16",5
"sim_16",5
"sim_16",5
"sim_16",5
"sim_16",5
"sim_16",5
"sim_16",5
"sim_16",5
"sim_16",5
"sim_16",5
"sim_16",5
"sim_16",5
"sim_16",5
"sim_16",5
"sim_16",5
"sim_16",5
"sim_16",5
"sim_16",5
"sim_16",5
"sim_16",5
"sim_16",5
"sim_16",5
"sim_16",5
"sim_16",5
"sim_16",5
"sim_16",5
"sim_16",5
"sim_16",5
"sim_16",5
"sim_16",5
"sim_16",5
"sim_16",5
"sim_16",5
"sim_16",5
"sim_16",5
"sim_16",5
"sim_16",5
"sim_16",5
"sim_16",5
"sim_16",5
"sim_16",5
"sim_16",5
"sim_16",5
"sim_16",5
"sim_16",5
"sim_16",5
"sim_16",5
"sim_16",5
"sim_16",5
"sim_16",5
"sim_16",5
"sim_16",5
"sim_16",5
"sim_16",5
"sim_16",5
"sim_16",5
"sim_16",5
"sim_16",6
"sim_16",6
"sim_16",6
"sim_16",6
"sim_16",6
"sim_16",6
"sim_16",6
"sim_16",6
"sim_16",6
"sim_16",6
"sim_16",6
"sim_16",6
"sim_16",6
"sim_16",6
"sim_16",6
"sim_16",6
"sim_16",6
"sim_16",6
"sim_16",6
"sim_16",6
"sim_16",6
"sim_16",6
"sim_16",7
"sim_16",7
"sim_16",7
"sim_16",7
"sim_16",7
"sim_16",7
"sim_16",7
"sim_16",7
"sim_16",7
"sim_16",7
"sim_16",7
"sim_16",7
"sim_16",7
"sim_16",7
"sim_16",7
"sim_16",7
"sim_16",7
"sim_16",7
"sim_16",7
"sim_16",7
"sim_16",7
"sim_16",7
"sim_16",7
"sim_16",7
"sim_16",7
"sim_16",8
"sim_16",8
"sim_16",8
"sim_16",8
"sim_16",8
"sim_16",8
"sim_16",8
"sim_16",8
"sim_16",8
"sim_16",8
"sim_16",9
"sim_16",9
"sim_16",9
"sim_16",9
"sim_16",9
"sim_16",9
"sim_16",9
"sim_16",9
"sim_16",9
"sim_16",9
"sim_16",9
"sim_16",9
"sim_16",9
"sim_16",9
"sim_16",9
"sim_16",9
"sim_16",9
"sim_16",9
"sim_16",9
"sim_16",10
"sim_16",10
"sim_16",10
"sim_16",10
"sim_16",10
"sim_16",11
"sim_16",11
"sim_16",11
"sim_16",12
"sim_16",12
"sim_16",13
"sim_16",14
"sim_17",4
"sim_17",4
"sim_17",4
"sim_17",4
"sim_17",4
"sim_17",4
"sim_17",4
"sim_17",4
"sim_17",4
"sim_17",4
"sim_17",4
"sim_17",4
"sim_17",4
"sim_17",4
"sim_17",4
"sim_17",4
"sim_17",4
"sim_17",4
"sim_17",4
"sim_17",4
"sim_17",4
"sim_17",4
"sim_17",4
"sim_17",4
"sim_17",4
"sim_17",4
"sim_17",4
"sim_17",4
"sim_17",4
"sim_17",4
"sim_17",4
"sim_17",4
"sim_17",4
"sim_17",4
"sim_17",4
"sim_17",4
"sim_17",4
"sim_17",4
"sim_17",4
"sim_17",4
"sim_17",4
"sim_17",4
"sim_17",4
"sim_17",4
"sim_17",4
"sim_17",4
"sim_17",4
"sim_17",4
"sim_17",4
"sim_17",4
"sim_17",4
"sim_17",4
"sim_17",4
"sim_17",4
"sim_17",4
"sim_17",4
"sim_17",4
"sim_17",4
"sim_17",4
"sim_17",4
"sim_17",4
"sim_17",4
"sim_17",4
"sim_17",4
"sim_17",4
"sim_17",4
"sim_17",4
"sim_17",4
"sim_17",4
"sim_17",4
"sim_17",4
"sim_17",4
"sim_17",4
"sim_17",4
"sim_17",4
"sim_17",4
"sim_17",4
"sim_17",4
"sim_17",4
"sim_17",4
"sim_17",4
"sim_17",4
"sim_17",4
"sim_17",4
"sim_17",4
"sim_17",4
"sim_17",4
"sim_17",4
"sim_17",4
"sim_17",4
"sim_17",4
"sim_17",4
"sim_17",4
"sim_17",4
"sim_17",4
"sim_17",4
"sim_17",4
"sim_17",4
"sim_17",4
"sim_17",4
"sim_17",4
"sim_17",4
"sim_17",4
"sim_17",4
"sim_17",4
"sim_17",4
"sim_17",4
"sim_17",4
"sim_17",4
"sim_17",4
"sim_17",4
"sim_17",4
"sim_17",4
"sim_17",4
"sim_17",4
"sim_17",4
"sim_17",4
"sim_17",4
"sim_17",4
"sim_17",4
"sim_17",4
"sim_17",4
"sim_17",4
"sim_17",4
"sim_17",4
"sim_17",4
"sim_17",4
"sim_17",4
"sim_17",4
"sim_17",4
"sim_17",4
"sim_17",4
"sim_17",4
"sim_17",4
"sim_17",4
"sim_17",4
"sim_17",4
"sim_17",4
"sim_17",4
"sim_17",4
"sim_17",4
"sim_17",4
"sim_17",4
"sim_17",4
"sim_17",4
"sim_17",4
"sim_17",4
"sim_17",4
"sim_17",4
"sim_17",4
"sim_17",4
"sim_17",4
"sim_17",4
"sim_17",4
"sim_17",4
"sim_17",4
"sim_17",4
"sim_17",4
"sim_17",4
"sim_17",4
"sim_17",4
"sim_17",4
"sim_17",4
"sim_17",4
"sim_17",4
"sim_17",4
"sim_17",4
"sim_17",4
"sim_17",4
"sim_17",4
"sim_17",4
"sim_17",4
"sim_17",4
"sim_17",4
"sim_17",4
"sim_17",4
"sim_17",4
"sim_17",4
"sim_17",4
"sim_17",4
"sim_17",4
"sim_17",4
"sim_17",4
"sim_17",4
"sim_17",4
"sim_17",4
"sim_17",4
"sim_17",4
"sim_17",4
"sim_17",4
"sim_17",4
"sim_17",4
"sim_17",4
"sim_17",4
"sim_17",4
"sim_17",4
"sim_17",4
"sim_17",4
"sim_17",4
"sim_17",4
"sim_17",4
"sim_17",4
"sim_17",4
"sim_17",4
"sim_17",4
"sim_17",4
"sim_17",4
"sim_17",4
"sim_17",4
"sim_17",4
"sim_17",4
"sim_17",4
"sim_17",4
"sim_17",4
"sim_17",4
"sim_17",4
"sim_17",4
"sim_17",4
"sim_17",4
"sim_17",4
"sim_17",4
"sim_17",4
"sim_17",4
"sim_17",4
"sim_17",4
"sim_17",4
"sim_17",4
"sim_17",4
"sim_17",4
"sim_17",4
"sim_17",4
"sim_17",4
"sim_17",4
"sim_17",4
"sim_17",4
"sim_17",4
"sim_17",4
"sim_17",4
"sim_17",4
"sim_17",4
"sim_17",4
"sim_17",4
"sim_17",4
"sim_17",4
"sim_17",4
"sim_17",4
"sim_17",4
"sim_17",4
"sim_17",4
"sim_17",4
"sim_17",4
"sim_17",4
"sim_17",4
"sim_17",4
"sim_17",4
"sim_17",4
"sim_17",4
"sim_17",4
"sim_17",4
"sim_17",4
"sim_17",4
"sim_17",4
"sim_17",4
"sim_17",4
"sim_17",4
"sim_17",4
"sim_17",4
"sim_17",4
"sim_17",4
"sim_17",4
"sim_17",4
"sim_17",4
"sim_17",4
"sim_17",4
"sim_17",4
"sim_17",4
"sim_17",4
"sim_17",4
"sim_17",4
"sim_17",4
"sim_17",4
"sim_17",4
"sim_17",4
"sim_17",4
"sim_17",4
"sim_17",4
"sim_17",4
"sim_17",4
"sim_17",4
"sim_17",4
"sim_17",4
"sim_17",4
"sim_17",4
"sim_17",4
"sim_17",4
"sim_17",4
"sim_17",4
"sim_17",4
"sim_17",4
"sim_17",4
"sim_17",4
"sim_17",4
"sim_17",4
"sim_17",4
"sim_17",4
"sim_17",4
"sim_17",4
"sim_17",4
"sim_17",4
"sim_17",4
"sim_17",4
"sim_17",4
"sim_17",4
"sim_17",4
"sim_17",4
"sim_17",4
"sim_17",4
"sim_17",4
"sim_17",4
"sim_17",4
"sim_17",4
"sim_17",4
"sim_17",4
"sim_17",4
"sim_17",4
"sim_17",4
"sim_17",4
"sim_17",4
"sim_17",4
"sim_17",4
"sim_17",4
"sim_17",4
"sim_17",4
"sim_17",4
"sim_17",4
"sim_17",4
"sim_17",4
"sim_17",4
"sim_17",4
"sim_17",4
"sim_17",4
"sim_17",4
"sim_17",4
"sim_17",4
"sim_17",4
"sim_17",4
"sim_17",4
"sim_17",4
"sim_17",4
"sim_17",4
"sim_17",4
"sim_17",4
"sim_17",4
"sim_17",4
"sim_17",4
"sim_17",4
"sim_17",4
"sim_17",4
"sim_17",4
"sim_17",4
"sim_17",4
"sim_17",4
"sim_17",4
"sim_17",4
"sim_17",4
"sim_17",4
"sim_17",4
"sim_17",4
"sim_17",4
"sim_17",4
"sim_17",4
"sim_17",4
"sim_17",4
"sim_17",4
"sim_17",4
"sim_17",4
"sim_17",4
"sim_17",4
"sim_17",4
"sim_17",4
"sim_17",4
"sim_17",4
"sim_17",4
"sim_17",4
"sim_17",4
"sim_17",4
"sim_17",4
"sim_17",5
"sim_17",5
"sim_17",5
"sim_17",5
"sim_17",5
"sim_17",5
"sim_17",5
"sim_17",5
"sim_17",5
"sim_17",5
"sim_17",5
"sim_17",5
"sim_17",5
"sim_17",5
"sim_17",5
"sim_17",5
"sim_17",5
"sim_17",5
"sim_17",5
"sim_17",5
"sim_17",5
"sim_17",5
"sim_17",5
"sim_17",5
"sim_17",5
"sim_17",5
"sim_17",5
"sim_17",5
"sim_17",5
"sim_17",5
"sim_17",5
"sim_17",5
"sim_17",5
"sim_17",5
"sim_17",5
"sim_17",5
"sim_17",5
"sim_17",5
"sim_17",5
"sim_17",5
"sim_17",5
"sim_17",5
"sim_17",5
"sim_17",5
"sim_17",5
"sim_17",5
"sim_17",5
"sim_17",5
"sim_17",5
"sim_17",5
"sim_17",5
"sim_17",5
"sim_17",5
"sim_17",5
"sim_17",5
"sim_17",5
"sim_17",5
"sim_17",5
"sim_17",5
"sim_17",5
"sim_17",5
"sim_17",5
"sim_17",5
"sim_17",5
"sim_17",5
"sim_17",5
"sim_17",5
"sim_17",5
"sim_17",5
"sim_17",5
"sim_17",5
"sim_17",5
"sim_17",5
"sim_17",5
"sim_17",5
"sim_17",5
"sim_17",5
"sim_17",5
"sim_17",5
"sim_17",5
"sim_17",5
"sim_17",5
"sim_17",5
"sim_17",5
"sim_17",5
"sim_17",5
"sim_17",5
"sim_17",5
"sim_17",5
"sim_17",5
"sim_17",5
"sim_17",5
"sim_17",6
"sim_17",6
"sim_17",6
"sim_17",6
"sim_17",6
"sim_17",6
"sim_17",6
"sim_17",6
"sim_17",6
"sim_17",6
"sim_17",6
"sim_17",6
"sim_17",6
"sim_17",6
"sim_17",6
"sim_17",6
"sim_17",6
"sim_17",6
"sim_17",6
"sim_17",6
"sim_17",6
"sim_17",6
"sim_17",6
"sim_17",6
"sim_17",6
"sim_17",6
"sim_17",6
"sim_17",6
"sim_17",6
"sim_17",6
"sim_17",6
"sim_17",6
"sim_17",6
"sim_17",6
"sim_17",6
"sim_17",6
"sim_17",6
"sim_17",6
"sim_17",6
"sim_17",6
"sim_17",7
"sim_17",7
"sim_17",7
"sim_17",7
"sim_17",7
"sim_17",7
"sim_17",7
"sim_17",7
"sim_17",7
"sim_17",7
"sim_17",7
"sim_17",7
"sim_17",7
"sim_17",7
"sim_17",7
"sim_17",7
"sim_17",7
"sim_17",7
"sim_17",7
"sim_17",7
"sim_17",8
"sim_17",8
"sim_17",8
"sim_17",8
"sim_17",8
"sim_17",8
"sim_17",8
"sim_17",8
"sim_17",8
"sim_17",8
"sim_17",8
"sim_17",8
"sim_17",9
"sim_17",9
"sim_17",9
"sim_17",9
"sim_17",9
"sim_17",9
"sim_17",9
"sim_17",9
"sim_17",9
"sim_17",10
"sim_17",10
"sim_17",10
"sim_17",10
"sim_17",10
"sim_17",11
"sim_18",4
"sim_18",4
"sim_18",4
"sim_18",4
"sim_18",4
"sim_18",4
"sim_18",4
"sim_18",4
"sim_18",4
"sim_18",4
"sim_18",4
"sim_18",4
"sim_18",4
"sim_18",4
"sim_18",4
"sim_18",4
"sim_18",4
"sim_18",4
"sim_18",4
"sim_18",4
"sim_18",4
"sim_18",4
"sim_18",4
"sim_18",4
"sim_18",4
"sim_18",4
"sim_18",4
"sim_18",4
"sim_18",4
"sim_18",4
"sim_18",4
"sim_18",4
"sim_18",4
"sim_18",4
"sim_18",4
"sim_18",4
"sim_18",4
"sim_18",4
"sim_18",4
"sim_18",4
"sim_18",4
"sim_18",4
"sim_18",4
"sim_18",4
"sim_18",4
"sim_18",4
"sim_18",4
"sim_18",4
"sim_18",4
"sim_18",4
"sim_18",4
"sim_18",4
"sim_18",4
"sim_18",4
"sim_18",4
"sim_18",4
"sim_18",4
"sim_18",4
"sim_18",4
"sim_18",4
"sim_18",4
"sim_18",4
"sim_18",4
"sim_18",4
"sim_18",4
"sim_18",4
"sim_18",4
"sim_18",4
"sim_18",4
"sim_18",4
"sim_18",4
"sim_18",4
"sim_18",4
"sim_18",4
"sim_18",4
"sim_18",4
"sim_18",4
"sim_18",4
"sim_18",4
"sim_18",4
"sim_18",4
"sim_18",4
"sim_18",4
"sim_18",4
"sim_18",4
"sim_18",4
"sim_18",4
"sim_18",4
"sim_18",4
"sim_18",4
"sim_18",4
"sim_18",4
"sim_18",4
"sim_18",4
"sim_18",4
"sim_18",4
"sim_18",4
"sim_18",4
"sim_18",4
"sim_18",4
"sim_18",4
"sim_18",4
"sim_18",4
"sim_18",4
"sim_18",4
"sim_18",4
"sim_18",4
"sim_18",4
"sim_18",4
"sim_18",4
"sim_18",4
"sim_18",4
"sim_18",4
"sim_18",4
"sim_18",4
"sim_18",4
"sim_18",4
"sim_18",4
"sim_18",4
"sim_18",4
"sim_18",4
"sim_18",4
"sim_18",4
"sim_18",4
"sim_18",4
"sim_18",4
"sim_18",4
"sim_18",4
"sim_18",4
"sim_18",4
"sim_18",4
"sim_18",4
"sim_18",4
"sim_18",4
"sim_18",4
"sim_18",4
"sim_18",4
"sim_18",4
"sim_18",4
"sim_18",4
"sim_18",4
"sim_18",4
"sim_18",4
"sim_18",4
"sim_18",4
"sim_18",4
"sim_18",4
"sim_18",4
"sim_18",4
"sim_18",4
"sim_18",4
"sim_18",4
"sim_18",4
"sim_18",4
"sim_18",4
"sim_18",4
"sim_18",4
"sim_18",4
"sim_18",4
"sim_18",4
"sim_18",4
"sim_18",4
"sim_18",4
"sim_18",4
"sim_18",4
"sim_18",4
"sim_18",4
"sim_18",4
"sim_18",4
"sim_18",4
"sim_18",4
"sim_18",4
"sim_18",4
"sim_18",4
"sim_18",4
"sim_18",4
"sim_18",4
"sim_18",4
"sim_18",4
"sim_18",4
"sim_18",4
"sim_18",4
"sim_18",4
"sim_18",4
"sim_18",4
"sim_18",4
"sim_18",4
"sim_18",4
"sim_18",4
"sim_18",4
"sim_18",4
"sim_18",4
"sim_18",4
"sim_18",4
"sim_18",4
"sim_18",4
"sim_18",4
"sim_18",4
"sim_18",4
"sim_18",4
"sim_18",4
"sim_18",4
"sim_18",4
"sim_18",4
"sim_18",4
"sim_18",4
"sim_18",4
"sim_18",4
"sim_18",4
"sim_18",4
"sim_18",4
"sim_18",4
"sim_18",4
"sim_18",4
"sim_18",4
"sim_18",4
"sim_18",4
"sim_18",4
"sim_18",4
"sim_18",4
"sim_18",4
"sim_18",4
"sim_18",4
"sim_18",4
"sim_18",4
"sim_18",4
"sim_18",4
"sim_18",4
"sim_18",4
"sim_18",4
"sim_18",4
"sim_18",4
"sim_18",4
"sim_18",4
"sim_18",4
"sim_18",4
"sim_18",4
"sim_18",4
"sim_18",4
"sim_18",4
"sim_18",4
"sim_18",4
"sim_18",4
"sim_18",4
"sim_18",4
"sim_18",4
"sim_18",4
"sim_18",4
"sim_18",4
"sim_18",4
"sim_18",4
"sim_18",4
"sim_18",4
"sim_18",4
"sim_18",4
"sim_18",4
"sim_18",4
"sim_18",4
"sim_18",4
"sim_18",4
"sim_18",4
"sim_18",4
"sim_18",4
"sim_18",4
"sim_18",4
"sim_18",4
"sim_18",4
"sim_18",4
"sim_18",4
"sim_18",4
"sim_18",4
"sim_18",4
"sim_18",4
"sim_18",4
"sim_18",4
"sim_18",4
"sim_18",4
"sim_18",4
"sim_18",4
"sim_18",4
"sim_18",4
"sim_18",4
"sim_18",4
"sim_18",4
"sim_18",4
"sim_18",4
"sim_18",4
"sim_18",4
"sim_18",4
"sim_18",4
"sim_18",4
"sim_18",4
"sim_18",4
"sim_18",4
"sim_18",4
"sim_18",4
"sim_18",4
"sim_18",4
"sim_18",4
"sim_18",4
"sim_18",4
"sim_18",4
"sim_18",4
"sim_18",4
"sim_18",4
"sim_18",4
"sim_18",4
"sim_18",4
"sim_18",4
"sim_18",4
"sim_18",4
"sim_18",4
"sim_18",4
"sim_18",4
"sim_18",4
"sim_18",4
"sim_18",4
"sim_18",4
"sim_18",4
"sim_18",4
"sim_18",4
"sim_18",4
"sim_18",4
"sim_18",4
"sim_18",4
"sim_18",4
"sim_18",4
"sim_18",4
"sim_18",4
"sim_18",4
"sim_18",4
"sim_18",4
"sim_18",4
"sim_18",4
"sim_18",4
"sim_18",4
"sim_18",4
"sim_18",4
"sim_18",4
"sim_18",4
"sim_18",4
"sim_18",4
"sim_18",4
"sim_18",4
"sim_18",4
"sim_18",4
"sim_18",4
"sim_18",4
"sim_18",4
"sim_18",4
"sim_18",4
"sim_18",4
"sim_18",4
"sim_18",4
"sim_18",4
"sim_18",4
"sim_18",4
"sim_18",4
"sim_18",4
"sim_18",4
"sim_18",4
"sim_18",4
"sim_18",4
"sim_18",4
"sim_18",5
"sim_18",5
"sim_18",5
"sim_18",5
"sim_18",5
"sim_18",5
"sim_18",5
"sim_18",5
"sim_18",5
"sim_18",5
"sim_18",5
"sim_18",5
"sim_18",5
"sim_18",5
"sim_18",5
"sim_18",5
"sim_18",5
"sim_18",5
"sim_18",5
"sim_18",5
"sim_18",5
"sim_18",5
"sim_18",5
"sim_18",5
"sim_18",5
"sim_18",5
"sim_18",5
"sim_18",5
"sim_18",5
"sim_18",5
"sim_18",5
"sim_18",5
"sim_18",5
"sim_18",5
"sim_18",5
"sim_18",5
"sim_18",5
"sim_18",5
"sim_18",5
"sim_18",5
"sim_18",5
"sim_18",5
"sim_18",5
"sim_18",5
"sim_18",5
"sim_18",5
"sim_18",5
"sim_18",5
"sim_18",5
"sim_18",5
"sim_18",5
"sim_18",5
"sim_18",5
"sim_18",5
"sim_18",5
"sim_18",5
"sim_18",5
"sim_18",5
"sim_18",5
"sim_18",5
"sim_18",5
"sim_18",5
"sim_18",5
"sim_18",5
"sim_18",5
"sim_18",5
"sim_18",5
"sim_18",5
"sim_18",5
"sim_18",5
"sim_18",5
"sim_18",5
"sim_18",5
"sim_18",5
"sim_18",5
"sim_18",5
"sim_18",5
"sim_18",5
"sim_18",5
"sim_18",5
"sim_18",5
"sim_18",5
"sim_18",5
"sim_18",5
"sim_18",5
"sim_18",5
"sim_18",5
"sim_18",5
"sim_18",5
"sim_18",5
"sim_18",5
"sim_18",5
"sim_18",5
"sim_18",5
"sim_18",5
"sim_18",5
"sim_18",5
"sim_18",5
"sim_18",5
"sim_18",5
"sim_18",5
"sim_18",5
"sim_18",5
"sim_18",5
"sim_18",5
"sim_18",5
"sim_18",6
"sim_18",6
"sim_18",6
"sim_18",6
"sim_18",6
"sim_18",6
"sim_18",6
"sim_18",6
"sim_18",6
"sim_18",6
"sim_18",6
"sim_18",6
"sim_18",6
"sim_18",6
"sim_18",6
"sim_18",6
"sim_18",6
"sim_18",6
"sim_18",6
"sim_18",6
"sim_18",6
"sim_18",6
"sim_18",6
"sim_18",6
"sim_18",6
"sim_18",6
"sim_18",6
"sim_18",6
"sim_18",6
"sim_18",6
"sim_18",6
"sim_18",6
"sim_18",6
"sim_18",6
"sim_18",6
"sim_18",6
"sim_18",7
"sim_18",7
"sim_18",7
"sim_18",7
"sim_18",7
"sim_18",7
"sim_18",7
"sim_18",7
"sim_18",7
"sim_18",7
"sim_18",7
"sim_18",7
"sim_18",7
"sim_18",7
"sim_18",7
"sim_18",7
"sim_18",7
"sim_18",7
"sim_18",7
"sim_18",7
"sim_18",7
"sim_18",7
"sim_18",7
"sim_18",7
"sim_18",8
"sim_18",8
"sim_18",8
"sim_18",8
"sim_18",8
"sim_18",8
"sim_18",8
"sim_18",8
"sim_18",8
"sim_18",8
"sim_18",8
"sim_18",8
"sim_18",9
"sim_18",9
"sim_18",9
"sim_18",9
"sim_18",9
"sim_18",9
"sim_18",9
"sim_18",9
"sim_18",10
"sim_18",10
"sim_18",10
"sim_18",10
"sim_18",10
"sim_18",10
"sim_18",10
"sim_18",10
"sim_18",11
"sim_18",12
"sim_18",12
"sim_18",13
"sim_18",13
"sim_18",13
"sim_18",13
"sim_18",15
"sim_19",4
"sim_19",4
"sim_19",4
"sim_19",4
"sim_19",4
"sim_19",4
"sim_19",4
"sim_19",4
"sim_19",4
"sim_19",4
"sim_19",4
"sim_19",4
"sim_19",4
"sim_19",4
"sim_19",4
"sim_19",4
"sim_19",4
"sim_19",4
"sim_19",4
"sim_19",4
"sim_19",4
"sim_19",4
"sim_19",4
"sim_19",4
"sim_19",4
"sim_19",4
"sim_19",4
"sim_19",4
"sim_19",4
"sim_19",4
"sim_19",4
"sim_19",4
"sim_19",4
"sim_19",4
"sim_19",4
"sim_19",4
"sim_19",4
"sim_19",4
"sim_19",4
"sim_19",4
"sim_19",4
"sim_19",4
"sim_19",4
"sim_19",4
"sim_19",4
"sim_19",4
"sim_19",4
"sim_19",4
"sim_19",4
"sim_19",4
"sim_19",4
"sim_19",4
"sim_19",4
"sim_19",4
"sim_19",4
"sim_19",4
"sim_19",4
"sim_19",4
"sim_19",4
"sim_19",4
"sim_19",4
"sim_19",4
"sim_19",4
"sim_19",4
"sim_19",4
"sim_19",4
"sim_19",4
"sim_19",4
"sim_19",4
"sim_19",4
"sim_19",4
"sim_19",4
"sim_19",4
"sim_19",4
"sim_19",4
"sim_19",4
"sim_19",4
"sim_19",4
"sim_19",4
"sim_19",4
"sim_19",4
"sim_19",4
"sim_19",4
"sim_19",4
"sim_19",4
"sim_19",4
"sim_19",4
"sim_19",4
"sim_19",4
"sim_19",4
"sim_19",4
"sim_19",4
"sim_19",4
"sim_19",4
"sim_19",4
"sim_19",4
"sim_19",4
"sim_19",4
"sim_19",4
"sim_19",4
"sim_19",4
"sim_19",4
"sim_19",4
"sim_19",4
"sim_19",4
"sim_19",4
"sim_19",4
"sim_19",4
"sim_19",4
"sim_19",4
"sim_19",4
"sim_19",4
"sim_19",4
"sim_19",4
"sim_19",4
"sim_19",4
"sim_19",4
"sim_19",4
"sim_19",4
"sim_19",4
"sim_19",4
"sim_19",4
"sim_19",4
"sim_19",4
"sim_19",4
"sim_19",4
"sim_19",4
"sim_19",4
"sim_19",4
"sim_19",4
"sim_19",4
"sim_19",4
"sim_19",4
"sim_19",4
"sim_19",4
"sim_19",4
"sim_19",4
"sim_19",4
"sim_19",4
"sim_19",4
"sim_19",4
"sim_19",4
"sim_19",4
"sim_19",4
"sim_19",4
"sim_19",4
"sim_19",4
"sim_19",4
"sim_19",4
"sim_19",4
"sim_19",4
"sim_19",4
"sim_19",4
"sim_19",4
"sim_19",4
"sim_19",4
"sim_19",4
"sim_19",4
"sim_19",4
"sim_19",4
"sim_19",4
"sim_19",4
"sim_19",4
"sim_19",4
"sim_19",4
"sim_19",4
"sim_19",4
"sim_19",4
"sim_19",4
"sim_19",4
"sim_19",4
"sim_19",4
"sim_19",4
"sim_19",4
"sim_19",4
"sim_19",4
"sim_19",4
"sim_19",4
"sim_19",4
"sim_19",4
"sim_19",4
"sim_19",4
"sim_19",4
"sim_19",4
"sim_19",4
"sim_19",4
"sim_19",4
"sim_19",4
"sim_19",4
"sim_19",4
"sim_19",4
"sim_19",4
"sim_19",4
"sim_19",4
"sim_19",4
"sim_19",4
"sim_19",4
"sim_19",4
"sim_19",4
"sim_19",4
"sim_19",4
"sim_19",4
"sim_19",4
"sim_19",4
"sim_19",4
"sim_19",4
"sim_19",4
"sim_19",4
"sim_19",4
"sim_19",4
"sim_19",4
"sim_19",4
"sim_19",4
"sim_19",4
"sim_19",4
"sim_19",4
"sim_19",4
"sim_19",4
"sim_19",4
"sim_19",4
"sim_19",4
"sim_19",4
"sim_19",4
"sim_19",4
"sim_19",4
"sim_19",4
"sim_19",4
"sim_19",4
"sim_19",4
"sim_19",4
"sim_19",4
"sim_19",4
"sim_19",4
"sim_19",4
"sim_19",4
"sim_19",4
"sim_19",4
"sim_19",4
"sim_19",4
"sim_19",4
"sim_19",4
"sim_19",4
"sim_19",4
"sim_19",4
"sim_19",4
"sim_19",4
"sim_19",4
"sim_19",4
"sim_19",4
"sim_19",4
"sim_19",4
"sim_19",4
"sim_19",4
"sim_19",4
"sim_19",4
"sim_19",4
"sim_19",4
"sim_19",4
"sim_19",4
"sim_19",4
"sim_19",4
"sim_19",4
"sim_19",4
"sim_19",4
"sim_19",4
"sim_19",4
"sim_19",4
"sim_19",4
"sim_19",4
"sim_19",4
"sim_19",4
"sim_19",4
"sim_19",4
"sim_19",4
"sim_19",4
"sim_19",4
"sim_19",4
"sim_19",4
"sim_19",4
"sim_19",4
"sim_19",4
"sim_19",4
"sim_19",4
"sim_19",4
"sim_19",4
"sim_19",4
"sim_19",4
"sim_19",4
"sim_19",4
"sim_19",4
"sim_19",4
"sim_19",4
"sim_19",4
"sim_19",4
"sim_19",4
"sim_19",4
"sim_19",4
"sim_19",4
"sim_19",4
"sim_19",4
"sim_19",4
"sim_19",4
"sim_19",4
"sim_19",4
"sim_19",4
"sim_19",4
"sim_19",4
"sim_19",4
"sim_19",4
"sim_19",4
"sim_19",4
"sim_19",4
"sim_19",4
"sim_19",4
"sim_19",4
"sim_19",4
"sim_19",4
"sim_19",4
"sim_19",4
"sim_19",4
"sim_19",4
"sim_19",4
"sim_19",4
"sim_19",4
"sim_19",4
"sim_19",4
"sim_19",4
"sim_19",4
"sim_19",4
"sim_19",4
"sim_19",4
"sim_19",4
"sim_19",4
"sim_19",4
"sim_19",4
"sim_19",4
"sim_19",4
"sim_19",4
"sim_19",4
"sim_19",4
"sim_19",4
"sim_19",4
"sim_19",4
"sim_19",4
"sim_19",4
"sim_19",4
"sim_19",4
"sim_19",4
"sim_19",4
"sim_19",4
"sim_19",4
"sim_19",4
"sim_19",4
"sim_19",4
"sim_19",4
"sim_19",4
"sim_19",4
"sim_19",4
"sim_19",4
"sim_19",4
"sim_19",4
"sim_19",4
"sim_19",4
"sim_19",4
"sim_19",4
"sim_19",4
"sim_19",4
"sim_19",4
"sim_19",4
"sim_19",5
"sim_19",5
"sim_19",5
"sim_19",5
"sim_19",5
"sim_19",5
"sim_19",5
"sim_19",5
"sim_19",5
"sim_19",5
"sim_19",5
"sim_19",5
"sim_19",5
"sim_19",5
"sim_19",5
"sim_19",5
"sim_19",5
"sim_19",5
"sim_19",5
"sim_19",5
"sim_19",5
"sim_19",5
"sim_19",5
"sim_19",5
"sim_19",5
"sim_19",5
"sim_19",5
"sim_19",5
"sim_19",5
"sim_19",5
"sim_19",5
"sim_19",5
"sim_19",5
"sim_19",5
"sim_19",5
"sim_19",5
"sim_19",5
"sim_19",5
"sim_19",5
"sim_19",5
"sim_19",5
"sim_19",5
"sim_19",5
"sim_19",5
"sim_19",5
"sim_19",5
"sim_19",5
"sim_19",5
"sim_19",5
"sim_19",5
"sim_19",5
"sim_19",5
"sim_19",5
"sim_19",5
"sim_19",5
"sim_19",5
"sim_19",5
"sim_19",5
"sim_19",5
"sim_19",5
"sim_19",5
"sim_19",5
"sim_19",5
"sim_19",5
"sim_19",5
"sim_19",5
"sim_19",5
"sim_19",5
"sim_19",5
"sim_19",5
"sim_19",5
"sim_19",5
"sim_19",5
"sim_19",5
"sim_19",5
"sim_19",5
"sim_19",5
"sim_19",5
"sim_19",5
"sim_19",5
"sim_19",5
"sim_19",5
"sim_19",5
"sim_19",5
"sim_19",5
"sim_19",5
"sim_19",5
"sim_19",5
"sim_19",5
"sim_19",5
"sim_19",5
"sim_19",5
"sim_19",5
"sim_19",5
"sim_19",5
"sim_19",5
"sim_19",5
"sim_19",5
"sim_19",5
"sim_19",5
"sim_19",5
"sim_19",5
"sim_19",5
"sim_19",5
"sim_19",5
"sim_19",5
"sim_19",6
"sim_19",6
"sim_19",6
"sim_19",6
"sim_19",6
"sim_19",6
"sim_19",6
"sim_19",6
"sim_19",6
"sim_19",6
"sim_19",6
"sim_19",6
"sim_19",6
"sim_19",6
"sim_19",6
"sim_19",6
"sim_19",6
"sim_19",6
"sim_19",6
"sim_19",6
"sim_19",6
"sim_19",6
"sim_19",6
"sim_19",6
"sim_19",6
"sim_19",6
"sim_19",6
"sim_19",6
"sim_19",6
"sim_19",6
"sim_19",6
"sim_19",6
"sim_19",6
"sim_19",6
"sim_19",6
"sim_19",6
"sim_19",6
"sim_19",6
"sim_19",6
"sim_19",6
"sim_19",6
"sim_19",6
"sim_19",6
"sim_19",6
"sim_19",6
"sim_19",6
"sim_19",7
"sim_19",7
"sim_19",7
"sim_19",7
"sim_19",7
"sim_19",7
"sim_19",7
"sim_19",7
"sim_19",7
"sim_19",7
"sim_19",7
"sim_19",7
"sim_19",7
"sim_19",7
"sim_19",7
"sim_19",7
"sim_19",7
"sim_19",7
"sim_19",7
"sim_19",7
"sim_19",8
"sim_19",8
"sim_19",8
"sim_19",8
"sim_19",8
"sim_19",8
"sim_19",8
"sim_19",8
"sim_19",9
"sim_19",9
"sim_19",9
"sim_19",9
"sim_19",9
"sim_19",9
"sim_19",10
"sim_19",10
"sim_19",10
"sim_19",10
"sim_19",10
"sim_19",11
"sim_19",11
"sim_19",11
"sim_19",11
"sim_19",11
"sim_19",11
"sim_20",4
"sim_20",4
"sim_20",4
"sim_20",4
"sim_20",4
"sim_20",4
"sim_20",4
"sim_20",4
"sim_20",4
"sim_20",4
"sim_20",4
"sim_20",4
"sim_20",4
"sim_20",4
"sim_20",4
"sim_20",4
"sim_20",4
"sim_20",4
"sim_20",4
"sim_20",4
"sim_20",4
"sim_20",4
"sim_20",4
"sim_20",4
"sim_20",4
"sim_20",4
"sim_20",4
"sim_20",4
"sim_20",4
"sim_20",4
"sim_20",4
"sim_20",4
"sim_20",4
"sim_20",4
"sim_20",4
"sim_20",4
"sim_20",4
"sim_20",4
"sim_20",4
"sim_20",4
"sim_20",4
"sim_20",4
"sim_20",4
"sim_20",4
"sim_20",4
"sim_20",4
"sim_20",4
"sim_20",4
"sim_20",4
"sim_20",4
"sim_20",4
"sim_20",4
"sim_20",4
"sim_20",4
"sim_20",4
"sim_20",4
"sim_20",4
"sim_20",4
"sim_20",4
"sim_20",4
"sim_20",4
"sim_20",4
"sim_20",4
"sim_20",4
"sim_20",4
"sim_20",4
"sim_20",4
"sim_20",4
"sim_20",4
"sim_20",4
"sim_20",4
"sim_20",4
"sim_20",4
"sim_20",4
"sim_20",4
"sim_20",4
"sim_20",4
"sim_20",4
"sim_20",4
"sim_20",4
"sim_20",4
"sim_20",4
"sim_20",4
"sim_20",4
"sim_20",4
"sim_20",4
"sim_20",4
"sim_20",4
"sim_20",4
"sim_20",4
"sim_20",4
"sim_20",4
"sim_20",4
"sim_20",4
"sim_20",4
"sim_20",4
"sim_20",4
"sim_20",4
"sim_20",4
"sim_20",4
"sim_20",4
"sim_20",4
"sim_20",4
"sim_20",4
"sim_20",4
"sim_20",4
"sim_20",4
"sim_20",4
"sim_20",4
"sim_20",4
"sim_20",4
"sim_20",4
"sim_20",4
"sim_20",4
"sim_20",4
"sim_20",4
"sim_20",4
"sim_20",4
"sim_20",4
"sim_20",4
"sim_20",4
"sim_20",4
"sim_20",4
"sim_20",4
"sim_20",4
"sim_20",4
"sim_20",4
"sim_20",4
"sim_20",4
"sim_20",4
"sim_20",4
"sim_20",4
"sim_20",4
"sim_20",4
"sim_20",4
"sim_20",4
"sim_20",4
"sim_20",4
"sim_20",4
"sim_20",4
"sim_20",4
"sim_20",4
"sim_20",4
"sim_20",4
"sim_20",4
"sim_20",4
"sim_20",4
"sim_20",4
"sim_20",4
"sim_20",4
"sim_20",4
"sim_20",4
"sim_20",4
"sim_20",4
"sim_20",4
"sim_20",4
"sim_20",4
"sim_20",4
"sim_20",4
"sim_20",4
"sim_20",4
"sim_20",4
"sim_20",4
"sim_20",4
"sim_20",4
"sim_20",4
"sim_20",4
"sim_20",4
"sim_20",4
"sim_20",4
"sim_20",4
"sim_20",4
"sim_20",4
"sim_20",4
"sim_20",4
"sim_20",4
"sim_20",4
"sim_20",4
"sim_20",4
"sim_20",4
"sim_20",4
"sim_20",4
"sim_20",4
"sim_20",4
"sim_20",4
"sim_20",4
"sim_20",4
"sim_20",4
"sim_20",4
"sim_20",4
"sim_20",4
"sim_20",4
"sim_20",4
"sim_20",4
"sim_20",4
"sim_20",4
"sim_20",4
"sim_20",4
"sim_20",4
"sim_20",4
"sim_20",4
"sim_20",4
"sim_20",4
"sim_20",4
"sim_20",4
"sim_20",4
"sim_20",4
"sim_20",4
"sim_20",4
"sim_20",4
"sim_20",4
"sim_20",4
"sim_20",4
"sim_20",4
"sim_20",4
"sim_20",4
"sim_20",4
"sim_20",4
"sim_20",4
"sim_20",4
"sim_20",4
"sim_20",4
"sim_20",4
"sim_20",4
"sim_20",4
"sim_20",4
"sim_20",4
"sim_20",4
"sim_20",4
"sim_20",4
"sim_20",4
"sim_20",4
"sim_20",4
"sim_20",4
"sim_20",4
"sim_20",4
"sim_20",4
"sim_20",4
"sim_20",4
"sim_20",4
"sim_20",4
"sim_20",4
"sim_20",4
"sim_20",4
"sim_20",4
"sim_20",4
"sim_20",4
"sim_20",4
"sim_20",4
"sim_20",4
"sim_20",4
"sim_20",4
"sim_20",4
"sim_20",4
"sim_20",4
"sim_20",4
"sim_20",4
"sim_20",4
"sim_20",4
"sim_20",4
"sim_20",4
"sim_20",4
"sim_20",4
"sim_20",4
"sim_20",4
"sim_20",4
"sim_20",4
"sim_20",4
"sim_20",4
"sim_20",4
"sim_20",4
"sim_20",4
"sim_20",4
"sim_20",4
"sim_20",4
"sim_20",4
"sim_20",4
"sim_20",4
"sim_20",4
"sim_20",4
"sim_20",4
"sim_20",4
"sim_20",4
"sim_20",4
"sim_20",4
"sim_20",4
"sim_20",4
"sim_20",4
"sim_20",4
"sim_20",4
"sim_20",4
"sim_20",4
"sim_20",4
"sim_20",4
"sim_20",4
"sim_20",4
"sim_20",4
"sim_20",4
"sim_20",4
"sim_20",4
"sim_20",4
"sim_20",4
"sim_20",4
"sim_20",4
"sim_20",4
"sim_20",4
"sim_20",4
"sim_20",4
"sim_20",4
"sim_20",4
"sim_20",4
"sim_20",4
"sim_20",4
"sim_20",4
"sim_20",4
"sim_20",4
"sim_20",4
"sim_20",4
"sim_20",4
"sim_20",4
"sim_20",4
"sim_20",4
"sim_20",4
"sim_20",4
"sim_20",4
"sim_20",4
"sim_20",4
"sim_20",4
"sim_20",4
"sim_20",4
"sim_20",4
"sim_20",4
"sim_20",4
"sim_20",4
"sim_20",4
"sim_20",4
"sim_20",4
"sim_20",4
"sim_20",4
"sim_20",4
"sim_20",4
"sim_20",4
"sim_20",4
"sim_20",4
"sim_20",4
"sim_20",4
"sim_20",4
"sim_20",4
"sim_20",4
"sim_20",4
"sim_20",4
"sim_20",4
"sim_20",4
"sim_20",4
"sim_20",4
"sim_20",4
"sim_20",4
"sim_20",4
"sim_20",4
"sim_20",4
"sim_20",4
"sim_20",4
"sim_20",4
"sim_20",4
"sim_20",4
"sim_20",4
"sim_20",4
"sim_20",4
"sim_20",4
"sim_20",5
"sim_20",5
"sim_20",5
"sim_20",5
"sim_20",5
"sim_20",5
"sim_20",5
"sim_20",5
"sim_20",5
"sim_20",5
"sim_20",5
"sim_20",5
"sim_20",5
"sim_20",5
"sim_20",5
"sim_20",5
"sim_20",5
"sim_20",5
"sim_20",5
"sim_20",5
"sim_20",5
"sim_20",5
"sim_20",5
"sim_20",5
"sim_20",5
"sim_20",5
"sim_20",5
"sim_20",5
"sim_20",5
"sim_20",5
"sim_20",5
"sim_20",5
"sim_20",5
"sim_20",5
"sim_20",5
"sim_20",5
"sim_20",5
"sim_20",5
"sim_20",5
"sim_20",5
"sim_20",5
"sim_20",5
"sim_20",5
"sim_20",5
"sim_20",5
"sim_20",5
"sim_20",5
"sim_20",5
"sim_20",5
"sim_20",5
"sim_20",5
"sim_20",5
"sim_20",5
"sim_20",5
"sim_20",5
"sim_20",5
"sim_20",5
"sim_20",5
"sim_20",5
"sim_20",5
"sim_20",5
"sim_20",5
"sim_20",5
"sim_20",5
"sim_20",5
"sim_20",5
"sim_20",5
"sim_20",5
"sim_20",5
"sim_20",5
"sim_20",5
"sim_20",5
"sim_20",5
"sim_20",5
"sim_20",5
"sim_20",5
"sim_20",5
"sim_20",5
"sim_20",5
"sim_20",5
"sim_20",5
"sim_20",5
"sim_20",5
"sim_20",5
"sim_20",5
"sim_20",5
"sim_20",5
"sim_20",5
"sim_20",5
"sim_20",5
"sim_20",5
"sim_20",5
"sim_20",5
"sim_20",5
"sim_20",5
"sim_20",5
"sim_20",5
"sim_20",5
"sim_20",6
"sim_20",6
"sim_20",6
"sim_20",6
"sim_20",6
"sim_20",6
"sim_20",6
"sim_20",6
"sim_20",6
"sim_20",6
"sim_20",6
"sim_20",6
"sim_20",6
"sim_20",6
"sim_20",6
"sim_20",6
"sim_20",6
"sim_20",6
"sim_20",6
"sim_20",6
"sim_20",6
"sim_20",6
"sim_20",6
"sim_20",6
"sim_20",6
"sim_20",6
"sim_20",6
"sim_20",6
"sim_20",6
"sim_20",6
"sim_20",6
"sim_20",6
"sim_20",6
"sim_20",6
"sim_20",6
"sim_20",6
"sim_20",6
"sim_20",6
"sim_20",6
"sim_20",6
"sim_20",6
"sim_20",6
"sim_20",6
"sim_20",6
"sim_20",6
"sim_20",6
"sim_20",6
"sim_20",6
"sim_20",6
"sim_20",6
"sim_20",6
"sim_20",6
"sim_20",6
"sim_20",6
"sim_20",6
"sim_20",6
"sim_20",6
"sim_20",6
"sim_20",6
"sim_20",6
"sim_20",6
"sim_20",7
"sim_20",7
"sim_20",7
"sim_20",7
"sim_20",7
"sim_20",7
"sim_20",7
"sim_20",7
"sim_20",8
"sim_20",8
"sim_20",8
"sim_20",8
"sim_20",8
"sim_20",8
"sim_20",8
"sim_20",8
"sim_20",8
"sim_20",8
"sim_20",8
"sim_20",8
"sim_20",8
"sim_20",9
"sim_20",9
"sim_20",9
"sim_20",9
"sim_20",10
"sim_20",10
"sim_20",10
"sim_20",11
"sim_20",11
"sim_20",12
"sim_20",12
"sim_20",13
"sim_20",13
"sim_20",14
"sim_20",14
"sim_20",14
"sim_20",14
"sim_21",4
"sim_21",4
"sim_21",4
"sim_21",4
"sim_21",4
"sim_21",4
"sim_21",4
"sim_21",4
"sim_21",4
"sim_21",4
"sim_21",4
"sim_21",4
"sim_21",4
"sim_21",4
"sim_21",4
"sim_21",4
"sim_21",4
"sim_21",4
"sim_21",4
"sim_21",4
"sim_21",4
"sim_21",4
"sim_21",4
"sim_21",4
"sim_21",4
"sim_21",4
"sim_21",4
"sim_21",4
"sim_21",4
"sim_21",4
"sim_21",4
"sim_21",4
"sim_21",4
"sim_21",4
"sim_21",4
"sim_21",4
"sim_21",4
"sim_21",4
"sim_21",4
"sim_21",4
"sim_21",4
"sim_21",4
"sim_21",4
"sim_21",4
"sim_21",4
"sim_21",4
"sim_21",4
"sim_21",4
"sim_21",4
"sim_21",4
"sim_21",4
"sim_21",4
"sim_21",4
"sim_21",4
"sim_21",4
"sim_21",4
"sim_21",4
"sim_21",4
"sim_21",4
"sim_21",4
"sim_21",4
"sim_21",4
"sim_21",4
"sim_21",4
"sim_21",4
"sim_21",4
"sim_21",4
"sim_21",4
"sim_21",4
"sim_21",4
"sim_21",4
"sim_21",4
"sim_21",4
"sim_21",4
"sim_21",4
"sim_21",4
"sim_21",4
"sim_21",4
"sim_21",4
"sim_21",4
"sim_21",4
"sim_21",4
"sim_21",4
"sim_21",4
"sim_21",4
"sim_21",4
"sim_21",4
"sim_21",4
"sim_21",4
"sim_21",4
"sim_21",4
"sim_21",4
"sim_21",4
"sim_21",4
"sim_21",4
"sim_21",4
"sim_21",4
"sim_21",4
"sim_21",4
"sim_21",4
"sim_21",4
"sim_21",4
"sim_21",4
"sim_21",4
"sim_21",4
"sim_21",4
"sim_21",4
"sim_21",4
"sim_21",4
"sim_21",4
"sim_21",4
"sim_21",4
"sim_21",4
"sim_21",4
"sim_21",4
"sim_21",4
"sim_21",4
"sim_21",4
"sim_21",4
"sim_21",4
"sim_21",4
"sim_21",4
"sim_21",4
"sim_21",4
"sim_21",4
"sim_21",4
"sim_21",4
"sim_21",4
"sim_21",4
"sim_21",4
"sim_21",4
"sim_21",4
"sim_21",4
"sim_21",4
"sim_21",4
"sim_21",4
"sim_21",4
"sim_21",4
"sim_21",4
"sim_21",4
"sim_21",4
"sim_21",4
"sim_21",4
"sim_21",4
"sim_21",4
"sim_21",4
"sim_21",4
"sim_21",4
"sim_21",4
"sim_21",4
"sim_21",4
"sim_21",4
"sim_21",4
"sim_21",4
"sim_21",4
"sim_21",4
"sim_21",4
"sim_21",4
"sim_21",4
"sim_21",4
"sim_21",4
"sim_21",4
"sim_21",4
"sim_21",4
"sim_21",4
"sim_21",4
"sim_21",4
"sim_21",4
"sim_21",4
"sim_21",4
"sim_21",4
"sim_21",4
"sim_21",4
"sim_21",4
"sim_21",4
"sim_21",4
"sim_21",4
"sim_21",4
"sim_21",4
"sim_21",4
"sim_21",4
"sim_21",4
"sim_21",4
"sim_21",4
"sim_21",4
"sim_21",4
"sim_21",4
"sim_21",4
"sim_21",4
"sim_21",4
"sim_21",4
"sim_21",4
"sim_21",4
"sim_21",4
"sim_21",4
"sim_21",4
"sim_21",4
"sim_21",4
"sim_21",4
"sim_21",4
"sim_21",4
"sim_21",4
"sim_21",4
"sim_21",4
"sim_21",4
"sim_21",4
"sim_21",4
"sim_21",4
"sim_21",4
"sim_21",4
"sim_21",4
"sim_21",4
"sim_21",4
"sim_21",4
"sim_21",4
"sim_21",4
"sim_21",4
"sim_21",4
"sim_21",4
"sim_21",4
"sim_21",4
"sim_21",4
"sim_21",4
"sim_21",4
"sim_21",4
"sim_21",4
"sim_21",4
"sim_21",4
"sim_21",4
"sim_21",4
"sim_21",4
"sim_21",4
"sim_21",4
"sim_21",4
"sim_21",4
"sim_21",4
"sim_21",4
"sim_21",4
"sim_21",4
"sim_21",4
"sim_21",4
"sim_21",4
"sim_21",4
"sim_21",4
"sim_21",4
"sim_21",4
"sim_21",4
"sim_21",4
"sim_21",4
"sim_21",4
"sim_21",4
"sim_21",4
"sim_21",4
"sim_21",4
"sim_21",4
"sim_21",4
"sim_21",4
"sim_21",4
"sim_21",4
"sim_21",4
"sim_21",4
"sim_21",4
"sim_21",4
"sim_21",4
"sim_21",4
"sim_21",4
"sim_21",4
"sim_21",4
"sim_21",4
"sim_21",4
"sim_21",4
"sim_21",4
"sim_21",4
"sim_21",4
"sim_21",4
"sim_21",4
"sim_21",4
"sim_21",4
"sim_21",4
"sim_21",4
"sim_21",4
"sim_21",4
"sim_21",4
"sim_21",4
"sim_21",4
"sim_21",4
"sim_21",4
"sim_21",4
"sim_21",4
"sim_21",4
"sim_21",4
"sim_21",4
"sim_21",4
"sim_21",4
"sim_21",4
"sim_21",4
"sim_21",4
"sim_21",4
"sim_21",4
"sim_21",4
"sim_21",4
"sim_21",4
"sim_21",4
"sim_21",4
"sim_21",4
"sim_21",4
"sim_21",4
"sim_21",4
"sim_21",4
"sim_21",4
"sim_21",4
"sim_21",4
"sim_21",4
"sim_21",4
"sim_21",4
"sim_21",4
"sim_21",4
"sim_21",4
"sim_21",4
"sim_21",4
"sim_21",4
"sim_21",4
"sim_21",4
"sim_21",4
"sim_21",4
"sim_21",4
"sim_21",4
"sim_21",4
"sim_21",4
"sim_21",4
"sim_21",4
"sim_21",4
"sim_21",4
"sim_21",4
"sim_21",4
"sim_21",4
"sim_21",4
"sim_21",4
"sim_21",4
"sim_21",4
"sim_21",4
"sim_21",4
"sim_21",4
"sim_21",4
"sim_21",4
"sim_21",4
"sim_21",4
"sim_21",4
"sim_21",4
"sim_21",4
"sim_21",4
"sim_21",4
"sim_21",4
"sim_21",4
"sim_21",4
"sim_21",4
"sim_21",4
"sim_21",4
"sim_21",4
"sim_21",4
"sim_21",4
"sim_21",4
"sim_21",4
"sim_21",4
"sim_21",4
"sim_21",4
"sim_21",4
"sim_21",4
"sim_21",4
"sim_21",4
"sim_21",4
"sim_21",4
"sim_21",4
"sim_21",4
"sim_21",4
"sim_21",4
"sim_21",4
"sim_21",4
"sim_21",4
"sim_21",4
"sim_21",4
"sim_21",4
"sim_21",4
"sim_21",4
"sim_21",5
"sim_21",5
"sim_21",5
"sim_21",5
"sim_21",5
"sim_21",5
"sim_21",5
"sim_21",5
"sim_21",5
"sim_21",5
"sim_21",5
"sim_21",5
"sim_21",5
"sim_21",5
"sim_21",5
"sim_21",5
"sim_21",5
"sim_21",5
"sim_21",5
"sim_21",5
"sim_21",5
"sim_21",5
"sim_21",5
"sim_21",5
"sim_21",5
"sim_21",5
"sim_21",5
"sim_21",5
"sim_21",5
"sim_21",5
"sim_21",5
"sim_21",5
"sim_21",5
"sim_21",5
"sim_21",5
"sim_21",5
"sim_21",5
"sim_21",5
"sim_21",5
"sim_21",5
"sim_21",5
"sim_21",5
"sim_21",5
"sim_21",5
"sim_21",5
"sim_21",5
"sim_21",5
"sim_21",5
"sim_21",5
"sim_21",5
"sim_21",5
"sim_21",5
"sim_21",5
"sim_21",5
"sim_21",5
"sim_21",5
"sim_21",5
"sim_21",5
"sim_21",5
"sim_21",5
"sim_21",5
"sim_21",5
"sim_21",5
"sim_21",5
"sim_21",5
"sim_21",5
"sim_21",5
"sim_21",5
"sim_21",5
"sim_21",5
"sim_21",5
"sim_21",5
"sim_21",5
"sim_21",5
"sim_21",5
"sim_21",5
"sim_21",5
"sim_21",5
"sim_21",5
"sim_21",5
"sim_21",5
"sim_21",5
"sim_21",5
"sim_21",5
"sim_21",6
"sim_21",6
"sim_21",6
"sim_21",6
"sim_21",6
"sim_21",6
"sim_21",6
"sim_21",6
"sim_21",6
"sim_21",6
"sim_21",6
"sim_21",6
"sim_21",6
"sim_21",6
"sim_21",6
"sim_21",6
"sim_21",6
"sim_21",6
"sim_21",6
"sim_21",6
"sim_21",6
"sim_21",6
"sim_21",6
"sim_21",6
"sim_21",6
"sim_21",6
"sim_21",6
"sim_21",6
"sim_21",6
"sim_21",6
"sim_21",6
"sim_21",6
"sim_21",6
"sim_21",6
"sim_21",6
"sim_21",7
"sim_21",7
"sim_21",7
"sim_21",7
"sim_21",7
"sim_21",7
"sim_21",7
"sim_21",7
"sim_21",7
"sim_21",7
"sim_21",7
"sim_21",7
"sim_21",7
"sim_21",7
"sim_21",7
"sim_21",7
"sim_21",8
"sim_21",8
"sim_21",8
"sim_21",8
"sim_21",8
"sim_21",8
"sim_21",8
"sim_21",8
"sim_21",8
"sim_21",8
"sim_21",8
"sim_21",8
"sim_21",8
"sim_21",8
"sim_21",8
"sim_21",8
"sim_21",8
"sim_21",8
"sim_21",8
"sim_21",8
"sim_21",8
"sim_21",8
"sim_21",9
"sim_21",9
"sim_21",9
"sim_21",9
"sim_21",9
"sim_21",9
"sim_21",9
"sim_21",9
"sim_21",9
"sim_21",9
"sim_21",10
"sim_21",10
"sim_21",10
"sim_21",10
"sim_21",10
"sim_21",10
"sim_21",10
"sim_21",10
"sim_21",10
"sim_21",10
"sim_21",10
"sim_21",11
"sim_21",11
"sim_21",11
"sim_21",11
"sim_22",4
"sim_22",4
"sim_22",4
"sim_22",4
"sim_22",4
"sim_22",4
"sim_22",4
"sim_22",4
"sim_22",4
"sim_22",4
"sim_22",4
"sim_22",4
"sim_22",4
"sim_22",4
"sim_22",4
"sim_22",4
"sim_22",4
"sim_22",4
"sim_22",4
"sim_22",4
"sim_22",4
"sim_22",4
"sim_22",4
"sim_22",4
"sim_22",4
"sim_22",4
"sim_22",4
"sim_22",4
"sim_22",4
"sim_22",4
"sim_22",4
"sim_22",4
"sim_22",4
"sim_22",4
"sim_22",4
"sim_22",4
"sim_22",4
"sim_22",4
"sim_22",4
"sim_22",4
"sim_22",4
"sim_22",4
"sim_22",4
"sim_22",4
"sim_22",4
"sim_22",4
"sim_22",4
"sim_22",4
"sim_22",4
"sim_22",4
"sim_22",4
"sim_22",4
"sim_22",4
"sim_22",4
"sim_22",4
"sim_22",4
"sim_22",4
"sim_22",4
"sim_22",4
"sim_22",4
"sim_22",4
"sim_22",4
"sim_22",4
"sim_22",4
"sim_22",4
"sim_22",4
"sim_22",4
"sim_22",4
"sim_22",4
"sim_22",4
"sim_22",4
"sim_22",4
"sim_22",4
"sim_22",4
"sim_22",4
"sim_22",4
"sim_22",4
"sim_22",4
"sim_22",4
"sim_22",4
"sim_22",4
"sim_22",4
"sim_22",4
"sim_22",4
"sim_22",4
"sim_22",4
"sim_22",4
"sim_22",4
"sim_22",4
"sim_22",4
"sim_22",4
"sim_22",4
"sim_22",4
"sim_22",4
"sim_22",4
"sim_22",4
"sim_22",4
"sim_22",4
"sim_22",4
"sim_22",4
"sim_22",4
"sim_22",4
"sim_22",4
"sim_22",4
"sim_22",4
"sim_22",4
"sim_22",4
"sim_22",4
"sim_22",4
"sim_22",4
"sim_22",4
"sim_22",4
"sim_22",4
"sim_22",4
"sim_22",4
"sim_22",4
"sim_22",4
"sim_22",4
"sim_22",4
"sim_22",4
"sim_22",4
"sim_22",4
"sim_22",4
"sim_22",4
"sim_22",4
"sim_22",4
"sim_22",4
"sim_22",4
"sim_22",4
"sim_22",4
"sim_22",4
"sim_22",4
"sim_22",4
"sim_22",4
"sim_22",4
"sim_22",4
"sim_22",4
"sim_22",4
"sim_22",4
"sim_22",4
"sim_22",4
"sim_22",4
"sim_22",4
"sim_22",4
"sim_22",4
"sim_22",4
"sim_22",4
"sim_22",4
"sim_22",4
"sim_22",4
"sim_22",4
"sim_22",4
"sim_22",4
"sim_22",4
"sim_22",4
"sim_22",4
"sim_22",4
"sim_22",4
"sim_22",4
"sim_22",4
"sim_22",4
"sim_22",4
"sim_22",4
"sim_22",4
"sim_22",4
"sim_22",4
"sim_22",4
"sim_22",4
"sim_22",4
"sim_22",4
"sim_22",4
"sim_22",4
"sim_22",4
"sim_22",4
"sim_22",4
"sim_22",4
"sim_22",4
"sim_22",4
"sim_22",4
"sim_22",4
"sim_22",4
"sim_22",4
"sim_22",4
"sim_22",4
"sim_22",4
"sim_22",4
"sim_22",4
"sim_22",4
"sim_22",4
"sim_22",4
"sim_22",4
"sim_22",4
"sim_22",4
"sim_22",4
"sim_22",4
"sim_22",4
"sim_22",4
"sim_22",4
"sim_22",4
"sim_22",4
"sim_22",4
"sim_22",4
"sim_22",4
"sim_22",4
"sim_22",4
"sim_22",4
"sim_22",4
"sim_22",4
"sim_22",4
"sim_22",4
"sim_22",4
"sim_22",4
"sim_22",4
"sim_22",4
"sim_22",4
"sim_22",4
"sim_22",4
"sim_22",4
"sim_22",4
"sim_22",4
"sim_22",4
"sim_22",4
"sim_22",4
"sim_22",4
"sim_22",4
"sim_22",4
"sim_22",4
"sim_22",4
"sim_22",4
"sim_22",4
"sim_22",4
"sim_22",4
"sim_22",4
"sim_22",4
"sim_22",4
"sim_22",4
"sim_22",4
"sim_22",4
"sim_22",4
"sim_22",4
"sim_22",4
"sim_22",4
"sim_22",4
"sim_22",4
"sim_22",4
"sim_22",4
"sim_22",4
"sim_22",4
"sim_22",4
"sim_22",4
"sim_22",4
"sim_22",4
"sim_22",4
"sim_22",4
"sim_22",4
"sim_22",4
"sim_22",4
"sim_22",4
"sim_22",4
"sim_22",4
"sim_22",4
"sim_22",4
"sim_22",4
"sim_22",4
"sim_22",4
"sim_22",4
"sim_22",4
"sim_22",4
"sim_22",4
"sim_22",4
"sim_22",4
"sim_22",4
"sim_22",4
"sim_22",4
"sim_22",4
"sim_22",4
"sim_22",4
"sim_22",4
"sim_22",4
"sim_22",4
"sim_22",4
"sim_22",4
"sim_22",4
"sim_22",4
"sim_22",4
"sim_22",4
"sim_22",4
"sim_22",4
"sim_22",4
"sim_22",4
"sim_22",4
"sim_22",4
"sim_22",4
"sim_22",4
"sim_22",4
"sim_22",4
"sim_22",4
"sim_22",4
"sim_22",4
"sim_22",4
"sim_22",4
"sim_22",4
"sim_22",4
"sim_22",4
"sim_22",4
"sim_22",4
"sim_22",4
"sim_22",4
"sim_22",4
"sim_22",4
"sim_22",4
"sim_22",4
"sim_22",4
"sim_22",4
"sim_22",4
"sim_22",4
"sim_22",4
"sim_22",4
"sim_22",4
"sim_22",4
"sim_22",4
"sim_22",4
"sim_22",4
"sim_22",4
"sim_22",4
"sim_22",4
"sim_22",4
"sim_22",4
"sim_22",4
"sim_22",4
"sim_22",4
"sim_22",4
"sim_22",4
"sim_22",4
"sim_22",4
"sim_22",4
"sim_22",4
"sim_22",4
"sim_22",4
"sim_22",4
"sim_22",4
"sim_22",4
"sim_22",4
"sim_22",4
"sim_22",4
"sim_22",4
"sim_22",4
"sim_22",4
"sim_22",4
"sim_22",4
"sim_22",4
"sim_22",4
"sim_22",4
"sim_22",4
"sim_22",4
"sim_22",4
"sim_22",4
"sim_22",4
"sim_22",4
"sim_22",4
"sim_22",4
"sim_22",4
"sim_22",4
"sim_22",4
"sim_22",4
"sim_22",4
"sim_22",4
"sim_22",4
"sim_22",4
"sim_22",4
"sim_22",4
"sim_22",4
"sim_22",4
"sim_22",4
"sim_22",4
"sim_22",4
"sim_22",4
"sim_22",4
"sim_22",4
"sim_22",4
"sim_22",4
"sim_22",4
"sim_22",4
"sim_22",4
"sim_22",5
"sim_22",5
"sim_22",5
"sim_22",5
"sim_22",5
"sim_22",5
"sim_22",5
"sim_22",5
"sim_22",5
"sim_22",5
"sim_22",5
"sim_22",5
"sim_22",5
"sim_22",5
"sim_22",5
"sim_22",5
"sim_22",5
"sim_22",5
"sim_22",5
"sim_22",5
"sim_22",5
"sim_22",5
"sim_22",5
"sim_22",5
"sim_22",5
"sim_22",5
"sim_22",5
"sim_22",5
"sim_22",5
"sim_22",5
"sim_22",5
"sim_22",5
"sim_22",5
"sim_22",5
"sim_22",5
"sim_22",5
"sim_22",5
"sim_22",5
"sim_22",5
"sim_22",5
"sim_22",5
"sim_22",5
"sim_22",5
"sim_22",5
"sim_22",5
"sim_22",5
"sim_22",5
"sim_22",5
"sim_22",5
"sim_22",5
"sim_22",5
"sim_22",5
"sim_22",5
"sim_22",5
"sim_22",5
"sim_22",5
"sim_22",5
"sim_22",5
"sim_22",5
"sim_22",5
"sim_22",5
"sim_22",5
"sim_22",5
"sim_22",5
"sim_22",5
"sim_22",5
"sim_22",5
"sim_22",5
"sim_22",5
"sim_22",5
"sim_22",5
"sim_22",5
"sim_22",5
"sim_22",5
"sim_22",5
"sim_22",5
"sim_22",5
"sim_22",5
"sim_22",5
"sim_22",5
"sim_22",5
"sim_22",5
"sim_22",5
"sim_22",5
"sim_22",5
"sim_22",5
"sim_22",6
"sim_22",6
"sim_22",6
"sim_22",6
"sim_22",6
"sim_22",6
"sim_22",6
"sim_22",6
"sim_22",6
"sim_22",6
"sim_22",6
"sim_22",6
"sim_22",6
"sim_22",6
"sim_22",6
"sim_22",6
"sim_22",6
"sim_22",6
"sim_22",6
"sim_22",6
"sim_22",6
"sim_22",6
"sim_22",6
"sim_22",6
"sim_22",6
"sim_22",6
"sim_22",6
"sim_22",7
"sim_22",7
"sim_22",7
"sim_22",7
"sim_22",7
"sim_22",7
"sim_22",7
"sim_22",7
"sim_22",7
"sim_22",7
"sim_22",7
"sim_22",7
"sim_22",7
"sim_22",7
"sim_22",7
"sim_22",7
"sim_22",7
"sim_22",7
"sim_22",7
"sim_22",7
"sim_22",7
"sim_22",7
"sim_22",8
"sim_22",8
"sim_22",8
"sim_22",8
"sim_22",8
"sim_22",8
"sim_22",8
"sim_22",8
"sim_22",8
"sim_22",8
"sim_22",8
"sim_22",8
"sim_22",8
"sim_22",8
"sim_22",8
"sim_22",8
"sim_22",8
"sim_22",8
"sim_22",8
"sim_22",9
"sim_22",9
"sim_22",9
"sim_22",9
"sim_22",9
"sim_22",9
"sim_22",9
"sim_22",9
"sim_22",9
"sim_22",10
"sim_22",11
"sim_22",11
"sim_22",11
"sim_22",11
"sim_22",11
"sim_22",12
"sim_22",12
"sim_22",13
"sim_22",13
"sim_22",13
"sim_22",13
"sim_22",13
"sim_22",13
"sim_22",14
"sim_22",14
"sim_22",15
"sim_22",15
"sim_22",16
"sim_23",4
"sim_23",4
"sim_23",4
"sim_23",4
"sim_23",4
"sim_23",4
"sim_23",4
"sim_23",4
"sim_23",4
"sim_23",4
"sim_23",4
"sim_23",4
"sim_23",4
"sim_23",4
"sim_23",4
"sim_23",4
"sim_23",4
"sim_23",4
"sim_23",4
"sim_23",4
"sim_23",4
"sim_23",4
"sim_23",4
"sim_23",4
"sim_23",4
"sim_23",4
"sim_23",4
"sim_23",4
"sim_23",4
"sim_23",4
"sim_23",4
"sim_23",4
"sim_23",4
"sim_23",4
"sim_23",4
"sim_23",4
"sim_23",4
"sim_23",4
"sim_23",4
"sim_23",4
"sim_23",4
"sim_23",4
"sim_23",4
"sim_23",4
"sim_23",4
"sim_23",4
"sim_23",4
"sim_23",4
"sim_23",4
"sim_23",4
"sim_23",4
"sim_23",4
"sim_23",4
"sim_23",4
"sim_23",4
"sim_23",4
"sim_23",4
"sim_23",4
"sim_23",4
"sim_23",4
"sim_23",4
"sim_23",4
"sim_23",4
"sim_23",4
"sim_23",4
"sim_23",4
"sim_23",4
"sim_23",4
"sim_23",4
"sim_23",4
"sim_23",4
"sim_23",4
"sim_23",4
"sim_23",4
"sim_23",4
"sim_23",4
"sim_23",4
"sim_23",4
"sim_23",4
"sim_23",4
"sim_23",4
"sim_23",4
"sim_23",4
"sim_23",4
"sim_23",4
"sim_23",4
"sim_23",4
"sim_23",4
"sim_23",4
"sim_23",4
"sim_23",4
"sim_23",4
"sim_23",4
"sim_23",4
"sim_23",4
"sim_23",4
"sim_23",4
"sim_23",4
"sim_23",4
"sim_23",4
"sim_23",4
"sim_23",4
"sim_23",4
"sim_23",4
"sim_23",4
"sim_23",4
"sim_23",4
"sim_23",4
"sim_23",4
"sim_23",4
"sim_23",4
"sim_23",4
"sim_23",4
"sim_23",4
"sim_23",4
"sim_23",4
"sim_23",4
"sim_23",4
"sim_23",4
"sim_23",4
"sim_23",4
"sim_23",4
"sim_23",4
"sim_23",4
"sim_23",4
"sim_23",4
"sim_23",4
"sim_23",4
"sim_23",4
"sim_23",4
"sim_23",4
"sim_23",4
"sim_23",4
"sim_23",4
"sim_23",4
"sim_23",4
"sim_23",4
"sim_23",4
"sim_23",4
"sim_23",4
"sim_23",4
"sim_23",4
"sim_23",4
"sim_23",4
"sim_23",4
"sim_23",4
"sim_23",4
"sim_23",4
"sim_23",4
"sim_23",4
"sim_23",4
"sim_23",4
"sim_23",4
"sim_23",4
"sim_23",4
"sim_23",4
"sim_23",4
"sim_23",4
"sim_23",4
"sim_23",4
"sim_23",4
"sim_23",4
"sim_23",4
"sim_23",4
"sim_23",4
"sim_23",4
"sim_23",4
"sim_23",4
"sim_23",4
"sim_23",4
"sim_23",4
"sim_23",4
"sim_23",4
"sim_23",4
"sim_23",4
"sim_23",4
"sim_23",4
"sim_23",4
"sim_23",4
"sim_23",4
"sim_23",4
"sim_23",4
"sim_23",4
"sim_23",4
"sim_23",4
"sim_23",4
"sim_23",4
"sim_23",4
"sim_23",4
"sim_23",4
"sim_23",4
"sim_23",4
"sim_23",4
"sim_23",4
"sim_23",4
"sim_23",4
"sim_23",4
"sim_23",4
"sim_23",4
"sim_23",4
"sim_23",4
"sim_23",4
"sim_23",4
"sim_23",4
"sim_23",4
"sim_23",4
"sim_23",4
"sim_23",4
"sim_23",4
"sim_23",4
"sim_23",4
"sim_23",4
"sim_23",4
"sim_23",4
"sim_23",4
"sim_23",4
"sim_23",4
"sim_23",4
"sim_23",4
"sim_23",4
"sim_23",4
"sim_23",4
"sim_23",4
"sim_23",4
"sim_23",4
"sim_23",4
"sim_23",4
"sim_23",4
"sim_23",4
"sim_23",4
"sim_23",4
"sim_23",4
"sim_23",4
"sim_23",4
"sim_23",4
"sim_23",4
"sim_23",4
"sim_23",4
"sim_23",4
"sim_23",4
"sim_23",4
"sim_23",4
"sim_23",4
"sim_23",4
"sim_23",4
"sim_23",4
"sim_23",4
"sim_23",4
"sim_23",4
"sim_23",4
"sim_23",4
"sim_23",4
"sim_23",4
"sim_23",4
"sim_23",4
"sim_23",4
"sim_23",4
"sim_23",4
"sim_23",4
"sim_23",4
"sim_23",4
"sim_23",4
"sim_23",4
"sim_23",4
"sim_23",4
"sim_23",4
"sim_23",4
"sim_23",4
"sim_23",4
"sim_23",4
"sim_23",4
"sim_23",4
"sim_23",4
"sim_23",4
"sim_23",4
"sim_23",4
"sim_23",4
"sim_23",4
"sim_23",4
"sim_23",4
"sim_23",4
"sim_23",4
"sim_23",4
"sim_23",4
"sim_23",4
"sim_23",4
"sim_23",4
"sim_23",4
"sim_23",4
"sim_23",4
"sim_23",4
"sim_23",4
"sim_23",4
"sim_23",4
"sim_23",4
"sim_23",4
"sim_23",4
"sim_23",4
"sim_23",4
"sim_23",4
"sim_23",4
"sim_23",4
"sim_23",4
"sim_23",4
"sim_23",4
"sim_23",4
"sim_23",4
"sim_23",4
"sim_23",4
"sim_23",4
"sim_23",4
"sim_23",4
"sim_23",4
"sim_23",4
"sim_23",4
"sim_23",4
"sim_23",4
"sim_23",4
"sim_23",4
"sim_23",4
"sim_23",4
"sim_23",4
"sim_23",4
"sim_23",4
"sim_23",4
"sim_23",4
"sim_23",4
"sim_23",4
"sim_23",4
"sim_23",4
"sim_23",4
"sim_23",4
"sim_23",4
"sim_23",4
"sim_23",4
"sim_23",4
"sim_23",4
"sim_23",4
"sim_23",4
"sim_23",4
"sim_23",4
"sim_23",4
"sim_23",4
"sim_23",4
"sim_23",4
"sim_23",4
"sim_23",4
"sim_23",4
"sim_23",4
"sim_23",4
"sim_23",4
"sim_23",4
"sim_23",4
"sim_23",4
"sim_23",4
"sim_23",4
"sim_23",4
"sim_23",4
"sim_23",4
"sim_23",4
"sim_23",4
"sim_23",4
"sim_23",4
"sim_23",4
"sim_23",4
"sim_23",4
"sim_23",4
"sim_23",4
"sim_23",4
"sim_23",4
"sim_23",4
"sim_23",4
"sim_23",4
"sim_23",4
"sim_23",4
"sim_23",4
"sim_23",4
"sim_23",4
"sim_23",4
"sim_23",4
"sim_23",4
"sim_23",4
"sim_23",4
"sim_23",4
"sim_23",4
"sim_23",4
"sim_23",4
"sim_23",4
"sim_23",5
"sim_23",5
"sim_23",5
"sim_23",5
"sim_23",5
"sim_23",5
"sim_23",5
"sim_23",5
"sim_23",5
"sim_23",5
"sim_23",5
"sim_23",5
"sim_23",5
"sim_23",5
"sim_23",5
"sim_23",5
"sim_23",5
"sim_23",5
"sim_23",5
"sim_23",5
"sim_23",5
"sim_23",5
"sim_23",5
"sim_23",5
"sim_23",5
"sim_23",5
"sim_23",5
"sim_23",5
"sim_23",5
"sim_23",5
"sim_23",5
"sim_23",5
"sim_23",5
"sim_23",5
"sim_23",5
"sim_23",5
"sim_23",5
"sim_23",5
"sim_23",5
"sim_23",5
"sim_23",5
"sim_23",5
"sim_23",5
"sim_23",5
"sim_23",5
"sim_23",5
"sim_23",5
"sim_23",5
"sim_23",5
"sim_23",5
"sim_23",5
"sim_23",5
"sim_23",5
"sim_23",5
"sim_23",5
"sim_23",5
"sim_23",5
"sim_23",5
"sim_23",5
"sim_23",5
"sim_23",5
"sim_23",5
"sim_23",5
"sim_23",5
"sim_23",5
"sim_23",5
"sim_23",5
"sim_23",5
"sim_23",5
"sim_23",5
"sim_23",5
"sim_23",5
"sim_23",5
"sim_23",5
"sim_23",5
"sim_23",5
"sim_23",5
"sim_23",5
"sim_23",5
"sim_23",5
"sim_23",5
"sim_23",5
"sim_23",5
"sim_23",5
"sim_23",5
"sim_23",5
"sim_23",5
"sim_23",5
"sim_23",5
"sim_23",5
"sim_23",5
"sim_23",6
"sim_23",6
"sim_23",6
"sim_23",6
"sim_23",6
"sim_23",6
"sim_23",6
"sim_23",6
"sim_23",6
"sim_23",6
"sim_23",6
"sim_23",6
"sim_23",6
"sim_23",6
"sim_23",6
"sim_23",6
"sim_23",6
"sim_23",6
"sim_23",6
"sim_23",6
"sim_23",6
"sim_23",6
"sim_23",6
"sim_23",6
"sim_23",6
"sim_23",6
"sim_23",6
"sim_23",6
"sim_23",6
"sim_23",6
"sim_23",6
"sim_23",6
"sim_23",7
"sim_23",7
"sim_23",7
"sim_23",7
"sim_23",7
"sim_23",7
"sim_23",7
"sim_23",7
"sim_23",7
"sim_23",7
"sim_23",7
"sim_23",7
"sim_23",7
"sim_23",8
"sim_23",8
"sim_23",8
"sim_23",8
"sim_23",8
"sim_23",8
"sim_23",8
"sim_23",8
"sim_23",8
"sim_23",8
"sim_23",8
"sim_23",8
"sim_23",8
"sim_23",8
"sim_23",8
"sim_23",8
"sim_23",8
"sim_23",9
"sim_23",9
"sim_23",9
"sim_23",9
"sim_23",9
"sim_23",9
"sim_23",9
"sim_23",9
"sim_23",9
"sim_23",9
"sim_23",9
"sim_23",9
"sim_23",9
"sim_23",9
"sim_23",9
"sim_23",10
"sim_23",10
"sim_23",11
"sim_23",11
"sim_23",11
"sim_23",11
"sim_23",11
"sim_23",12
"sim_23",12
"sim_23",12
"sim_24",4
"sim_24",4
"sim_24",4
"sim_24",4
"sim_24",4
"sim_24",4
"sim_24",4
"sim_24",4
"sim_24",4
"sim_24",4
"sim_24",4
"sim_24",4
"sim_24",4
"sim_24",4
"sim_24",4
"sim_24",4
"sim_24",4
"sim_24",4
"sim_24",4
"sim_24",4
"sim_24",4
"sim_24",4
"sim_24",4
"sim_24",4
"sim_24",4
"sim_24",4
"sim_24",4
"sim_24",4
"sim_24",4
"sim_24",4
"sim_24",4
"sim_24",4
"sim_24",4
"sim_24",4
"sim_24",4
"sim_24",4
"sim_24",4
"sim_24",4
"sim_24",4
"sim_24",4
"sim_24",4
"sim_24",4
"sim_24",4
"sim_24",4
"sim_24",4
"sim_24",4
"sim_24",4
"sim_24",4
"sim_24",4
"sim_24",4
"sim_24",4
"sim_24",4
"sim_24",4
"sim_24",4
"sim_24",4
"sim_24",4
"sim_24",4
"sim_24",4
"sim_24",4
"sim_24",4
"sim_24",4
"sim_24",4
"sim_24",4
"sim_24",4
"sim_24",4
"sim_24",4
"sim_24",4
"sim_24",4
"sim_24",4
"sim_24",4
"sim_24",4
"sim_24",4
"sim_24",4
"sim_24",4
"sim_24",4
"sim_24",4
"sim_24",4
"sim_24",4
"sim_24",4
"sim_24",4
"sim_24",4
"sim_24",4
"sim_24",4
"sim_24",4
"sim_24",4
"sim_24",4
"sim_24",4
"sim_24",4
"sim_24",4
"sim_24",4
"sim_24",4
"sim_24",4
"sim_24",4
"sim_24",4
"sim_24",4
"sim_24",4
"sim_24",4
"sim_24",4
"sim_24",4
"sim_24",4
"sim_24",4
"sim_24",4
"sim_24",4
"sim_24",4
"sim_24",4
"sim_24",4
"sim_24",4
"sim_24",4
"sim_24",4
"sim_24",4
"sim_24",4
"sim_24",4
"sim_24",4
"sim_24",4
"sim_24",4
"sim_24",4
"sim_24",4
"sim_24",4
"sim_24",4
"sim_24",4
"sim_24",4
"sim_24",4
"sim_24",4
"sim_24",4
"sim_24",4
"sim_24",4
"sim_24",4
"sim_24",4
"sim_24",4
"sim_24",4
"sim_24",4
"sim_24",4
"sim_24",4
"sim_24",4
"sim_24",4
"sim_24",4
"sim_24",4
"sim_24",4
"sim_24",4
"sim_24",4
"sim_24",4
"sim_24",4
"sim_24",4
"sim_24",4
"sim_24",4
"sim_24",4
"sim_24",4
"sim_24",4
"sim_24",4
"sim_24",4
"sim_24",4
"sim_24",4
"sim_24",4
"sim_24",4
"sim_24",4
"sim_24",4
"sim_24",4
"sim_24",4
"sim_24",4
"sim_24",4
"sim_24",4
"sim_24",4
"sim_24",4
"sim_24",4
"sim_24",4
"sim_24",4
"sim_24",4
"sim_24",4
"sim_24",4
"sim_24",4
"sim_24",4
"sim_24",4
"sim_24",4
"sim_24",4
"sim_24",4
"sim_24",4
"sim_24",4
"sim_24",4
"sim_24",4
"sim_24",4
"sim_24",4
"sim_24",4
"sim_24",4
"sim_24",4
"sim_24",4
"sim_24",4
"sim_24",4
"sim_24",4
"sim_24",4
"sim_24",4
"sim_24",4
"sim_24",4
"sim_24",4
"sim_24",4
"sim_24",4
"sim_24",4
"sim_24",4
"sim_24",4
"sim_24",4
"sim_24",4
"sim_24",4
"sim_24",4
"sim_24",4
"sim_24",4
"sim_24",4
"sim_24",4
"sim_24",4
"sim_24",4
"sim_24",4
"sim_24",4
"sim_24",4
"sim_24",4
"sim_24",4
"sim_24",4
"sim_24",4
"sim_24",4
"sim_24",4
"sim_24",4
"sim_24",4
"sim_24",4
"sim_24",4
"sim_24",4
"sim_24",4
"sim_24",4
"sim_24",4
"sim_24",4
"sim_24",4
"sim_24",4
"sim_24",4
"sim_24",4
"sim_24",4
"sim_24",4
"sim_24",4
"sim_24",4
"sim_24",4
"sim_24",4
"sim_24",4
"sim_24",4
"sim_24",4
"sim_24",4
"sim_24",4
"sim_24",4
"sim_24",4
"sim_24",4
"sim_24",4
"sim_24",4
"sim_24",4
"sim_24",4
"sim_24",4
"sim_24",4
"sim_24",4
"sim_24",4
"sim_24",4
"sim_24",4
"sim_24",4
"sim_24",4
"sim_24",4
"sim_24",4
"sim_24",4
"sim_24",4
"sim_24",4
"sim_24",4
"sim_24",4
"sim_24",4
"sim_24",4
"sim_24",4
"sim_24",4
"sim_24",4
"sim_24",4
"sim_24",4
"sim_24",4
"sim_24",4
"sim_24",4
"sim_24",4
"sim_24",4
"sim_24",4
"sim_24",4
"sim_24",4
"sim_24",4
"sim_24",4
"sim_24",4
"sim_24",4
"sim_24",4
"sim_24",4
"sim_24",4
"sim_24",4
"sim_24",4
"sim_24",4
"sim_24",4
"sim_24",4
"sim_24",4
"sim_24",4
"sim_24",4
"sim_24",4
"sim_24",4
"sim_24",4
"sim_24",4
"sim_24",4
"sim_24",4
"sim_24",4
"sim_24",4
"sim_24",4
"sim_24",4
"sim_24",4
"sim_24",4
"sim_24",4
"sim_24",4
"sim_24",4
"sim_24",4
"sim_24",4
"sim_24",4
"sim_24",4
"sim_24",4
"sim_24",4
"sim_24",4
"sim_24",4
"sim_24",4
"sim_24",4
"sim_24",4
"sim_24",4
"sim_24",4
"sim_24",4
"sim_24",4
"sim_24",4
"sim_24",4
"sim_24",4
"sim_24",4
"sim_24",4
"sim_24",4
"sim_24",4
"sim_24",4
"sim_24",4
"sim_24",4
"sim_24",4
"sim_24",4
"sim_24",4
"sim_24",4
"sim_24",4
"sim_24",4
"sim_24",4
"sim_24",4
"sim_24",4
"sim_24",4
"sim_24",4
"sim_24",4
"sim_24",4
"sim_24",4
"sim_24",4
"sim_24",4
"sim_24",4
"sim_24",4
"sim_24",4
"sim_24",4
"sim_24",4
"sim_24",4
"sim_24",4
"sim_24",4
"sim_24",4
"sim_24",4
"sim_24",4
"sim_24",4
"sim_24",4
"sim_24",4
"sim_24",4
"sim_24",4
"sim_24",4
"sim_24",4
"sim_24",4
"sim_24",4
"sim_24",4
"sim_24",4
"sim_24",4
"sim_24",4
"sim_24",4
"sim_24",4
"sim_24",4
"sim_24",4
"sim_24",4
"sim_24",4
"sim_24",4
"sim_24",5
"sim_24",5
"sim_24",5
"sim_24",5
"sim_24",5
"sim_24",5
"sim_24",5
"sim_24",5
"sim_24",5
"sim_24",5
"sim_24",5
"sim_24",5
"sim_24",5
"sim_24",5
"sim_24",5
"sim_24",5
"sim_24",5
"sim_24",5
"sim_24",5
"sim_24",5
"sim_24",5
"sim_24",5
"sim_24",5
"sim_24",5
"sim_24",5
"sim_24",5
"sim_24",5
"sim_24",5
"sim_24",5
"sim_24",5
"sim_24",5
"sim_24",5
"sim_24",5
"sim_24",5
"sim_24",5
"sim_24",5
"sim_24",5
"sim_24",5
"sim_24",5
"sim_24",5
"sim_24",5
"sim_24",5
"sim_24",5
"sim_24",5
"sim_24",5
"sim_24",5
"sim_24",5
"sim_24",5
"sim_24",5
"sim_24",5
"sim_24",5
"sim_24",5
"sim_24",5
"sim_24",5
"sim_24",5
"sim_24",5
"sim_24",5
"sim_24",5
"sim_24",5
"sim_24",5
"sim_24",5
"sim_24",5
"sim_24",5
"sim_24",5
"sim_24",5
"sim_24",5
"sim_24",5
"sim_24",5
"sim_24",5
"sim_24",5
"sim_24",5
"sim_24",5
"sim_24",5
"sim_24",5
"sim_24",5
"sim_24",5
"sim_24",5
"sim_24",5
"sim_24",5
"sim_24",5
"sim_24",5
"sim_24",5
"sim_24",5
"sim_24",5
"sim_24",5
"sim_24",5
"sim_24",5
"sim_24",5
"sim_24",5
"sim_24",5
"sim_24",5
"sim_24",5
"sim_24",5
"sim_24",5
"sim_24",5
"sim_24",5
"sim_24",5
"sim_24",5
"sim_24",5
"sim_24",5
"sim_24",5
"sim_24",5
"sim_24",5
"sim_24",5
"sim_24",5
"sim_24",6
"sim_24",6
"sim_24",6
"sim_24",6
"sim_24",6
"sim_24",6
"sim_24",6
"sim_24",6
"sim_24",6
"sim_24",6
"sim_24",6
"sim_24",6
"sim_24",6
"sim_24",6
"sim_24",6
"sim_24",6
"sim_24",6
"sim_24",6
"sim_24",6
"sim_24",6
"sim_24",6
"sim_24",6
"sim_24",6
"sim_24",6
"sim_24",6
"sim_24",6
"sim_24",6
"sim_24",6
"sim_24",6
"sim_24",6
"sim_24",6
"sim_24",6
"sim_24",6
"sim_24",6
"sim_24",6
"sim_24",6
"sim_24",6
"sim_24",6
"sim_24",6
"sim_24",6
"sim_24",6
"sim_24",6
"sim_24",7
"sim_24",7
"sim_24",7
"sim_24",7
"sim_24",7
"sim_24",7
"sim_24",7
"sim_24",7
"sim_24",7
"sim_24",7
"sim_24",7
"sim_24",7
"sim_24",7
"sim_24",7
"sim_24",7
"sim_24",7
"sim_24",8
"sim_24",8
"sim_24",8
"sim_24",8
"sim_24",8
"sim_24",8
"sim_24",8
"sim_24",8
"sim_24",8
"sim_24",8
"sim_24",8
"sim_24",8
"sim_24",8
"sim_24",8
"sim_24",8
"sim_24",8
"sim_24",8
"sim_24",8
"sim_24",9
"sim_24",9
"sim_24",10
"sim_24",10
"sim_24",11
"sim_25",4
"sim_25",4
"sim_25",4
"sim_25",4
"sim_25",4
"sim_25",4
"sim_25",4
"sim_25",4
"sim_25",4
"sim_25",4
"sim_25",4
"sim_25",4
"sim_25",4
"sim_25",4
"sim_25",4
"sim_25",4
"sim_25",4
"sim_25",4
"sim_25",4
"sim_25",4
"sim_25",4
"sim_25",4
"sim_25",4
"sim_25",4
"sim_25",4
"sim_25",4
"sim_25",4
"sim_25",4
"sim_25",4
"sim_25",4
"sim_25",4
"sim_25",4
"sim_25",4
"sim_25",4
"sim_25",4
"sim_25",4
"sim_25",4
"sim_25",4
"sim_25",4
"sim_25",4
"sim_25",4
"sim_25",4
"sim_25",4
"sim_25",4
"sim_25",4
"sim_25",4
"sim_25",4
"sim_25",4
"sim_25",4
"sim_25",4
"sim_25",4
"sim_25",4
"sim_25",4
"sim_25",4
"sim_25",4
"sim_25",4
"sim_25",4
"sim_25",4
"sim_25",4
"sim_25",4
"sim_25",4
"sim_25",4
"sim_25",4
"sim_25",4
"sim_25",4
"sim_25",4
"sim_25",4
"sim_25",4
"sim_25",4
"sim_25",4
"sim_25",4
"sim_25",4
"sim_25",4
"sim_25",4
"sim_25",4
"sim_25",4
"sim_25",4
"sim_25",4
"sim_25",4
"sim_25",4
"sim_25",4
"sim_25",4
"sim_25",4
"sim_25",4
"sim_25",4
"sim_25",4
"sim_25",4
"sim_25",4
"sim_25",4
"sim_25",4
"sim_25",4
"sim_25",4
"sim_25",4
"sim_25",4
"sim_25",4
"sim_25",4
"sim_25",4
"sim_25",4
"sim_25",4
"sim_25",4
"sim_25",4
"sim_25",4
"sim_25",4
"sim_25",4
"sim_25",4
"sim_25",4
"sim_25",4
"sim_25",4
"sim_25",4
"sim_25",4
"sim_25",4
"sim_25",4
"sim_25",4
"sim_25",4
"sim_25",4
"sim_25",4
"sim_25",4
"sim_25",4
"sim_25",4
"sim_25",4
"sim_25",4
"sim_25",4
"sim_25",4
"sim_25",4
"sim_25",4
"sim_25",4
"sim_25",4
"sim_25",4
"sim_25",4
"sim_25",4
"sim_25",4
"sim_25",4
"sim_25",4
"sim_25",4
"sim_25",4
"sim_25",4
"sim_25",4
"sim_25",4
"sim_25",4
"sim_25",4
"sim_25",4
"sim_25",4
"sim_25",4
"sim_25",4
"sim_25",4
"sim_25",4
"sim_25",4
"sim_25",4
"sim_25",4
"sim_25",4
"sim_25",4
"sim_25",4
"sim_25",4
"sim_25",4
"sim_25",4
"sim_25",4
"sim_25",4
"sim_25",4
"sim_25",4
"sim_25",4
"sim_25",4
"sim_25",4
"sim_25",4
"sim_25",4
"sim_25",4
"sim_25",4
"sim_25",4
"sim_25",4
"sim_25",4
"sim_25",4
"sim_25",4
"sim_25",4
"sim_25",4
"sim_25",4
"sim_25",4
"sim_25",4
"sim_25",4
"sim_25",4
"sim_25",4
"sim_25",4
"sim_25",4
"sim_25",4
"sim_25",4
"sim_25",4
"sim_25",4
"sim_25",4
"sim_25",4
"sim_25",4
"sim_25",4
"sim_25",4
"sim_25",4
"sim_25",4
"sim_25",4
"sim_25",4
"sim_25",4
"sim_25",4
"sim_25",4
"sim_25",4
"sim_25",4
"sim_25",4
"sim_25",4
"sim_25",4
"sim_25",4
"sim_25",4
"sim_25",4
"sim_25",4
"sim_25",4
"sim_25",4
"sim_25",4
"sim_25",4
"sim_25",4
"sim_25",4
"sim_25",4
"sim_25",4
"sim_25",4
"sim_25",4
"sim_25",4
"sim_25",4
"sim_25",4
"sim_25",4
"sim_25",4
"sim_25",4
"sim_25",4
"sim_25",4
"sim_25",4
"sim_25",4
"sim_25",4
"sim_25",4
"sim_25",4
"sim_25",4
"sim_25",4
"sim_25",4
"sim_25",4
"sim_25",4
"sim_25",4
"sim_25",4
"sim_25",4
"sim_25",4
"sim_25",4
"sim_25",4
"sim_25",4
"sim_25",4
"sim_25",4
"sim_25",4
"sim_25",4
"sim_25",4
"sim_25",4
"sim_25",4
"sim_25",4
"sim_25",4
"sim_25",4
"sim_25",4
"sim_25",4
"sim_25",4
"sim_25",4
"sim_25",4
"sim_25",4
"sim_25",4
"sim_25",4
"sim_25",4
"sim_25",4
"sim_25",4
"sim_25",4
"sim_25",4
"sim_25",4
"sim_25",4
"sim_25",4
"sim_25",4
"sim_25",4
"sim_25",4
"sim_25",4
"sim_25",4
"sim_25",4
"sim_25",4
"sim_25",4
"sim_25",4
"sim_25",4
"sim_25",4
"sim_25",4
"sim_25",4
"sim_25",4
"sim_25",4
"sim_25",4
"sim_25",4
"sim_25",4
"sim_25",4
"sim_25",4
"sim_25",4
"sim_25",4
"sim_25",4
"sim_25",4
"sim_25",4
"sim_25",4
"sim_25",4
"sim_25",4
"sim_25",4
"sim_25",4
"sim_25",4
"sim_25",4
"sim_25",4
"sim_25",4
"sim_25",4
"sim_25",4
"sim_25",4
"sim_25",4
"sim_25",4
"sim_25",4
"sim_25",4
"sim_25",4
"sim_25",4
"sim_25",4
"sim_25",4
"sim_25",4
"sim_25",4
"sim_25",4
"sim_25",4
"sim_25",4
"sim_25",4
"sim_25",4
"sim_25",4
"sim_25",4
"sim_25",4
"sim_25",4
"sim_25",4
"sim_25",4
"sim_25",4
"sim_25",4
"sim_25",4
"sim_25",4
"sim_25",4
"sim_25",4
"sim_25",4
"sim_25",4
"sim_25",4
"sim_25",4
"sim_25",4
"sim_25",4
"sim_25",4
"sim_25",4
"sim_25",4
"sim_25",4
"sim_25",4
"sim_25",4
"sim_25",4
"sim_25",4
"sim_25",4
"sim_25",4
"sim_25",4
"sim_25",4
"sim_25",4
"sim_25",4
"sim_25",4
"sim_25",5
"sim_25",5
"sim_25",5
"sim_25",5
"sim_25",5
"sim_25",5
"sim_25",5
"sim_25",5
"sim_25",5
"sim_25",5
"sim_25",5
"sim_25",5
"sim_25",5
"sim_25",5
"sim_25",5
"sim_25",5
"sim_25",5
"sim_25",5
"sim_25",5
"sim_25",5
"sim_25",5
"sim_25",5
"sim_25",5
"sim_25",5
"sim_25",5
"sim_25",5
"sim_25",5
"sim_25",5
"sim_25",5
"sim_25",5
"sim_25",5
"sim_25",5
"sim_25",5
"sim_25",5
"sim_25",5
"sim_25",5
"sim_25",5
"sim_25",5
"sim_25",5
"sim_25",5
"sim_25",5
"sim_25",5
"sim_25",5
"sim_25",5
"sim_25",5
"sim_25",5
"sim_25",5
"sim_25",5
"sim_25",5
"sim_25",5
"sim_25",5
"sim_25",5
"sim_25",5
"sim_25",5
"sim_25",5
"sim_25",5
"sim_25",5
"sim_25",5
"sim_25",5
"sim_25",5
"sim_25",5
"sim_25",5
"sim_25",5
"sim_25",5
"sim_25",5
"sim_25",5
"sim_25",5
"sim_25",5
"sim_25",5
"sim_25",5
"sim_25",5
"sim_25",5
"sim_25",5
"sim_25",5
"sim_25",5
"sim_25",5
"sim_25",5
"sim_25",5
"sim_25",5
"sim_25",5
"sim_25",5
"sim_25",5
"sim_25",5
"sim_25",5
"sim_25",5
"sim_25",5
"sim_25",5
"sim_25",5
"sim_25",5
"sim_25",5
"sim_25",5
"sim_25",5
"sim_25",5
"sim_25",5
"sim_25",5
"sim_25",5
"sim_25",5
"sim_25",5
"sim_25",5
"sim_25",5
"sim_25",5
"sim_25",5
"sim_25",5
"sim_25",5
"sim_25",6
"sim_25",6
"sim_25",6
"sim_25",6
"sim_25",6
"sim_25",6
"sim_25",6
"sim_25",6
"sim_25",6
"sim_25",6
"sim_25",6
"sim_25",6
"sim_25",6
"sim_25",6
"sim_25",6
"sim_25",6
"sim_25",6
"sim_25",6
"sim_25",6
"sim_25",6
"sim_25",6
"sim_25",6
"sim_25",6
"sim_25",6
"sim_25",6
"sim_25",6
"sim_25",6
"sim_25",6
"sim_25",6
"sim_25",6
"sim_25",6
"sim_25",6
"sim_25",6
"sim_25",6
"sim_25",6
"sim_25",6
"sim_25",6
"sim_25",6
"sim_25",6
"sim_25",6
"sim_25",6
"sim_25",6
"sim_25",6
"sim_25",6
"sim_25",6
"sim_25",6
"sim_25",6
"sim_25",6
"sim_25",6
"sim_25",6
"sim_25",6
"sim_25",6
"sim_25",6
"sim_25",7
"sim_25",7
"sim_25",7
"sim_25",7
"sim_25",7
"sim_25",7
"sim_25",7
"sim_25",7
"sim_25",7
"sim_25",7
"sim_25",7
"sim_25",7
"sim_25",7
"sim_25",7
"sim_25",7
"sim_25",7
"sim_25",7
"sim_25",7
"sim_25",7
"sim_25",7
"sim_25",7
"sim_25",7
"sim_25",7
"sim_25",7
"sim_25",7
"sim_25",7
"sim_25",7
"sim_25",7
"sim_25",7
"sim_25",7
"sim_25",7
"sim_25",7
"sim_25",7
"sim_25",7
"sim_25",8
"sim_25",8
"sim_25",8
"sim_25",8
"sim_25",8
"sim_25",8
"sim_25",8
"sim_25",8
"sim_25",9
"sim_25",9
"sim_25",9
"sim_25",9
"sim_25",9
"sim_25",9
"sim_25",9
"sim_25",9
"sim_25",9
"sim_25",10
"sim_25",10
"sim_25",12
"sim_25",13
"sim_25",13
"sim_25",15
"sim_26",4
"sim_26",4
"sim_26",4
"sim_26",4
"sim_26",4
"sim_26",4
"sim_26",4
"sim_26",4
"sim_26",4
"sim_26",4
"sim_26",4
"sim_26",4
"sim_26",4
"sim_26",4
"sim_26",4
"sim_26",4
"sim_26",4
"sim_26",4
"sim_26",4
"sim_26",4
"sim_26",4
"sim_26",4
"sim_26",4
"sim_26",4
"sim_26",4
"sim_26",4
"sim_26",4
"sim_26",4
"sim_26",4
"sim_26",4
"sim_26",4
"sim_26",4
"sim_26",4
"sim_26",4
"sim_26",4
"sim_26",4
"sim_26",4
"sim_26",4
"sim_26",4
"sim_26",4
"sim_26",4
"sim_26",4
"sim_26",4
"sim_26",4
"sim_26",4
"sim_26",4
"sim_26",4
"sim_26",4
"sim_26",4
"sim_26",4
"sim_26",4
"sim_26",4
"sim_26",4
"sim_26",4
"sim_26",4
"sim_26",4
"sim_26",4
"sim_26",4
"sim_26",4
"sim_26",4
"sim_26",4
"sim_26",4
"sim_26",4
"sim_26",4
"sim_26",4
"sim_26",4
"sim_26",4
"sim_26",4
"sim_26",4
"sim_26",4
"sim_26",4
"sim_26",4
"sim_26",4
"sim_26",4
"sim_26",4
"sim_26",4
"sim_26",4
"sim_26",4
"sim_26",4
"sim_26",4
"sim_26",4
"sim_26",4
"sim_26",4
"sim_26",4
"sim_26",4
"sim_26",4
"sim_26",4
"sim_26",4
"sim_26",4
"sim_26",4
"sim_26",4
"sim_26",4
"sim_26",4
"sim_26",4
"sim_26",4
"sim_26",4
"sim_26",4
"sim_26",4
"sim_26",4
"sim_26",4
"sim_26",4
"sim_26",4
"sim_26",4
"sim_26",4
"sim_26",4
"sim_26",4
"sim_26",4
"sim_26",4
"sim_26",4
"sim_26",4
"sim_26",4
"sim_26",4
"sim_26",4
"sim_26",4
"sim_26",4
"sim_26",4
"sim_26",4
"sim_26",4
"sim_26",4
"sim_26",4
"sim_26",4
"sim_26",4
"sim_26",4
"sim_26",4
"sim_26",4
"sim_26",4
"sim_26",4
"sim_26",4
"sim_26",4
"sim_26",4
"sim_26",4
"sim_26",4
"sim_26",4
"sim_26",4
"sim_26",4
"sim_26",4
"sim_26",4
"sim_26",4
"sim_26",4
"sim_26",4
"sim_26",4
"sim_26",4
"sim_26",4
"sim_26",4
"sim_26",4
"sim_26",4
"sim_26",4
"sim_26",4
"sim_26",4
"sim_26",4
"sim_26",4
"sim_26",4
"sim_26",4
"sim_26",4
"sim_26",4
"sim_26",4
"sim_26",4
"sim_26",4
"sim_26",4
"sim_26",4
"sim_26",4
"sim_26",4
"sim_26",4
"sim_26",4
"sim_26",4
"sim_26",4
"sim_26",4
"sim_26",4
"sim_26",4
"sim_26",4
"sim_26",4
"sim_26",4
"sim_26",4
"sim_26",4
"sim_26",4
"sim_26",4
"sim_26",4
"sim_26",4
"sim_26",4
"sim_26",4
"sim_26",4
"sim_26",4
"sim_26",4
"sim_26",4
"sim_26",4
"sim_26",4
"sim_26",4
"sim_26",4
"sim_26",4
"sim_26",4
"sim_26",4
"sim_26",4
"sim_26",4
"sim_26",4
"sim_26",4
"sim_26",4
"sim_26",4
"sim_26",4
"sim_26",4
"sim_26",4
"sim_26",4
"sim_26",4
"sim_26",4
"sim_26",4
"sim_26",4
"sim_26",4
"sim_26",4
"sim_26",4
"sim_26",4
"sim_26",4
"sim_26",4
"sim_26",4
"sim_26",4
"sim_26",4
"sim_26",4
"sim_26",4
"sim_26",4
"sim_26",4
"sim_26",4
"sim_26",4
"sim_26",4
"sim_26",4
"sim_26",4
"sim_26",4
"sim_26",4
"sim_26",4
"sim_26",4
"sim_26",4
"sim_26",4
"sim_26",4
"sim_26",4
"sim_26",4
"sim_26",4
"sim_26",4
"sim_26",4
"sim_26",4
"sim_26",4
"sim_26",4
"sim_26",4
"sim_26",4
"sim_26",4
"sim_26",4
"sim_26",4
"sim_26",4
"sim_26",4
"sim_26",4
"sim_26",4
"sim_26",4
"sim_26",4
"sim_26",4
"sim_26",4
"sim_26",4
"sim_26",4
"sim_26",4
"sim_26",4
"sim_26",4
"sim_26",4
"sim_26",4
"sim_26",4
"sim_26",4
"sim_26",4
"sim_26",4
"sim_26",4
"sim_26",4
"sim_26",4
"sim_26",4
"sim_26",4
"sim_26",4
"sim_26",4
"sim_26",4
"sim_26",4
"sim_26",4
"sim_26",4
"sim_26",4
"sim_26",4
"sim_26",4
"sim_26",4
"sim_26",4
"sim_26",4
"sim_26",4
"sim_26",4
"sim_26",4
"sim_26",4
"sim_26",4
"sim_26",4
"sim_26",4
"sim_26",4
"sim_26",4
"sim_26",4
"sim_26",4
"sim_26",4
"sim_26",4
"sim_26",4
"sim_26",4
"sim_26",4
"sim_26",4
"sim_26",4
"sim_26",4
"sim_26",4
"sim_26",4
"sim_26",4
"sim_26",4
"sim_26",4
"sim_26",4
"sim_26",4
"sim_26",4
"sim_26",4
"sim_26",4
"sim_26",4
"sim_26",4
"sim_26",4
"sim_26",4
"sim_26",4
"sim_26",4
"sim_26",4
"sim_26",4
"sim_26",4
"sim_26",4
"sim_26",4
"sim_26",4
"sim_26",4
"sim_26",4
"sim_26",4
"sim_26",4
"sim_26",4
"sim_26",4
"sim_26",4
"sim_26",4
"sim_26",4
"sim_26",4
"sim_26",4
"sim_26",4
"sim_26",4
"sim_26",4
"sim_26",4
"sim_26",4
"sim_26",4
"sim_26",4
"sim_26",4
"sim_26",4
"sim_26",4
"sim_26",4
"sim_26",4
"sim_26",4
"sim_26",4
"sim_26",4
"sim_26",4
"sim_26",4
"sim_26",4
"sim_26",4
"sim_26",4
"sim_26",4
"sim_26",4
"sim_26",4
"sim_26",4
"sim_26",4
"sim_26",4
"sim_26",4
"sim_26",4
"sim_26",4
"sim_26",4
"sim_26",4
"sim_26",4
"sim_26",4
"sim_26",4
"sim_26",4
"sim_26",4
"sim_26",4
"sim_26",4
"sim_26",4
"sim_26",4
"sim_26",4
"sim_26",4
"sim_26",4
"sim_26",4
"sim_26",4
"sim_26",4
"sim_26",4
"sim_26",4
"sim_26",4
"sim_26",4
"sim_26",4
"sim_26",4
"sim_26",5
"sim_26",5
"sim_26",5
"sim_26",5
"sim_26",5
"sim_26",5
"sim_26",5
"sim_26",5
"sim_26",5
"sim_26",5
"sim_26",5
"sim_26",5
"sim_26",5
"sim_26",5
"sim_26",5
"sim_26",5
"sim_26",5
"sim_26",5
"sim_26",5
"sim_26",5
"sim_26",5
"sim_26",5
"sim_26",5
"sim_26",5
"sim_26",5
"sim_26",5
"sim_26",5
"sim_26",5
"sim_26",5
"sim_26",5
"sim_26",5
"sim_26",5
"sim_26",5
"sim_26",5
"sim_26",5
"sim_26",5
"sim_26",5
"sim_26",5
"sim_26",5
"sim_26",5
"sim_26",5
"sim_26",5
"sim_26",5
"sim_26",5
"sim_26",5
"sim_26",5
"sim_26",5
"sim_26",5
"sim_26",5
"sim_26",5
"sim_26",5
"sim_26",5
"sim_26",5
"sim_26",5
"sim_26",5
"sim_26",5
"sim_26",5
"sim_26",5
"sim_26",5
"sim_26",5
"sim_26",5
"sim_26",5
"sim_26",5
"sim_26",5
"sim_26",5
"sim_26",5
"sim_26",5
"sim_26",5
"sim_26",5
"sim_26",5
"sim_26",5
"sim_26",5
"sim_26",5
"sim_26",5
"sim_26",5
"sim_26",5
"sim_26",5
"sim_26",5
"sim_26",5
"sim_26",5
"sim_26",5
"sim_26",5
"sim_26",5
"sim_26",5
"sim_26",5
"sim_26",5
"sim_26",5
"sim_26",5
"sim_26",5
"sim_26",6
"sim_26",6
"sim_26",6
"sim_26",6
"sim_26",6
"sim_26",6
"sim_26",6
"sim_26",6
"sim_26",6
"sim_26",6
"sim_26",6
"sim_26",6
"sim_26",6
"sim_26",6
"sim_26",6
"sim_26",6
"sim_26",6
"sim_26",6
"sim_26",6
"sim_26",6
"sim_26",6
"sim_26",6
"sim_26",6
"sim_26",6
"sim_26",6
"sim_26",6
"sim_26",6
"sim_26",6
"sim_26",6
"sim_26",6
"sim_26",6
"sim_26",6
"sim_26",6
"sim_26",6
"sim_26",6
"sim_26",6
"sim_26",6
"sim_26",6
"sim_26",6
"sim_26",6
"sim_26",6
"sim_26",6
"sim_26",6
"sim_26",6
"sim_26",7
"sim_26",7
"sim_26",7
"sim_26",7
"sim_26",7
"sim_26",7
"sim_26",7
"sim_26",7
"sim_26",7
"sim_26",7
"sim_26",7
"sim_26",7
"sim_26",7
"sim_26",7
"sim_26",7
"sim_26",7
"sim_26",7
"sim_26",7
"sim_26",7
"sim_26",7
"sim_26",7
"sim_26",7
"sim_26",7
"sim_26",7
"sim_26",7
"sim_26",8
"sim_26",8
"sim_26",8
"sim_26",8
"sim_26",8
"sim_26",8
"sim_26",8
"sim_26",8
"sim_26",8
"sim_26",8
"sim_26",8
"sim_26",8
"sim_26",8
"sim_26",8
"sim_26",8
"sim_26",9
"sim_26",9
"sim_26",9
"sim_26",10
"sim_26",10
"sim_26",10
"sim_26",10
"sim_26",11
"sim_26",13
"sim_26",13
"sim_27",4
"sim_27",4
"sim_27",4
"sim_27",4
"sim_27",4
"sim_27",4
"sim_27",4
"sim_27",4
"sim_27",4
"sim_27",4
"sim_27",4
"sim_27",4
"sim_27",4
"sim_27",4
"sim_27",4
"sim_27",4
"sim_27",4
"sim_27",4
"sim_27",4
"sim_27",4
"sim_27",4
"sim_27",4
"sim_27",4
"sim_27",4
"sim_27",4
"sim_27",4
"sim_27",4
"sim_27",4
"sim_27",4
"sim_27",4
"sim_27",4
"sim_27",4
"sim_27",4
"sim_27",4
"sim_27",4
"sim_27",4
"sim_27",4
"sim_27",4
"sim_27",4
"sim_27",4
"sim_27",4
"sim_27",4
"sim_27",4
"sim_27",4
"sim_27",4
"sim_27",4
"sim_27",4
"sim_27",4
"sim_27",4
"sim_27",4
"sim_27",4
"sim_27",4
"sim_27",4
"sim_27",4
"sim_27",4
"sim_27",4
"sim_27",4
"sim_27",4
"sim_27",4
"sim_27",4
"sim_27",4
"sim_27",4
"sim_27",4
"sim_27",4
"sim_27",4
"sim_27",4
"sim_27",4
"sim_27",4
"sim_27",4
"sim_27",4
"sim_27",4
"sim_27",4
"sim_27",4
"sim_27",4
"sim_27",4
"sim_27",4
"sim_27",4
"sim_27",4
"sim_27",4
"sim_27",4
"sim_27",4
"sim_27",4
"sim_27",4
"sim_27",4
"sim_27",4
"sim_27",4
"sim_27",4
"sim_27",4
"sim_27",4
"sim_27",4
"sim_27",4
"sim_27",4
"sim_27",4
"sim_27",4
"sim_27",4
"sim_27",4
"sim_27",4
"sim_27",4
"sim_27",4
"sim_27",4
"sim_27",4
"sim_27",4
"sim_27",4
"sim_27",4
"sim_27",4
"sim_27",4
"sim_27",4
"sim_27",4
"sim_27",4
"sim_27",4
"sim_27",4
"sim_27",4
"sim_27",4
"sim_27",4
"sim_27",4
"sim_27",4
"sim_27",4
"sim_27",4
"sim_27",4
"sim_27",4
"sim_27",4
"sim_27",4
"sim_27",4
"sim_27",4
"sim_27",4
"sim_27",4
"sim_27",4
"sim_27",4
"sim_27",4
"sim_27",4
"sim_27",4
"sim_27",4
"sim_27",4
"sim_27",4
"sim_27",4
"sim_27",4
"sim_27",4
"sim_27",4
"sim_27",4
"sim_27",4
"sim_27",4
"sim_27",4
"sim_27",4
"sim_27",4
"sim_27",4
"sim_27",4
"sim_27",4
"sim_27",4
"sim_27",4
"sim_27",4
"sim_27",4
"sim_27",4
"sim_27",4
"sim_27",4
"sim_27",4
"sim_27",4
"sim_27",4
"sim_27",4
"sim_27",4
"sim_27",4
"sim_27",4
"sim_27",4
"sim_27",4
"sim_27",4
"sim_27",4
"sim_27",4
"sim_27",4
"sim_27",4
"sim_27",4
"sim_27",4
"sim_27",4
"sim_27",4
"sim_27",4
"sim_27",4
"sim_27",4
"sim_27",4
"sim_27",4
"sim_27",4
"sim_27",4
"sim_27",4
"sim_27",4
"sim_27",4
"sim_27",4
"sim_27",4
"sim_27",4
"sim_27",4
"sim_27",4
"sim_27",4
"sim_27",4
"sim_27",4
"sim_27",4
"sim_27",4
"sim_27",4
"sim_27",4
"sim_27",4
"sim_27",4
"sim_27",4
"sim_27",4
"sim_27",4
"sim_27",4
"sim_27",4
"sim_27",4
"sim_27",4
"sim_27",4
"sim_27",4
"sim_27",4
"sim_27",4
"sim_27",4
"sim_27",4
"sim_27",4
"sim_27",4
"sim_27",4
"sim_27",4
"sim_27",4
"sim_27",4
"sim_27",4
"sim_27",4
"sim_27",4
"sim_27",4
"sim_27",4
"sim_27",4
"sim_27",4
"sim_27",4
"sim_27",4
"sim_27",4
"sim_27",4
"sim_27",4
"sim_27",4
"sim_27",4
"sim_27",4
"sim_27",4
"sim_27",4
"sim_27",4
"sim_27",4
"sim_27",4
"sim_27",4
"sim_27",4
"sim_27",4
"sim_27",4
"sim_27",4
"sim_27",4
"sim_27",4
"sim_27",4
"sim_27",4
"sim_27",4
"sim_27",4
"sim_27",4
"sim_27",4
"sim_27",4
"sim_27",4
"sim_27",4
"sim_27",4
"sim_27",4
"sim_27",4
"sim_27",4
"sim_27",4
"sim_27",4
"sim_27",4
"sim_27",4
"sim_27",4
"sim_27",4
"sim_27",4
"sim_27",4
"sim_27",4
"sim_27",4
"sim_27",4
"sim_27",4
"sim_27",4
"sim_27",4
"sim_27",4
"sim_27",4
"sim_27",4
"sim_27",4
"sim_27",4
"sim_27",4
"sim_27",4
"sim_27",4
"sim_27",4
"sim_27",4
"sim_27",4
"sim_27",4
"sim_27",4
"sim_27",4
"sim_27",4
"sim_27",4
"sim_27",4
"sim_27",4
"sim_27",4
"sim_27",4
"sim_27",4
"sim_27",4
"sim_27",4
"sim_27",4
"sim_27",4
"sim_27",4
"sim_27",4
"sim_27",4
"sim_27",4
"sim_27",4
"sim_27",4
"sim_27",4
"sim_27",4
"sim_27",4
"sim_27",4
"sim_27",4
"sim_27",4
"sim_27",4
"sim_27",4
"sim_27",4
"sim_27",4
"sim_27",4
"sim_27",4
"sim_27",4
"sim_27",4
"sim_27",4
"sim_27",4
"sim_27",4
"sim_27",4
"sim_27",4
"sim_27",4
"sim_27",4
"sim_27",4
"sim_27",4
"sim_27",4
"sim_27",4
"sim_27",4
"sim_27",4
"sim_27",4
"sim_27",4
"sim_27",4
"sim_27",4
"sim_27",4
"sim_27",4
"sim_27",4
"sim_27",4
"sim_27",4
"sim_27",4
"sim_27",4
"sim_27",4
"sim_27",4
"sim_27",4
"sim_27",4
"sim_27",4
"sim_27",4
"sim_27",4
"sim_27",4
"sim_27",4
"sim_27",4
"sim_27",4
"sim_27",4
"sim_27",4
"sim_27",4
"sim_27",4
"sim_27",4
"sim_27",4
"sim_27",4
"sim_27",4
"sim_27",4
"sim_27",4
"sim_27",4
"sim_27",4
"sim_27",4
"sim_27",4
"sim_27",4
"sim_27",4
"sim_27",4
"sim_27",4
"sim_27",4
"sim_27",4
"sim_27",4
"sim_27",4
"sim_27",4
"sim_27",4
"sim_27",4
"sim_27",4
"sim_27",4
"sim_27",4
"sim_27",4
"sim_27",4
"sim_27",4
"sim_27",4
"sim_27",4
"sim_27",4
"sim_27",4
"sim_27",4
"sim_27",4
"sim_27",4
"sim_27",5
"sim_27",5
"sim_27",5
"sim_27",5
"sim_27",5
"sim_27",5
"sim_27",5
"sim_27",5
"sim_27",5
"sim_27",5
"sim_27",5
"sim_27",5
"sim_27",5
"sim_27",5
"sim_27",5
"sim_27",5
"sim_27",5
"sim_27",5
"sim_27",5
"sim_27",5
"sim_27",5
"sim_27",5
"sim_27",5
"sim_27",5
"sim_27",5
"sim_27",5
"sim_27",5
"sim_27",5
"sim_27",5
"sim_27",5
"sim_27",5
"sim_27",5
"sim_27",5
"sim_27",5
"sim_27",5
"sim_27",5
"sim_27",5
"sim_27",5
"sim_27",5
"sim_27",5
"sim_27",5
"sim_27",5
"sim_27",5
"sim_27",5
"sim_27",5
"sim_27",5
"sim_27",5
"sim_27",5
"sim_27",5
"sim_27",5
"sim_27",5
"sim_27",5
"sim_27",5
"sim_27",5
"sim_27",5
"sim_27",5
"sim_27",5
"sim_27",5
"sim_27",5
"sim_27",5
"sim_27",5
"sim_27",5
"sim_27",5
"sim_27",5
"sim_27",5
"sim_27",5
"sim_27",5
"sim_27",5
"sim_27",5
"sim_27",5
"sim_27",5
"sim_27",5
"sim_27",5
"sim_27",5
"sim_27",5
"sim_27",5
"sim_27",5
"sim_27",5
"sim_27",5
"sim_27",5
"sim_27",5
"sim_27",5
"sim_27",5
"sim_27",5
"sim_27",5
"sim_27",5
"sim_27",5
"sim_27",5
"sim_27",5
"sim_27",5
"sim_27",5
"sim_27",5
"sim_27",5
"sim_27",5
"sim_27",6
"sim_27",6
"sim_27",6
"sim_27",6
"sim_27",6
"sim_27",6
"sim_27",6
"sim_27",6
"sim_27",6
"sim_27",6
"sim_27",6
"sim_27",6
"sim_27",6
"sim_27",6
"sim_27",6
"sim_27",6
"sim_27",6
"sim_27",6
"sim_27",6
"sim_27",6
"sim_27",6
"sim_27",6
"sim_27",6
"sim_27",6
"sim_27",6
"sim_27",6
"sim_27",6
"sim_27",6
"sim_27",6
"sim_27",6
"sim_27",6
"sim_27",6
"sim_27",6
"sim_27",6
"sim_27",6
"sim_27",6
"sim_27",6
"sim_27",6
"sim_27",6
"sim_27",6
"sim_27",6
"sim_27",6
"sim_27",6
"sim_27",6
"sim_27",7
"sim_27",7
"sim_27",7
"sim_27",7
"sim_27",7
"sim_27",7
"sim_27",7
"sim_27",7
"sim_27",7
"sim_27",7
"sim_27",7
"sim_27",7
"sim_27",7
"sim_27",7
"sim_27",7
"sim_27",7
"sim_27",7
"sim_27",7
"sim_27",7
"sim_27",7
"sim_27",7
"sim_27",7
"sim_27",7
"sim_27",7
"sim_27",7
"sim_27",8
"sim_27",8
"sim_27",8
"sim_27",10
"sim_27",10
"sim_27",10
"sim_27",11
"sim_27",11
"sim_27",12
"sim_27",12
"sim_27",12
"sim_27",13
"sim_27",13
"sim_27",13
"sim_27",13
"sim_27",13
"sim_28",4
"sim_28",4
"sim_28",4
"sim_28",4
"sim_28",4
"sim_28",4
"sim_28",4
"sim_28",4
"sim_28",4
"sim_28",4
"sim_28",4
"sim_28",4
"sim_28",4
"sim_28",4
"sim_28",4
"sim_28",4
"sim_28",4
"sim_28",4
"sim_28",4
"sim_28",4
"sim_28",4
"sim_28",4
"sim_28",4
"sim_28",4
"sim_28",4
"sim_28",4
"sim_28",4
"sim_28",4
"sim_28",4
"sim_28",4
"sim_28",4
"sim_28",4
"sim_28",4
"sim_28",4
"sim_28",4
"sim_28",4
"sim_28",4
"sim_28",4
"sim_28",4
"sim_28",4
"sim_28",4
"sim_28",4
"sim_28",4
"sim_28",4
"sim_28",4
"sim_28",4
"sim_28",4
"sim_28",4
"sim_28",4
"sim_28",4
"sim_28",4
"sim_28",4
"sim_28",4
"sim_28",4
"sim_28",4
"sim_28",4
"sim_28",4
"sim_28",4
"sim_28",4
"sim_28",4
"sim_28",4
"sim_28",4
"sim_28",4
"sim_28",4
"sim_28",4
"sim_28",4
"sim_28",4
"sim_28",4
"sim_28",4
"sim_28",4
"sim_28",4
"sim_28",4
"sim_28",4
"sim_28",4
"sim_28",4
"sim_28",4
"sim_28",4
"sim_28",4
"sim_28",4
"sim_28",4
"sim_28",4
"sim_28",4
"sim_28",4
"sim_28",4
"sim_28",4
"sim_28",4
"sim_28",4
"sim_28",4
"sim_28",4
"sim_28",4
"sim_28",4
"sim_28",4
"sim_28",4
"sim_28",4
"sim_28",4
"sim_28",4
"sim_28",4
"sim_28",4
"sim_28",4
"sim_28",4
"sim_28",4
"sim_28",4
"sim_28",4
"sim_28",4
"sim_28",4
"sim_28",4
"sim_28",4
"sim_28",4
"sim_28",4
"sim_28",4
"sim_28",4
"sim_28",4
"sim_28",4
"sim_28",4
"sim_28",4
"sim_28",4
"sim_28",4
"sim_28",4
"sim_28",4
"sim_28",4
"sim_28",4
"sim_28",4
"sim_28",4
"sim_28",4
"sim_28",4
"sim_28",4
"sim_28",4
"sim_28",4
"sim_28",4
"sim_28",4
"sim_28",4
"sim_28",4
"sim_28",4
"sim_28",4
"sim_28",4
"sim_28",4
"sim_28",4
"sim_28",4
"sim_28",4
"sim_28",4
"sim_28",4
"sim_28",4
"sim_28",4
"sim_28",4
"sim_28",4
"sim_28",4
"sim_28",4
"sim_28",4
"sim_28",4
"sim_28",4
"sim_28",4
"sim_28",4
"sim_28",4
"sim_28",4
"sim_28",4
"sim_28",4
"sim_28",4
"sim_28",4
"sim_28",4
"sim_28",4
"sim_28",4
"sim_28",4
"sim_28",4
"sim_28",4
"sim_28",4
"sim_28",4
"sim_28",4
"sim_28",4
"sim_28",4
"sim_28",4
"sim_28",4
"sim_28",4
"sim_28",4
"sim_28",4
"sim_28",4
"sim_28",4
"sim_28",4
"sim_28",4
"sim_28",4
"sim_28",4
"sim_28",4
"sim_28",4
"sim_28",4
"sim_28",4
"sim_28",4
"sim_28",4
"sim_28",4
"sim_28",4
"sim_28",4
"sim_28",4
"sim_28",4
"sim_28",4
"sim_28",4
"sim_28",4
"sim_28",4
"sim_28",4
"sim_28",4
"sim_28",4
"sim_28",4
"sim_28",4
"sim_28",4
"sim_28",4
"sim_28",4
"sim_28",4
"sim_28",4
"sim_28",4
"sim_28",4
"sim_28",4
"sim_28",4
"sim_28",4
"sim_28",4
"sim_28",4
"sim_28",4
"sim_28",4
"sim_28",4
"sim_28",4
"sim_28",4
"sim_28",4
"sim_28",4
"sim_28",4
"sim_28",4
"sim_28",4
"sim_28",4
"sim_28",4
"sim_28",4
"sim_28",4
"sim_28",4
"sim_28",4
"sim_28",4
"sim_28",4
"sim_28",4
"sim_28",4
"sim_28",4
"sim_28",4
"sim_28",4
"sim_28",4
"sim_28",4
"sim_28",4
"sim_28",4
"sim_28",4
"sim_28",4
"sim_28",4
"sim_28",4
"sim_28",4
"sim_28",4
"sim_28",4
"sim_28",4
"sim_28",4
"sim_28",4
"sim_28",4
"sim_28",4
"sim_28",4
"sim_28",4
"sim_28",4
"sim_28",4
"sim_28",4
"sim_28",4
"sim_28",4
"sim_28",4
"sim_28",4
"sim_28",4
"sim_28",4
"sim_28",4
"sim_28",4
"sim_28",4
"sim_28",4
"sim_28",4
"sim_28",4
"sim_28",4
"sim_28",4
"sim_28",4
"sim_28",4
"sim_28",4
"sim_28",4
"sim_28",4
"sim_28",4
"sim_28",4
"sim_28",4
"sim_28",4
"sim_28",4
"sim_28",4
"sim_28",4
"sim_28",4
"sim_28",4
"sim_28",4
"sim_28",4
"sim_28",4
"sim_28",4
"sim_28",4
"sim_28",4
"sim_28",4
"sim_28",4
"sim_28",4
"sim_28",4
"sim_28",4
"sim_28",4
"sim_28",4
"sim_28",4
"sim_28",4
"sim_28",4
"sim_28",4
"sim_28",4
"sim_28",4
"sim_28",4
"sim_28",4
"sim_28",4
"sim_28",4
"sim_28",4
"sim_28",4
"sim_28",4
"sim_28",4
"sim_28",4
"sim_28",4
"sim_28",4
"sim_28",4
"sim_28",4
"sim_28",4
"sim_28",4
"sim_28",4
"sim_28",4
"sim_28",4
"sim_28",4
"sim_28",4
"sim_28",4
"sim_28",4
"sim_28",4
"sim_28",4
"sim_28",4
"sim_28",4
"sim_28",4
"sim_28",4
"sim_28",4
"sim_28",4
"sim_28",4
"sim_28",4
"sim_28",4
"sim_28",4
"sim_28",4
"sim_28",4
"sim_28",4
"sim_28",4
"sim_28",4
"sim_28",4
"sim_28",4
"sim_28",4
"sim_28",5
"sim_28",5
"sim_28",5
"sim_28",5
"sim_28",5
"sim_28",5
"sim_28",5
"sim_28",5
"sim_28",5
"sim_28",5
"sim_28",5
"sim_28",5
"sim_28",5
"sim_28",5
"sim_28",5
"sim_28",5
"sim_28",5
"sim_28",5
"sim_28",5
"sim_28",5
"sim_28",5
"sim_28",5
"sim_28",5
"sim_28",5
"sim_28",5
"sim_28",5
"sim_28",5
"sim_28",5
"sim_28",5
"sim_28",5
"sim_28",5
"sim_28",5
"sim_28",5
"sim_28",5
"sim_28",5
"sim_28",5
"sim_28",5
"sim_28",5
"sim_28",5
"sim_28",5
"sim_28",5
"sim_28",5
"sim_28",5
"sim_28",5
"sim_28",5
"sim_28",5
"sim_28",5
"sim_28",5
"sim_28",5
"sim_28",5
"sim_28",5
"sim_28",5
"sim_28",5
"sim_28",5
"sim_28",5
"sim_28",5
"sim_28",5
"sim_28",5
"sim_28",5
"sim_28",5
"sim_28",5
"sim_28",5
"sim_28",5
"sim_28",5
"sim_28",5
"sim_28",5
"sim_28",5
"sim_28",5
"sim_28",5
"sim_28",5
"sim_28",5
"sim_28",5
"sim_28",5
"sim_28",5
"sim_28",5
"sim_28",5
"sim_28",5
"sim_28",5
"sim_28",5
"sim_28",5
"sim_28",5
"sim_28",5
"sim_28",5
"sim_28",5
"sim_28",5
"sim_28",5
"sim_28",5
"sim_28",5
"sim_28",5
"sim_28",5
"sim_28",5
"sim_28",5
"sim_28",5
"sim_28",5
"sim_28",5
"sim_28",5
"sim_28",5
"sim_28",5
"sim_28",5
"sim_28",5
"sim_28",5
"sim_28",5
"sim_28",5
"sim_28",5
"sim_28",5
"sim_28",5
"sim_28",5
"sim_28",5
"sim_28",5
"sim_28",5
"sim_28",5
"sim_28",5
"sim_28",5
"sim_28",6
"sim_28",6
"sim_28",6
"sim_28",6
"sim_28",6
"sim_28",6
"sim_28",6
"sim_28",6
"sim_28",6
"sim_28",6
"sim_28",6
"sim_28",6
"sim_28",6
"sim_28",6
"sim_28",6
"sim_28",6
"sim_28",6
"sim_28",6
"sim_28",6
"sim_28",6
"sim_28",6
"sim_28",6
"sim_28",6
"sim_28",6
"sim_28",6
"sim_28",6
"sim_28",6
"sim_28",6
"sim_28",6
"sim_28",6
"sim_28",6
"sim_28",6
"sim_28",6
"sim_28",6
"sim_28",6
"sim_28",6
"sim_28",6
"sim_28",6
"sim_28",6
"sim_28",6
"sim_28",6
"sim_28",6
"sim_28",6
"sim_28",6
"sim_28",6
"sim_28",6
"sim_28",6
"sim_28",6
"sim_28",6
"sim_28",6
"sim_28",6
"sim_28",7
"sim_28",7
"sim_28",7
"sim_28",7
"sim_28",7
"sim_28",7
"sim_28",7
"sim_28",7
"sim_28",7
"sim_28",7
"sim_28",7
"sim_28",7
"sim_28",7
"sim_28",7
"sim_28",7
"sim_28",7
"sim_28",8
"sim_28",8
"sim_28",8
"sim_28",8
"sim_28",8
"sim_28",8
"sim_28",9
"sim_28",9
"sim_28",9
"sim_28",9
"sim_28",9
"sim_28",9
"sim_28",9
"sim_28",9
"sim_28",9
"sim_28",9
"sim_28",9
"sim_28",9
"sim_28",9
"sim_28",10
"sim_28",10
"sim_28",10
"sim_28",10
"sim_28",10
"sim_28",10
"sim_28",10
"sim_28",10
"sim_28",10
"sim_28",10
"sim_28",10
"sim_28",11
"sim_28",11
"sim_28",11
"sim_28",11
"sim_28",11
"sim_28",11
"sim_28",11
"sim_28",11
"sim_28",11
"sim_28",12
"sim_28",13
"sim_29",4
"sim_29",4
"sim_29",4
"sim_29",4
"sim_29",4
"sim_29",4
"sim_29",4
"sim_29",4
"sim_29",4
"sim_29",4
"sim_29",4
"sim_29",4
"sim_29",4
"sim_29",4
"sim_29",4
"sim_29",4
"sim_29",4
"sim_29",4
"sim_29",4
"sim_29",4
"sim_29",4
"sim_29",4
"sim_29",4
"sim_29",4
"sim_29",4
"sim_29",4
"sim_29",4
"sim_29",4
"sim_29",4
"sim_29",4
"sim_29",4
"sim_29",4
"sim_29",4
"sim_29",4
"sim_29",4
"sim_29",4
"sim_29",4
"sim_29",4
"sim_29",4
"sim_29",4
"sim_29",4
"sim_29",4
"sim_29",4
"sim_29",4
"sim_29",4
"sim_29",4
"sim_29",4
"sim_29",4
"sim_29",4
"sim_29",4
"sim_29",4
"sim_29",4
"sim_29",4
"sim_29",4
"sim_29",4
"sim_29",4
"sim_29",4
"sim_29",4
"sim_29",4
"sim_29",4
"sim_29",4
"sim_29",4
"sim_29",4
"sim_29",4
"sim_29",4
"sim_29",4
"sim_29",4
"sim_29",4
"sim_29",4
"sim_29",4
"sim_29",4
"sim_29",4
"sim_29",4
"sim_29",4
"sim_29",4
"sim_29",4
"sim_29",4
"sim_29",4
"sim_29",4
"sim_29",4
"sim_29",4
"sim_29",4
"sim_29",4
"sim_29",4
"sim_29",4
"sim_29",4
"sim_29",4
"sim_29",4
"sim_29",4
"sim_29",4
"sim_29",4
"sim_29",4
"sim_29",4
"sim_29",4
"sim_29",4
"sim_29",4
"sim_29",4
"sim_29",4
"sim_29",4
"sim_29",4
"sim_29",4
"sim_29",4
"sim_29",4
"sim_29",4
"sim_29",4
"sim_29",4
"sim_29",4
"sim_29",4
"sim_29",4
"sim_29",4
"sim_29",4
"sim_29",4
"sim_29",4
"sim_29",4
"sim_29",4
"sim_29",4
"sim_29",4
"sim_29",4
"sim_29",4
"sim_29",4
"sim_29",4
"sim_29",4
"sim_29",4
"sim_29",4
"sim_29",4
"sim_29",4
"sim_29",4
"sim_29",4
"sim_29",4
"sim_29",4
"sim_29",4
"sim_29",4
"sim_29",4
"sim_29",4
"sim_29",4
"sim_29",4
"sim_29",4
"sim_29",4
"sim_29",4
"sim_29",4
"sim_29",4
"sim_29",4
"sim_29",4
"sim_29",4
"sim_29",4
"sim_29",4
"sim_29",4
"sim_29",4
"sim_29",4
"sim_29",4
"sim_29",4
"sim_29",4
"sim_29",4
"sim_29",4
"sim_29",4
"sim_29",4
"sim_29",4
"sim_29",4
"sim_29",4
"sim_29",4
"sim_29",4
"sim_29",4
"sim_29",4
"sim_29",4
"sim_29",4
"sim_29",4
"sim_29",4
"sim_29",4
"sim_29",4
"sim_29",4
"sim_29",4
"sim_29",4
"sim_29",4
"sim_29",4
"sim_29",4
"sim_29",4
"sim_29",4
"sim_29",4
"sim_29",4
"sim_29",4
"sim_29",4
"sim_29",4
"sim_29",4
"sim_29",4
"sim_29",4
"sim_29",4
"sim_29",4
"sim_29",4
"sim_29",4
"sim_29",4
"sim_29",4
"sim_29",4
"sim_29",4
"sim_29",4
"sim_29",4
"sim_29",4
"sim_29",4
"sim_29",4
"sim_29",4
"sim_29",4
"sim_29",4
"sim_29",4
"sim_29",4
"sim_29",4
"sim_29",4
"sim_29",4
"sim_29",4
"sim_29",4
"sim_29",4
"sim_29",4
"sim_29",4
"sim_29",4
"sim_29",4
"sim_29",4
"sim_29",4
"sim_29",4
"sim_29",4
"sim_29",4
"sim_29",4
"sim_29",4
"sim_29",4
"sim_29",4
"sim_29",4
"sim_29",4
"sim_29",4
"sim_29",4
"sim_29",4
"sim_29",4
"sim_29",4
"sim_29",4
"sim_29",4
"sim_29",4
"sim_29",4
"sim_29",4
"sim_29",4
"sim_29",4
"sim_29",4
"sim_29",4
"sim_29",4
"sim_29",4
"sim_29",4
"sim_29",4
"sim_29",4
"sim_29",4
"sim_29",4
"sim_29",4
"sim_29",4
"sim_29",4
"sim_29",4
"sim_29",4
"sim_29",4
"sim_29",4
"sim_29",4
"sim_29",4
"sim_29",4
"sim_29",4
"sim_29",4
"sim_29",4
"sim_29",4
"sim_29",4
"sim_29",4
"sim_29",4
"sim_29",4
"sim_29",4
"sim_29",4
"sim_29",4
"sim_29",4
"sim_29",4
"sim_29",4
"sim_29",4
"sim_29",4
"sim_29",4
"sim_29",4
"sim_29",4
"sim_29",4
"sim_29",4
"sim_29",4
"sim_29",4
"sim_29",4
"sim_29",4
"sim_29",4
"sim_29",4
"sim_29",4
"sim_29",4
"sim_29",4
"sim_29",4
"sim_29",4
"sim_29",4
"sim_29",4
"sim_29",4
"sim_29",4
"sim_29",4
"sim_29",4
"sim_29",4
"sim_29",4
"sim_29",4
"sim_29",4
"sim_29",4
"sim_29",4
"sim_29",4
"sim_29",4
"sim_29",4
"sim_29",4
"sim_29",4
"sim_29",4
"sim_29",4
"sim_29",4
"sim_29",4
"sim_29",4
"sim_29",4
"sim_29",4
"sim_29",4
"sim_29",4
"sim_29",4
"sim_29",4
"sim_29",4
"sim_29",4
"sim_29",4
"sim_29",4
"sim_29",4
"sim_29",4
"sim_29",4
"sim_29",4
"sim_29",4
"sim_29",4
"sim_29",4
"sim_29",4
"sim_29",4
"sim_29",4
"sim_29",4
"sim_29",4
"sim_29",4
"sim_29",4
"sim_29",4
"sim_29",4
"sim_29",4
"sim_29",4
"sim_29",4
"sim_29",4
"sim_29",4
"sim_29",4
"sim_29",4
"sim_29",4
"sim_29",4
"sim_29",4
"sim_29",4
"sim_29",4
"sim_29",4
"sim_29",4
"sim_29",4
"sim_29",4
"sim_29",4
"sim_29",4
"sim_29",4
"sim_29",4
"sim_29",4
"sim_29",4
"sim_29",4
"sim_29",4
"sim_29",4
"sim_29",4
"sim_29",4
"sim_29",4
"sim_29",4
"sim_29",4
"sim_29",4
"sim_29",4
"sim_29",4
"sim_29",4
"sim_29",4
"sim_29",4
"sim_29",4
"sim_29",4
"sim_29",4
"sim_29",4
"sim_29",5
"sim_29",5
"sim_29",5
"sim_29",5
"sim_29",5
"sim_29",5
"sim_29",5
"sim_29",5
"sim_29",5
"sim_29",5
"sim_29",5
"sim_29",5
"sim_29",5
"sim_29",5
"sim_29",5
"sim_29",5
"sim_29",5
"sim_29",5
"sim_29",5
"sim_29",5
"sim_29",5
"sim_29",5
"sim_29",5
"sim_29",5
"sim_29",5
"sim_29",5
"sim_29",5
"sim_29",5
"sim_29",5
"sim_29",5
"sim_29",5
"sim_29",5
"sim_29",5
"sim_29",5
"sim_29",5
"sim_29",5
"sim_29",5
"sim_29",5
"sim_29",5
"sim_29",5
"sim_29",5
"sim_29",5
"sim_29",5
"sim_29",5
"sim_29",5
"sim_29",5
"sim_29",5
"sim_29",5
"sim_29",5
"sim_29",5
"sim_29",5
"sim_29",5
"sim_29",5
"sim_29",5
"sim_29",5
"sim_29",5
"sim_29",5
"sim_29",5
"sim_29",5
"sim_29",5
"sim_29",5
"sim_29",5
"sim_29",5
"sim_29",5
"sim_29",5
"sim_29",5
"sim_29",5
"sim_29",5
"sim_29",5
"sim_29",5
"sim_29",5
"sim_29",5
"sim_29",5
"sim_29",5
"sim_29",5
"sim_29",5
"sim_29",5
"sim_29",5
"sim_29",5
"sim_29",5
"sim_29",5
"sim_29",5
"sim_29",5
"sim_29",5
"sim_29",5
"sim_29",5
"sim_29",5
"sim_29",5
"sim_29",5
"sim_29",5
"sim_29",5
"sim_29",5
"sim_29",5
"sim_29",5
"sim_29",5
"sim_29",5
"sim_29",6
"sim_29",6
"sim_29",6
"sim_29",6
"sim_29",6
"sim_29",6
"sim_29",6
"sim_29",6
"sim_29",6
"sim_29",6
"sim_29",6
"sim_29",6
"sim_29",6
"sim_29",6
"sim_29",6
"sim_29",6
"sim_29",6
"sim_29",6
"sim_29",6
"sim_29",6
"sim_29",6
"sim_29",6
"sim_29",6
"sim_29",6
"sim_29",6
"sim_29",6
"sim_29",6
"sim_29",6
"sim_29",6
"sim_29",6
"sim_29",6
"sim_29",6
"sim_29",6
"sim_29",6
"sim_29",7
"sim_29",7
"sim_29",7
"sim_29",7
"sim_29",7
"sim_29",7
"sim_29",7
"sim_29",7
"sim_29",7
"sim_29",7
"sim_29",7
"sim_29",7
"sim_29",7
"sim_29",7
"sim_29",7
"sim_29",7
"sim_29",7
"sim_29",7
"sim_29",7
"sim_29",7
"sim_29",7
"sim_29",7
"sim_29",7
"sim_29",7
"sim_29",7
"sim_29",7
"sim_29",8
"sim_29",8
"sim_29",8
"sim_29",8
"sim_29",8
"sim_29",8
"sim_29",8
"sim_29",8
"sim_29",8
"sim_29",8
"sim_29",8
"sim_29",8
"sim_29",8
"sim_29",8
"sim_29",8
"sim_29",8
"sim_29",8
"sim_29",8
"sim_29",8
"sim_29",9
"sim_29",9
"sim_29",9
"sim_29",9
"sim_29",9
"sim_29",10
"sim_29",10
"sim_29",11
"sim_29",11
"sim_29",11
"sim_29",11
"sim_29",11
"sim_29",11
"sim_29",11
"sim_29",11
"sim_29",13
"sim_30",4
"sim_30",4
"sim_30",4
"sim_30",4
"sim_30",4
"sim_30",4
"sim_30",4
"sim_30",4
"sim_30",4
"sim_30",4
"sim_30",4
"sim_30",4
"sim_30",4
"sim_30",4
"sim_30",4
"sim_30",4
"sim_30",4
"sim_30",4
"sim_30",4
"sim_30",4
"sim_30",4
"sim_30",4
"sim_30",4
"sim_30",4
"sim_30",4
"sim_30",4
"sim_30",4
"sim_30",4
"sim_30",4
"sim_30",4
"sim_30",4
"sim_30",4
"sim_30",4
"sim_30",4
"sim_30",4
"sim_30",4
"sim_30",4
"sim_30",4
"sim_30",4
"sim_30",4
"sim_30",4
"sim_30",4
"sim_30",4
"sim_30",4
"sim_30",4
"sim_30",4
"sim_30",4
"sim_30",4
"sim_30",4
"sim_30",4
"sim_30",4
"sim_30",4
"sim_30",4
"sim_30",4
"sim_30",4
"sim_30",4
"sim_30",4
"sim_30",4
"sim_30",4
"sim_30",4
"sim_30",4
"sim_30",4
"sim_30",4
"sim_30",4
"sim_30",4
"sim_30",4
"sim_30",4
"sim_30",4
"sim_30",4
"sim_30",4
"sim_30",4
"sim_30",4
"sim_30",4
"sim_30",4
"sim_30",4
"sim_30",4
"sim_30",4
"sim_30",4
"sim_30",4
"sim_30",4
"sim_30",4
"sim_30",4
"sim_30",4
"sim_30",4
"sim_30",4
"sim_30",4
"sim_30",4
"sim_30",4
"sim_30",4
"sim_30",4
"sim_30",4
"sim_30",4
"sim_30",4
"sim_30",4
"sim_30",4
"sim_30",4
"sim_30",4
"sim_30",4
"sim_30",4
"sim_30",4
"sim_30",4
"sim_30",4
"sim_30",4
"sim_30",4
"sim_30",4
"sim_30",4
"sim_30",4
"sim_30",4
"sim_30",4
"sim_30",4
"sim_30",4
"sim_30",4
"sim_30",4
"sim_30",4
"sim_30",4
"sim_30",4
"sim_30",4
"sim_30",4
"sim_30",4
"sim_30",4
"sim_30",4
"sim_30",4
"sim_30",4
"sim_30",4
"sim_30",4
"sim_30",4
"sim_30",4
"sim_30",4
"sim_30",4
"sim_30",4
"sim_30",4
"sim_30",4
"sim_30",4
"sim_30",4
"sim_30",4
"sim_30",4
"sim_30",4
"sim_30",4
"sim_30",4
"sim_30",4
"sim_30",4
"sim_30",4
"sim_30",4
"sim_30",4
"sim_30",4
"sim_30",4
"sim_30",4
"sim_30",4
"sim_30",4
"sim_30",4
"sim_30",4
"sim_30",4
"sim_30",4
"sim_30",4
"sim_30",4
"sim_30",4
"sim_30",4
"sim_30",4
"sim_30",4
"sim_30",4
"sim_30",4
"sim_30",4
"sim_30",4
"sim_30",4
"sim_30",4
"sim_30",4
"sim_30",4
"sim_30",4
"sim_30",4
"sim_30",4
"sim_30",4
"sim_30",4
"sim_30",4
"sim_30",4
"sim_30",4
"sim_30",4
"sim_30",4
"sim_30",4
"sim_30",4
"sim_30",4
"sim_30",4
"sim_30",4
"sim_30",4
"sim_30",4
"sim_30",4
"sim_30",4
"sim_30",4
"sim_30",4
"sim_30",4
"sim_30",4
"sim_30",4
"sim_30",4
"sim_30",4
"sim_30",4
"sim_30",4
"sim_30",4
"sim_30",4
"sim_30",4
"sim_30",4
"sim_30",4
"sim_30",4
"sim_30",4
"sim_30",4
"sim_30",4
"sim_30",4
"sim_30",4
"sim_30",4
"sim_30",4
"sim_30",4
"sim_30",4
"sim_30",4
"sim_30",4
"sim_30",4
"sim_30",4
"sim_30",4
"sim_30",4
"sim_30",4
"sim_30",4
"sim_30",4
"sim_30",4
"sim_30",4
"sim_30",4
"sim_30",4
"sim_30",4
"sim_30",4
"sim_30",4
"sim_30",4
"sim_30",4
"sim_30",4
"sim_30",4
"sim_30",4
"sim_30",4
"sim_30",4
"sim_30",4
"sim_30",4
"sim_30",4
"sim_30",4
"sim_30",4
"sim_30",4
"sim_30",4
"sim_30",4
"sim_30",4
"sim_30",4
"sim_30",4
"sim_30",4
"sim_30",4
"sim_30",4
"sim_30",4
"sim_30",4
"sim_30",4
"sim_30",4
"sim_30",4
"sim_30",4
"sim_30",4
"sim_30",4
"sim_30",4
"sim_30",4
"sim_30",4
"sim_30",4
"sim_30",4
"sim_30",4
"sim_30",4
"sim_30",4
"sim_30",4
"sim_30",4
"sim_30",4
"sim_30",4
"sim_30",4
"sim_30",4
"sim_30",4
"sim_30",4
"sim_30",4
"sim_30",4
"sim_30",4
"sim_30",4
"sim_30",4
"sim_30",4
"sim_30",4
"sim_30",4
"sim_30",4
"sim_30",4
"sim_30",4
"sim_30",4
"sim_30",4
"sim_30",4
"sim_30",4
"sim_30",4
"sim_30",4
"sim_30",4
"sim_30",4
"sim_30",4
"sim_30",4
"sim_30",4
"sim_30",4
"sim_30",4
"sim_30",4
"sim_30",4
"sim_30",4
"sim_30",4
"sim_30",4
"sim_30",4
"sim_30",4
"sim_30",4
"sim_30",4
"sim_30",4
"sim_30",4
"sim_30",4
"sim_30",4
"sim_30",4
"sim_30",4
"sim_30",4
"sim_30",4
"sim_30",4
"sim_30",4
"sim_30",4
"sim_30",4
"sim_30",4
"sim_30",4
"sim_30",4
"sim_30",4
"sim_30",4
"sim_30",4
"sim_30",4
"sim_30",4
"sim_30",4
"sim_30",4
"sim_30",4
"sim_30",4
"sim_30",4
"sim_30",4
"sim_30",4
"sim_30",4
"sim_30",4
"sim_30",4
"sim_30",4
"sim_30",4
"sim_30",4
"sim_30",4
"sim_30",4
"sim_30",4
"sim_30",4
"sim_30",4
"sim_30",4
"sim_30",4
"sim_30",4
"sim_30",4
"sim_30",4
"sim_30",4
"sim_30",4
"sim_30",4
"sim_30",4
"sim_30",4
"sim_30",4
"sim_30",4
"sim_30",4
"sim_30",4
"sim_30",4
"sim_30",4
"sim_30",4
"sim_30",4
"sim_30",4
"sim_30",4
"sim_30",4
"sim_30",4
"sim_30",4
"sim_30",4
"sim_30",4
"sim_30",4
"sim_30",4
"sim_30",4
"sim_30",4
"sim_30",4
"sim_30",4
"sim_30",4
"sim_30",4
"sim_30",4
"sim_30",4
"sim_30",4
"sim_30",4
"sim_30",4
"sim_30",4
"sim_30",4
"sim_30",4
"sim_30",4
"sim_30",4
"sim_30",5
"sim_30",5
"sim_30",5
"sim_30",5
"sim_30",5
"sim_30",5
"sim_30",5
"sim_30",5
"sim_30",5
"sim_30",5
"sim_30",5
"sim_30",5
"sim_30",5
"sim_30",5
"sim_30",5
"sim_30",5
"sim_30",5
"sim_30",5
"sim_30",5
"sim_30",5
"sim_30",5
"sim_30",5
"sim_30",5
"sim_30",5
"sim_30",5
"sim_30",5
"sim_30",5
"sim_30",5
"sim_30",5
"sim_30",5
"sim_30",5
"sim_30",5
"sim_30",5
"sim_30",5
"sim_30",5
"sim_30",5
"sim_30",5
"sim_30",5
"sim_30",5
"sim_30",5
"sim_30",5
"sim_30",5
"sim_30",5
"sim_30",5
"sim_30",5
"sim_30",5
"sim_30",5
"sim_30",5
"sim_30",5
"sim_30",5
"sim_30",5
"sim_30",5
"sim_30",5
"sim_30",5
"sim_30",5
"sim_30",5
"sim_30",5
"sim_30",5
"sim_30",5
"sim_30",5
"sim_30",5
"sim_30",5
"sim_30",5
"sim_30",5
"sim_30",5
"sim_30",5
"sim_30",5
"sim_30",5
"sim_30",5
"sim_30",5
"sim_30",5
"sim_30",5
"sim_30",5
"sim_30",5
"sim_30",5
"sim_30",5
"sim_30",5
"sim_30",5
"sim_30",5
"sim_30",5
"sim_30",5
"sim_30",5
"sim_30",5
"sim_30",5
"sim_30",5
"sim_30",5
"sim_30",5
"sim_30",5
"sim_30",5
"sim_30",6
"sim_30",6
"sim_30",6
"sim_30",6
"sim_30",6
"sim_30",6
"sim_30",6
"sim_30",6
"sim_30",6
"sim_30",6
"sim_30",6
"sim_30",6
"sim_30",6
"sim_30",6
"sim_30",6
"sim_30",6
"sim_30",6
"sim_30",6
"sim_30",6
"sim_30",6
"sim_30",6
"sim_30",6
"sim_30",6
"sim_30",6
"sim_30",6
"sim_30",6
"sim_30",6
"sim_30",6
"sim_30",6
"sim_30",7
"sim_30",7
"sim_30",7
"sim_30",7
"sim_30",7
"sim_30",7
"sim_30",7
"sim_30",7
"sim_30",7
"sim_30",7
"sim_30",7
"sim_30",7
"sim_30",7
"sim_30",7
"sim_30",7
"sim_30",8
"sim_30",8
"sim_30",8
"sim_30",8
"sim_30",8
"sim_30",8
"sim_30",8
"sim_30",8
"sim_30",8
"sim_30",8
"sim_30",8
"sim_30",8
"sim_30",8
"sim_30",8
"sim_30",9
"sim_30",9
"sim_30",9
"sim_30",9
"sim_30",9
"sim_30",9
"sim_30",9
"sim_30",9
"sim_30",9
"sim_30",9
"sim_30",9
"sim_30",9
"sim_30",9
"sim_30",9
"sim_30",9
"sim_30",9
"sim_30",9
"sim_30",9
"sim_30",10
"sim_30",10
"sim_30",10
"sim_30",10
"sim_30",10
"sim_30",10
"sim_30",10
"sim_30",10
"sim_30",10
"sim_30",10
"sim_30",10
"sim_30",11
"sim_30",11
"sim_30",11
"sim_30",11
"sim_30",12
"sim_31",4
"sim_31",4
"sim_31",4
"sim_31",4
"sim_31",4
"sim_31",4
"sim_31",4
"sim_31",4
"sim_31",4
"sim_31",4
"sim_31",4
"sim_31",4
"sim_31",4
"sim_31",4
"sim_31",4
"sim_31",4
"sim_31",4
"sim_31",4
"sim_31",4
"sim_31",4
"sim_31",4
"sim_31",4
"sim_31",4
"sim_31",4
"sim_31",4
"sim_31",4
"sim_31",4
"sim_31",4
"sim_31",4
"sim_31",4
"sim_31",4
"sim_31",4
"sim_31",4
"sim_31",4
"sim_31",4
"sim_31",4
"sim_31",4
"sim_31",4
"sim_31",4
"sim_31",4
"sim_31",4
"sim_31",4
"sim_31",4
"sim_31",4
"sim_31",4
"sim_31",4
"sim_31",4
"sim_31",4
"sim_31",4
"sim_31",4
"sim_31",4
"sim_31",4
"sim_31",4
"sim_31",4
"sim_31",4
"sim_31",4
"sim_31",4
"sim_31",4
"sim_31",4
"sim_31",4
"sim_31",4
"sim_31",4
"sim_31",4
"sim_31",4
"sim_31",4
"sim_31",4
"sim_31",4
"sim_31",4
"sim_31",4
"sim_31",4
"sim_31",4
"sim_31",4
"sim_31",4
"sim_31",4
"sim_31",4
"sim_31",4
"sim_31",4
"sim_31",4
"sim_31",4
"sim_31",4
"sim_31",4
"sim_31",4
"sim_31",4
"sim_31",4
"sim_31",4
"sim_31",4
"sim_31",4
"sim_31",4
"sim_31",4
"sim_31",4
"sim_31",4
"sim_31",4
"sim_31",4
"sim_31",4
"sim_31",4
"sim_31",4
"sim_31",4
"sim_31",4
"sim_31",4
"sim_31",4
"sim_31",4
"sim_31",4
"sim_31",4
"sim_31",4
"sim_31",4
"sim_31",4
"sim_31",4
"sim_31",4
"sim_31",4
"sim_31",4
"sim_31",4
"sim_31",4
"sim_31",4
"sim_31",4
"sim_31",4
"sim_31",4
"sim_31",4
"sim_31",4
"sim_31",4
"sim_31",4
"sim_31",4
"sim_31",4
"sim_31",4
"sim_31",4
"sim_31",4
"sim_31",4
"sim_31",4
"sim_31",4
"sim_31",4
"sim_31",4
"sim_31",4
"sim_31",4
"sim_31",4
"sim_31",4
"sim_31",4
"sim_31",4
"sim_31",4
"sim_31",4
"sim_31",4
"sim_31",4
"sim_31",4
"sim_31",4
"sim_31",4
"sim_31",4
"sim_31",4
"sim_31",4
"sim_31",4
"sim_31",4
"sim_31",4
"sim_31",4
"sim_31",4
"sim_31",4
"sim_31",4
"sim_31",4
"sim_31",4
"sim_31",4
"sim_31",4
"sim_31",4
"sim_31",4
"sim_31",4
"sim_31",4
"sim_31",4
"sim_31",4
"sim_31",4
"sim_31",4
"sim_31",4
"sim_31",4
"sim_31",4
"sim_31",4
"sim_31",4
"sim_31",4
"sim_31",4
"sim_31",4
"sim_31",4
"sim_31",4
"sim_31",4
"sim_31",4
"sim_31",4
"sim_31",4
"sim_31",4
"sim_31",4
"sim_31",4
"sim_31",4
"sim_31",4
"sim_31",4
"sim_31",4
"sim_31",4
"sim_31",4
"sim_31",4
"sim_31",4
"sim_31",4
"sim_31",4
"sim_31",4
"sim_31",4
"sim_31",4
"sim_31",4
"sim_31",4
"sim_31",4
"sim_31",4
"sim_31",4
"sim_31",4
"sim_31",4
"sim_31",4
"sim_31",4
"sim_31",4
"sim_31",4
"sim_31",4
"sim_31",4
"sim_31",4
"sim_31",4
"sim_31",4
"sim_31",4
"sim_31",4
"sim_31",4
"sim_31",4
"sim_31",4
"sim_31",4
"sim_31",4
"sim_31",4
"sim_31",4
"sim_31",4
"sim_31",4
"sim_31",4
"sim_31",4
"sim_31",4
"sim_31",4
"sim_31",4
"sim_31",4
"sim_31",4
"sim_31",4
"sim_31",4
"sim_31",4
"sim_31",4
"sim_31",4
"sim_31",4
"sim_31",4
"sim_31",4
"sim_31",4
"sim_31",4
"sim_31",4
"sim_31",4
"sim_31",4
"sim_31",4
"sim_31",4
"sim_31",4
"sim_31",4
"sim_31",4
"sim_31",4
"sim_31",4
"sim_31",4
"sim_31",4
"sim_31",4
"sim_31",4
"sim_31",4
"sim_31",4
"sim_31",4
"sim_31",4
"sim_31",4
"sim_31",4
"sim_31",4
"sim_31",4
"sim_31",4
"sim_31",4
"sim_31",4
"sim_31",4
"sim_31",4
"sim_31",4
"sim_31",4
"sim_31",4
"sim_31",4
"sim_31",4
"sim_31",4
"sim_31",4
"sim_31",4
"sim_31",4
"sim_31",4
"sim_31",4
"sim_31",4
"sim_31",4
"sim_31",4
"sim_31",4
"sim_31",4
"sim_31",4
"sim_31",4
"sim_31",4
"sim_31",4
"sim_31",4
"sim_31",4
"sim_31",4
"sim_31",4
"sim_31",4
"sim_31",4
"sim_31",4
"sim_31",4
"sim_31",4
"sim_31",4
"sim_31",4
"sim_31",4
"sim_31",4
"sim_31",4
"sim_31",4
"sim_31",4
"sim_31",4
"sim_31",4
"sim_31",4
"sim_31",4
"sim_31",4
"sim_31",4
"sim_31",4
"sim_31",4
"sim_31",4
"sim_31",4
"sim_31",4
"sim_31",4
"sim_31",4
"sim_31",4
"sim_31",4
"sim_31",4
"sim_31",4
"sim_31",4
"sim_31",4
"sim_31",4
"sim_31",4
"sim_31",4
"sim_31",4
"sim_31",4
"sim_31",4
"sim_31",4
"sim_31",4
"sim_31",4
"sim_31",4
"sim_31",4
"sim_31",4
"sim_31",4
"sim_31",4
"sim_31",4
"sim_31",4
"sim_31",4
"sim_31",4
"sim_31",4
"sim_31",4
"sim_31",4
"sim_31",4
"sim_31",4
"sim_31",4
"sim_31",4
"sim_31",4
"sim_31",4
"sim_31",4
"sim_31",4
"sim_31",4
"sim_31",4
"sim_31",4
"sim_31",4
"sim_31",4
"sim_31",4
"sim_31",4
"sim_31",4
"sim_31",4
"sim_31",4
"sim_31",4
"sim_31",4
"sim_31",4
"sim_31",4
"sim_31",4
"sim_31",4
"sim_31",4
"sim_31",4
"sim_31",4
"sim_31",4
"sim_31",4
"sim_31",4
"sim_31",4
"sim_31",4
"sim_31",4
"sim_31",5
"sim_31",5
"sim_31",5
"sim_31",5
"sim_31",5
"sim_31",5
"sim_31",5
"sim_31",5
"sim_31",5
"sim_31",5
"sim_31",5
"sim_31",5
"sim_31",5
"sim_31",5
"sim_31",5
"sim_31",5
"sim_31",5
"sim_31",5
"sim_31",5
"sim_31",5
"sim_31",5
"sim_31",5
"sim_31",5
"sim_31",5
"sim_31",5
"sim_31",5
"sim_31",5
"sim_31",5
"sim_31",5
"sim_31",5
"sim_31",5
"sim_31",5
"sim_31",5
"sim_31",5
"sim_31",5
"sim_31",5
"sim_31",5
"sim_31",5
"sim_31",5
"sim_31",5
"sim_31",5
"sim_31",5
"sim_31",5
"sim_31",5
"sim_31",5
"sim_31",5
"sim_31",5
"sim_31",5
"sim_31",5
"sim_31",5
"sim_31",5
"sim_31",5
"sim_31",5
"sim_31",5
"sim_31",5
"sim_31",5
"sim_31",5
"sim_31",5
"sim_31",5
"sim_31",5
"sim_31",5
"sim_31",5
"sim_31",5
"sim_31",5
"sim_31",5
"sim_31",5
"sim_31",5
"sim_31",5
"sim_31",5
"sim_31",5
"sim_31",5
"sim_31",5
"sim_31",5
"sim_31",5
"sim_31",5
"sim_31",5
"sim_31",5
"sim_31",5
"sim_31",5
"sim_31",5
"sim_31",5
"sim_31",5
"sim_31",5
"sim_31",5
"sim_31",6
"sim_31",6
"sim_31",6
"sim_31",6
"sim_31",6
"sim_31",6
"sim_31",6
"sim_31",6
"sim_31",6
"sim_31",6
"sim_31",6
"sim_31",6
"sim_31",6
"sim_31",6
"sim_31",6
"sim_31",6
"sim_31",6
"sim_31",6
"sim_31",6
"sim_31",6
"sim_31",6
"sim_31",6
"sim_31",6
"sim_31",6
"sim_31",6
"sim_31",6
"sim_31",6
"sim_31",6
"sim_31",6
"sim_31",6
"sim_31",6
"sim_31",6
"sim_31",6
"sim_31",6
"sim_31",6
"sim_31",6
"sim_31",6
"sim_31",6
"sim_31",6
"sim_31",7
"sim_31",7
"sim_31",7
"sim_31",7
"sim_31",7
"sim_31",7
"sim_31",7
"sim_31",7
"sim_31",7
"sim_31",7
"sim_31",7
"sim_31",7
"sim_31",7
"sim_31",7
"sim_31",7
"sim_31",7
"sim_31",7
"sim_31",7
"sim_31",7
"sim_31",7
"sim_31",7
"sim_31",7
"sim_31",7
"sim_31",7
"sim_31",7
"sim_31",8
"sim_31",8
"sim_31",8
"sim_31",8
"sim_31",8
"sim_31",8
"sim_31",8
"sim_31",8
"sim_31",8
"sim_31",8
"sim_31",8
"sim_31",8
"sim_31",8
"sim_31",8
"sim_31",8
"sim_31",8
"sim_31",8
"sim_31",8
"sim_31",8
"sim_31",9
"sim_31",9
"sim_31",9
"sim_31",9
"sim_31",9
"sim_31",9
"sim_31",9
"sim_31",10
"sim_31",10
"sim_31",10
"sim_31",10
"sim_31",10
"sim_31",10
"sim_31",10
"sim_31",11
"sim_31",11
"sim_31",11
"sim_31",11
"sim_31",12
"sim_31",12
"sim_31",12
"sim_31",13
"sim_31",13
"sim_31",14
"sim_32",4
"sim_32",4
"sim_32",4
"sim_32",4
"sim_32",4
"sim_32",4
"sim_32",4
"sim_32",4
"sim_32",4
"sim_32",4
"sim_32",4
"sim_32",4
"sim_32",4
"sim_32",4
"sim_32",4
"sim_32",4
"sim_32",4
"sim_32",4
"sim_32",4
"sim_32",4
"sim_32",4
"sim_32",4
"sim_32",4
"sim_32",4
"sim_32",4
"sim_32",4
"sim_32",4
"sim_32",4
"sim_32",4
"sim_32",4
"sim_32",4
"sim_32",4
"sim_32",4
"sim_32",4
"sim_32",4
"sim_32",4
"sim_32",4
"sim_32",4
"sim_32",4
"sim_32",4
"sim_32",4
"sim_32",4
"sim_32",4
"sim_32",4
"sim_32",4
"sim_32",4
"sim_32",4
"sim_32",4
"sim_32",4
"sim_32",4
"sim_32",4
"sim_32",4
"sim_32",4
"sim_32",4
"sim_32",4
"sim_32",4
"sim_32",4
"sim_32",4
"sim_32",4
"sim_32",4
"sim_32",4
"sim_32",4
"sim_32",4
"sim_32",4
"sim_32",4
"sim_32",4
"sim_32",4
"sim_32",4
"sim_32",4
"sim_32",4
"sim_32",4
"sim_32",4
"sim_32",4
"sim_32",4
"sim_32",4
"sim_32",4
"sim_32",4
"sim_32",4
"sim_32",4
"sim_32",4
"sim_32",4
"sim_32",4
"sim_32",4
"sim_32",4
"sim_32",4
"sim_32",4
"sim_32",4
"sim_32",4
"sim_32",4
"sim_32",4
"sim_32",4
"sim_32",4
"sim_32",4
"sim_32",4
"sim_32",4
"sim_32",4
"sim_32",4
"sim_32",4
"sim_32",4
"sim_32",4
"sim_32",4
"sim_32",4
"sim_32",4
"sim_32",4
"sim_32",4
"sim_32",4
"sim_32",4
"sim_32",4
"sim_32",4
"sim_32",4
"sim_32",4
"sim_32",4
"sim_32",4
"sim_32",4
"sim_32",4
"sim_32",4
"sim_32",4
"sim_32",4
"sim_32",4
"sim_32",4
"sim_32",4
"sim_32",4
"sim_32",4
"sim_32",4
"sim_32",4
"sim_32",4
"sim_32",4
"sim_32",4
"sim_32",4
"sim_32",4
"sim_32",4
"sim_32",4
"sim_32",4
"sim_32",4
"sim_32",4
"sim_32",4
"sim_32",4
"sim_32",4
"sim_32",4
"sim_32",4
"sim_32",4
"sim_32",4
"sim_32",4
"sim_32",4
"sim_32",4
"sim_32",4
"sim_32",4
"sim_32",4
"sim_32",4
"sim_32",4
"sim_32",4
"sim_32",4
"sim_32",4
"sim_32",4
"sim_32",4
"sim_32",4
"sim_32",4
"sim_32",4
"sim_32",4
"sim_32",4
"sim_32",4
"sim_32",4
"sim_32",4
"sim_32",4
"sim_32",4
"sim_32",4
"sim_32",4
"sim_32",4
"sim_32",4
"sim_32",4
"sim_32",4
"sim_32",4
"sim_32",4
"sim_32",4
"sim_32",4
"sim_32",4
"sim_32",4
"sim_32",4
"sim_32",4
"sim_32",4
"sim_32",4
"sim_32",4
"sim_32",4
"sim_32",4
"sim_32",4
"sim_32",4
"sim_32",4
"sim_32",4
"sim_32",4
"sim_32",4
"sim_32",4
"sim_32",4
"sim_32",4
"sim_32",4
"sim_32",4
"sim_32",4
"sim_32",4
"sim_32",4
"sim_32",4
"sim_32",4
"sim_32",4
"sim_32",4
"sim_32",4
"sim_32",4
"sim_32",4
"sim_32",4
"sim_32",4
"sim_32",4
"sim_32",4
"sim_32",4
"sim_32",4
"sim_32",4
"sim_32",4
"sim_32",4
"sim_32",4
"sim_32",4
"sim_32",4
"sim_32",4
"sim_32",4
"sim_32",4
"sim_32",4
"sim_32",4
"sim_32",4
"sim_32",4
"sim_32",4
"sim_32",4
"sim_32",4
"sim_32",4
"sim_32",4
"sim_32",4
"sim_32",4
"sim_32",4
"sim_32",4
"sim_32",4
"sim_32",4
"sim_32",4
"sim_32",4
"sim_32",4
"sim_32",4
"sim_32",4
"sim_32",4
"sim_32",4
"sim_32",4
"sim_32",4
"sim_32",4
"sim_32",4
"sim_32",4
"sim_32",4
"sim_32",4
"sim_32",4
"sim_32",4
"sim_32",4
"sim_32",4
"sim_32",4
"sim_32",4
"sim_32",4
"sim_32",4
"sim_32",4
"sim_32",4
"sim_32",4
"sim_32",4
"sim_32",4
"sim_32",4
"sim_32",4
"sim_32",4
"sim_32",4
"sim_32",4
"sim_32",4
"sim_32",4
"sim_32",4
"sim_32",4
"sim_32",4
"sim_32",4
"sim_32",4
"sim_32",4
"sim_32",4
"sim_32",4
"sim_32",4
"sim_32",4
"sim_32",4
"sim_32",4
"sim_32",4
"sim_32",4
"sim_32",4
"sim_32",4
"sim_32",4
"sim_32",4
"sim_32",4
"sim_32",4
"sim_32",4
"sim_32",4
"sim_32",4
"sim_32",4
"sim_32",4
"sim_32",4
"sim_32",4
"sim_32",4
"sim_32",4
"sim_32",4
"sim_32",4
"sim_32",4
"sim_32",4
"sim_32",4
"sim_32",4
"sim_32",4
"sim_32",4
"sim_32",4
"sim_32",4
"sim_32",4
"sim_32",4
"sim_32",4
"sim_32",4
"sim_32",4
"sim_32",4
"sim_32",4
"sim_32",4
"sim_32",4
"sim_32",4
"sim_32",4
"sim_32",4
"sim_32",4
"sim_32",4
"sim_32",4
"sim_32",4
"sim_32",4
"sim_32",4
"sim_32",4
"sim_32",4
"sim_32",4
"sim_32",4
"sim_32",4
"sim_32",4
"sim_32",4
"sim_32",4
"sim_32",4
"sim_32",4
"sim_32",4
"sim_32",4
"sim_32",4
"sim_32",4
"sim_32",4
"sim_32",4
"sim_32",4
"sim_32",4
"sim_32",4
"sim_32",4
"sim_32",4
"sim_32",4
"sim_32",4
"sim_32",4
"sim_32",4
"sim_32",4
"sim_32",4
"sim_32",4
"sim_32",4
"sim_32",4
"sim_32",4
"sim_32",4
"sim_32",4
"sim_32",4
"sim_32",4
"sim_32",4
"sim_32",4
"sim_32",4
"sim_32",4
"sim_32",4
"sim_32",4
"sim_32",4
"sim_32",4
"sim_32",4
"sim_32",4
"sim_32",4
"sim_32",4
"sim_32",4
"sim_32",4
"sim_32",4
"sim_32",4
"sim_32",4
"sim_32",4
"sim_32",4
"sim_32",4
"sim_32",4
"sim_32",4
"sim_32",4
"sim_32",4
"sim_32",4
"sim_32",4
"sim_32",4
"sim_32",4
"sim_32",4
"sim_32",4
"sim_32",4
"sim_32",4
"sim_32",4
"sim_32",4
"sim_32",4
"sim_32",4
"sim_32",4
"sim_32",4
"sim_32",4
"sim_32",5
"sim_32",5
"sim_32",5
"sim_32",5
"sim_32",5
"sim_32",5
"sim_32",5
"sim_32",5
"sim_32",5
"sim_32",5
"sim_32",5
"sim_32",5
"sim_32",5
"sim_32",5
"sim_32",5
"sim_32",5
"sim_32",5
"sim_32",5
"sim_32",5
"sim_32",5
"sim_32",5
"sim_32",5
"sim_32",5
"sim_32",5
"sim_32",5
"sim_32",5
"sim_32",5
"sim_32",5
"sim_32",5
"sim_32",5
"sim_32",5
"sim_32",5
"sim_32",5
"sim_32",5
"sim_32",5
"sim_32",5
"sim_32",5
"sim_32",5
"sim_32",5
"sim_32",5
"sim_32",5
"sim_32",5
"sim_32",5
"sim_32",5
"sim_32",5
"sim_32",5
"sim_32",5
"sim_32",5
"sim_32",5
"sim_32",5
"sim_32",5
"sim_32",5
"sim_32",5
"sim_32",5
"sim_32",5
"sim_32",5
"sim_32",5
"sim_32",5
"sim_32",5
"sim_32",5
"sim_32",5
"sim_32",5
"sim_32",5
"sim_32",5
"sim_32",5
"sim_32",5
"sim_32",5
"sim_32",5
"sim_32",5
"sim_32",5
"sim_32",5
"sim_32",5
"sim_32",5
"sim_32",5
"sim_32",5
"sim_32",5
"sim_32",5
"sim_32",5
"sim_32",5
"sim_32",5
"sim_32",5
"sim_32",5
"sim_32",5
"sim_32",5
"sim_32",5
"sim_32",5
"sim_32",5
"sim_32",5
"sim_32",5
"sim_32",5
"sim_32",5
"sim_32",6
"sim_32",6
"sim_32",6
"sim_32",6
"sim_32",6
"sim_32",6
"sim_32",6
"sim_32",6
"sim_32",6
"sim_32",6
"sim_32",6
"sim_32",6
"sim_32",6
"sim_32",6
"sim_32",6
"sim_32",6
"sim_32",6
"sim_32",6
"sim_32",6
"sim_32",6
"sim_32",6
"sim_32",6
"sim_32",6
"sim_32",6
"sim_32",6
"sim_32",6
"sim_32",6
"sim_32",6
"sim_32",6
"sim_32",6
"sim_32",6
"sim_32",6
"sim_32",6
"sim_32",6
"sim_32",7
"sim_32",7
"sim_32",7
"sim_32",7
"sim_32",7
"sim_32",7
"sim_32",7
"sim_32",7
"sim_32",7
"sim_32",7
"sim_32",7
"sim_32",7
"sim_32",7
"sim_32",7
"sim_32",7
"sim_32",7
"sim_32",7
"sim_32",7
"sim_32",7
"sim_32",7
"sim_32",7
"sim_32",7
"sim_32",7
"sim_32",8
"sim_32",8
"sim_32",8
"sim_32",8
"sim_32",8
"sim_32",8
"sim_32",8
"sim_32",8
"sim_32",8
"sim_32",9
"sim_32",9
"sim_32",9
"sim_32",9
"sim_32",9
"sim_32",9
"sim_32",10
"sim_32",11
"sim_32",11
"sim_33",4
"sim_33",4
"sim_33",4
"sim_33",4
"sim_33",4
"sim_33",4
"sim_33",4
"sim_33",4
"sim_33",4
"sim_33",4
"sim_33",4
"sim_33",4
"sim_33",4
"sim_33",4
"sim_33",4
"sim_33",4
"sim_33",4
"sim_33",4
"sim_33",4
"sim_33",4
"sim_33",4
"sim_33",4
"sim_33",4
"sim_33",4
"sim_33",4
"sim_33",4
"sim_33",4
"sim_33",4
"sim_33",4
"sim_33",4
"sim_33",4
"sim_33",4
"sim_33",4
"sim_33",4
"sim_33",4
"sim_33",4
"sim_33",4
"sim_33",4
"sim_33",4
"sim_33",4
"sim_33",4
"sim_33",4
"sim_33",4
"sim_33",4
"sim_33",4
"sim_33",4
"sim_33",4
"sim_33",4
"sim_33",4
"sim_33",4
"sim_33",4
"sim_33",4
"sim_33",4
"sim_33",4
"sim_33",4
"sim_33",4
"sim_33",4
"sim_33",4
"sim_33",4
"sim_33",4
"sim_33",4
"sim_33",4
"sim_33",4
"sim_33",4
"sim_33",4
"sim_33",4
"sim_33",4
"sim_33",4
"sim_33",4
"sim_33",4
"sim_33",4
"sim_33",4
"sim_33",4
"sim_33",4
"sim_33",4
"sim_33",4
"sim_33",4
"sim_33",4
"sim_33",4
"sim_33",4
"sim_33",4
"sim_33",4
"sim_33",4
"sim_33",4
"sim_33",4
"sim_33",4
"sim_33",4
"sim_33",4
"sim_33",4
"sim_33",4
"sim_33",4
"sim_33",4
"sim_33",4
"sim_33",4
"sim_33",4
"sim_33",4
"sim_33",4
"sim_33",4
"sim_33",4
"sim_33",4
"sim_33",4
"sim_33",4
"sim_33",4
"sim_33",4
"sim_33",4
"sim_33",4
"sim_33",4
"sim_33",4
"sim_33",4
"sim_33",4
"sim_33",4
"sim_33",4
"sim_33",4
"sim_33",4
"sim_33",4
"sim_33",4
"sim_33",4
"sim_33",4
"sim_33",4
"sim_33",4
"sim_33",4
"sim_33",4
"sim_33",4
"sim_33",4
"sim_33",4
"sim_33",4
"sim_33",4
"sim_33",4
"sim_33",4
"sim_33",4
"sim_33",4
"sim_33",4
"sim_33",4
"sim_33",4
"sim_33",4
"sim_33",4
"sim_33",4
"sim_33",4
"sim_33",4
"sim_33",4
"sim_33",4
"sim_33",4
"sim_33",4
"sim_33",4
"sim_33",4
"sim_33",4
"sim_33",4
"sim_33",4
"sim_33",4
"sim_33",4
"sim_33",4
"sim_33",4
"sim_33",4
"sim_33",4
"sim_33",4
"sim_33",4
"sim_33",4
"sim_33",4
"sim_33",4
"sim_33",4
"sim_33",4
"sim_33",4
"sim_33",4
"sim_33",4
"sim_33",4
"sim_33",4
"sim_33",4
"sim_33",4
"sim_33",4
"sim_33",4
"sim_33",4
"sim_33",4
"sim_33",4
"sim_33",4
"sim_33",4
"sim_33",4
"sim_33",4
"sim_33",4
"sim_33",4
"sim_33",4
"sim_33",4
"sim_33",4
"sim_33",4
"sim_33",4
"sim_33",4
"sim_33",4
"sim_33",4
"sim_33",4
"sim_33",4
"sim_33",4
"sim_33",4
"sim_33",4
"sim_33",4
"sim_33",4
"sim_33",4
"sim_33",4
"sim_33",4
"sim_33",4
"sim_33",4
"sim_33",4
"sim_33",4
"sim_33",4
"sim_33",4
"sim_33",4
"sim_33",4
"sim_33",4
"sim_33",4
"sim_33",4
"sim_33",4
"sim_33",4
"sim_33",4
"sim_33",4
"sim_33",4
"sim_33",4
"sim_33",4
"sim_33",4
"sim_33",4
"sim_33",4
"sim_33",4
"sim_33",4
"sim_33",4
"sim_33",4
"sim_33",4
"sim_33",4
"sim_33",4
"sim_33",4
"sim_33",4
"sim_33",4
"sim_33",4
"sim_33",4
"sim_33",4
"sim_33",4
"sim_33",4
"sim_33",4
"sim_33",4
"sim_33",4
"sim_33",4
"sim_33",4
"sim_33",4
"sim_33",4
"sim_33",4
"sim_33",4
"sim_33",4
"sim_33",4
"sim_33",4
"sim_33",4
"sim_33",4
"sim_33",4
"sim_33",4
"sim_33",4
"sim_33",4
"sim_33",4
"sim_33",4
"sim_33",4
"sim_33",4
"sim_33",4
"sim_33",4
"sim_33",4
"sim_33",4
"sim_33",4
"sim_33",4
"sim_33",4
"sim_33",4
"sim_33",4
"sim_33",4
"sim_33",4
"sim_33",4
"sim_33",4
"sim_33",4
"sim_33",4
"sim_33",4
"sim_33",4
"sim_33",4
"sim_33",4
"sim_33",4
"sim_33",4
"sim_33",4
"sim_33",4
"sim_33",4
"sim_33",4
"sim_33",4
"sim_33",4
"sim_33",4
"sim_33",4
"sim_33",4
"sim_33",4
"sim_33",4
"sim_33",4
"sim_33",4
"sim_33",4
"sim_33",4
"sim_33",4
"sim_33",4
"sim_33",4
"sim_33",4
"sim_33",4
"sim_33",4
"sim_33",4
"sim_33",4
"sim_33",4
"sim_33",4
"sim_33",4
"sim_33",4
"sim_33",4
"sim_33",4
"sim_33",4
"sim_33",4
"sim_33",4
"sim_33",4
"sim_33",4
"sim_33",4
"sim_33",4
"sim_33",4
"sim_33",4
"sim_33",4
"sim_33",4
"sim_33",4
"sim_33",4
"sim_33",4
"sim_33",4
"sim_33",4
"sim_33",4
"sim_33",4
"sim_33",4
"sim_33",4
"sim_33",4
"sim_33",4
"sim_33",4
"sim_33",4
"sim_33",4
"sim_33",4
"sim_33",4
"sim_33",4
"sim_33",4
"sim_33",4
"sim_33",4
"sim_33",4
"sim_33",4
"sim_33",4
"sim_33",4
"sim_33",4
"sim_33",4
"sim_33",4
"sim_33",4
"sim_33",4
"sim_33",4
"sim_33",4
"sim_33",4
"sim_33",4
"sim_33",4
"sim_33",4
"sim_33",4
"sim_33",4
"sim_33",4
"sim_33",4
"sim_33",4
"sim_33",4
"sim_33",4
"sim_33",4
"sim_33",4
"sim_33",5
"sim_33",5
"sim_33",5
"sim_33",5
"sim_33",5
"sim_33",5
"sim_33",5
"sim_33",5
"sim_33",5
"sim_33",5
"sim_33",5
"sim_33",5
"sim_33",5
"sim_33",5
"sim_33",5
"sim_33",5
"sim_33",5
"sim_33",5
"sim_33",5
"sim_33",5
"sim_33",5
"sim_33",5
"sim_33",5
"sim_33",5
"sim_33",5
"sim_33",5
"sim_33",5
"sim_33",5
"sim_33",5
"sim_33",5
"sim_33",5
"sim_33",5
"sim_33",5
"sim_33",5
"sim_33",5
"sim_33",5
"sim_33",5
"sim_33",5
"sim_33",5
"sim_33",5
"sim_33",5
"sim_33",5
"sim_33",5
"sim_33",5
"sim_33",5
"sim_33",5
"sim_33",5
"sim_33",5
"sim_33",5
"sim_33",5
"sim_33",5
"sim_33",5
"sim_33",5
"sim_33",5
"sim_33",5
"sim_33",5
"sim_33",5
"sim_33",5
"sim_33",5
"sim_33",5
"sim_33",5
"sim_33",5
"sim_33",5
"sim_33",5
"sim_33",5
"sim_33",5
"sim_33",5
"sim_33",5
"sim_33",5
"sim_33",5
"sim_33",5
"sim_33",5
"sim_33",5
"sim_33",5
"sim_33",5
"sim_33",5
"sim_33",5
"sim_33",5
"sim_33",5
"sim_33",5
"sim_33",5
"sim_33",5
"sim_33",5
"sim_33",5
"sim_33",5
"sim_33",5
"sim_33",5
"sim_33",5
"sim_33",5
"sim_33",5
"sim_33",5
"sim_33",5
"sim_33",5
"sim_33",5
"sim_33",5
"sim_33",5
"sim_33",5
"sim_33",5
"sim_33",5
"sim_33",5
"sim_33",5
"sim_33",5
"sim_33",5
"sim_33",5
"sim_33",5
"sim_33",5
"sim_33",5
"sim_33",6
"sim_33",6
"sim_33",6
"sim_33",6
"sim_33",6
"sim_33",6
"sim_33",6
"sim_33",6
"sim_33",6
"sim_33",6
"sim_33",6
"sim_33",6
"sim_33",6
"sim_33",6
"sim_33",6
"sim_33",6
"sim_33",6
"sim_33",6
"sim_33",6
"sim_33",6
"sim_33",6
"sim_33",6
"sim_33",6
"sim_33",6
"sim_33",6
"sim_33",6
"sim_33",6
"sim_33",6
"sim_33",6
"sim_33",6
"sim_33",6
"sim_33",6
"sim_33",6
"sim_33",6
"sim_33",6
"sim_33",6
"sim_33",6
"sim_33",6
"sim_33",6
"sim_33",6
"sim_33",7
"sim_33",7
"sim_33",7
"sim_33",7
"sim_33",7
"sim_33",7
"sim_33",7
"sim_33",7
"sim_33",7
"sim_33",7
"sim_33",7
"sim_33",7
"sim_33",7
"sim_33",7
"sim_33",7
"sim_33",7
"sim_33",7
"sim_33",7
"sim_33",7
"sim_33",7
"sim_33",7
"sim_33",7
"sim_33",7
"sim_33",7
"sim_33",7
"sim_33",8
"sim_33",8
"sim_33",8
"sim_33",8
"sim_33",8
"sim_33",8
"sim_33",8
"sim_33",8
"sim_33",8
"sim_33",8
"sim_33",8
"sim_33",8
"sim_33",8
"sim_33",8
"sim_33",8
"sim_33",8
"sim_33",8
"sim_33",8
"sim_33",8
"sim_33",8
"sim_33",8
"sim_33",8
"sim_33",8
"sim_33",8
"sim_33",9
"sim_33",9
"sim_33",9
"sim_33",9
"sim_33",9
"sim_33",9
"sim_33",9
"sim_33",9
"sim_33",10
"sim_33",10
"sim_34",4
"sim_34",4
"sim_34",4
"sim_34",4
"sim_34",4
"sim_34",4
"sim_34",4
"sim_34",4
"sim_34",4
"sim_34",4
"sim_34",4
"sim_34",4
"sim_34",4
"sim_34",4
"sim_34",4
"sim_34",4
"sim_34",4
"sim_34",4
"sim_34",4
"sim_34",4
"sim_34",4
"sim_34",4
"sim_34",4
"sim_34",4
"sim_34",4
"sim_34",4
"sim_34",4
"sim_34",4
"sim_34",4
"sim_34",4
"sim_34",4
"sim_34",4
"sim_34",4
"sim_34",4
"sim_34",4
"sim_34",4
"sim_34",4
"sim_34",4
"sim_34",4
"sim_34",4
"sim_34",4
"sim_34",4
"sim_34",4
"sim_34",4
"sim_34",4
"sim_34",4
"sim_34",4
"sim_34",4
"sim_34",4
"sim_34",4
"sim_34",4
"sim_34",4
"sim_34",4
"sim_34",4
"sim_34",4
"sim_34",4
"sim_34",4
"sim_34",4
"sim_34",4
"sim_34",4
"sim_34",4
"sim_34",4
"sim_34",4
"sim_34",4
"sim_34",4
"sim_34",4
"sim_34",4
"sim_34",4
"sim_34",4
"sim_34",4
"sim_34",4
"sim_34",4
"sim_34",4
"sim_34",4
"sim_34",4
"sim_34",4
"sim_34",4
"sim_34",4
"sim_34",4
"sim_34",4
"sim_34",4
"sim_34",4
"sim_34",4
"sim_34",4
"sim_34",4
"sim_34",4
"sim_34",4
"sim_34",4
"sim_34",4
"sim_34",4
"sim_34",4
"sim_34",4
"sim_34",4
"sim_34",4
"sim_34",4
"sim_34",4
"sim_34",4
"sim_34",4
"sim_34",4
"sim_34",4
"sim_34",4
"sim_34",4
"sim_34",4
"sim_34",4
"sim_34",4
"sim_34",4
"sim_34",4
"sim_34",4
"sim_34",4
"sim_34",4
"sim_34",4
"sim_34",4
"sim_34",4
"sim_34",4
"sim_34",4
"sim_34",4
"sim_34",4
"sim_34",4
"sim_34",4
"sim_34",4
"sim_34",4
"sim_34",4
"sim_34",4
"sim_34",4
"sim_34",4
"sim_34",4
"sim_34",4
"sim_34",4
"sim_34",4
"sim_34",4
"sim_34",4
"sim_34",4
"sim_34",4
"sim_34",4
"sim_34",4
"sim_34",4
"sim_34",4
"sim_34",4
"sim_34",4
"sim_34",4
"sim_34",4
"sim_34",4
"sim_34",4
"sim_34",4
"sim_34",4
"sim_34",4
"sim_34",4
"sim_34",4
"sim_34",4
"sim_34",4
"sim_34",4
"sim_34",4
"sim_34",4
"sim_34",4
"sim_34",4
"sim_34",4
"sim_34",4
"sim_34",4
"sim_34",4
"sim_34",4
"sim_34",4
"sim_34",4
"sim_34",4
"sim_34",4
"sim_34",4
"sim_34",4
"sim_34",4
"sim_34",4
"sim_34",4
"sim_34",4
"sim_34",4
"sim_34",4
"sim_34",4
"sim_34",4
"sim_34",4
"sim_34",4
"sim_34",4
"sim_34",4
"sim_34",4
"sim_34",4
"sim_34",4
"sim_34",4
"sim_34",4
"sim_34",4
"sim_34",4
"sim_34",4
"sim_34",4
"sim_34",4
"sim_34",4
"sim_34",4
"sim_34",4
"sim_34",4
"sim_34",4
"sim_34",4
"sim_34",4
"sim_34",4
"sim_34",4
"sim_34",4
"sim_34",4
"sim_34",4
"sim_34",4
"sim_34",4
"sim_34",4
"sim_34",4
"sim_34",4
"sim_34",4
"sim_34",4
"sim_34",4
"sim_34",4
"sim_34",4
"sim_34",4
"sim_34",4
"sim_34",4
"sim_34",4
"sim_34",4
"sim_34",4
"sim_34",4
"sim_34",4
"sim_34",4
"sim_34",4
"sim_34",4
"sim_34",4
"sim_34",4
"sim_34",4
"sim_34",4
"sim_34",4
"sim_34",4
"sim_34",4
"sim_34",4
"sim_34",4
"sim_34",4
"sim_34",4
"sim_34",4
"sim_34",4
"sim_34",4
"sim_34",4
"sim_34",4
"sim_34",4
"sim_34",4
"sim_34",4
"sim_34",4
"sim_34",4
"sim_34",4
"sim_34",4
"sim_34",4
"sim_34",4
"sim_34",4
"sim_34",4
"sim_34",4
"sim_34",4
"sim_34",4
"sim_34",4
"sim_34",4
"sim_34",4
"sim_34",4
"sim_34",4
"sim_34",4
"sim_34",4
"sim_34",4
"sim_34",4
"sim_34",4
"sim_34",4
"sim_34",4
"sim_34",4
"sim_34",4
"sim_34",4
"sim_34",4
"sim_34",4
"sim_34",4
"sim_34",4
"sim_34",4
"sim_34",4
"sim_34",4
"sim_34",4
"sim_34",4
"sim_34",4
"sim_34",4
"sim_34",4
"sim_34",4
"sim_34",4
"sim_34",4
"sim_34",4
"sim_34",4
"sim_34",4
"sim_34",4
"sim_34",4
"sim_34",4
"sim_34",4
"sim_34",4
"sim_34",4
"sim_34",4
"sim_34",4
"sim_34",4
"sim_34",4
"sim_34",4
"sim_34",4
"sim_34",4
"sim_34",4
"sim_34",4
"sim_34",4
"sim_34",4
"sim_34",4
"sim_34",4
"sim_34",4
"sim_34",4
"sim_34",4
"sim_34",4
"sim_34",4
"sim_34",4
"sim_34",4
"sim_34",4
"sim_34",4
"sim_34",4
"sim_34",4
"sim_34",4
"sim_34",4
"sim_34",4
"sim_34",4
"sim_34",4
"sim_34",4
"sim_34",4
"sim_34",4
"sim_34",4
"sim_34",4
"sim_34",4
"sim_34",4
"sim_34",4
"sim_34",4
"sim_34",4
"sim_34",4
"sim_34",4
"sim_34",4
"sim_34",4
"sim_34",4
"sim_34",4
"sim_34",4
"sim_34",4
"sim_34",4
"sim_34",4
"sim_34",4
"sim_34",4
"sim_34",4
"sim_34",4
"sim_34",4
"sim_34",4
"sim_34",4
"sim_34",4
"sim_34",4
"sim_34",4
"sim_34",4
"sim_34",4
"sim_34",4
"sim_34",4
"sim_34",4
"sim_34",4
"sim_34",4
"sim_34",4
"sim_34",4
"sim_34",4
"sim_34",4
"sim_34",4
"sim_34",4
"sim_34",4
"sim_34",4
"sim_34",4
"sim_34",4
"sim_34",4
"sim_34",4
"sim_34",4
"sim_34",4
"sim_34",4
"sim_34",4
"sim_34",4
"sim_34",4
"sim_34",4
"sim_34",4
"sim_34",4
"sim_34",4
"sim_34",4
"sim_34",4
"sim_34",4
"sim_34",4
"sim_34",4
"sim_34",5
"sim_34",5
"sim_34",5
"sim_34",5
"sim_34",5
"sim_34",5
"sim_34",5
"sim_34",5
"sim_34",5
"sim_34",5
"sim_34",5
"sim_34",5
"sim_34",5
"sim_34",5
"sim_34",5
"sim_34",5
"sim_34",5
"sim_34",5
"sim_34",5
"sim_34",5
"sim_34",5
"sim_34",5
"sim_34",5
"sim_34",5
"sim_34",5
"sim_34",5
"sim_34",5
"sim_34",5
"sim_34",5
"sim_34",5
"sim_34",5
"sim_34",5
"sim_34",5
"sim_34",5
"sim_34",5
"sim_34",5
"sim_34",5
"sim_34",5
"sim_34",5
"sim_34",5
"sim_34",5
"sim_34",5
"sim_34",5
"sim_34",5
"sim_34",5
"sim_34",5
"sim_34",5
"sim_34",5
"sim_34",5
"sim_34",5
"sim_34",5
"sim_34",5
"sim_34",5
"sim_34",5
"sim_34",5
"sim_34",5
"sim_34",5
"sim_34",5
"sim_34",5
"sim_34",5
"sim_34",5
"sim_34",5
"sim_34",5
"sim_34",5
"sim_34",5
"sim_34",5
"sim_34",5
"sim_34",5
"sim_34",5
"sim_34",5
"sim_34",5
"sim_34",5
"sim_34",5
"sim_34",5
"sim_34",5
"sim_34",5
"sim_34",5
"sim_34",5
"sim_34",5
"sim_34",5
"sim_34",5
"sim_34",5
"sim_34",5
"sim_34",5
"sim_34",5
"sim_34",5
"sim_34",5
"sim_34",5
"sim_34",5
"sim_34",5
"sim_34",5
"sim_34",5
"sim_34",5
"sim_34",5
"sim_34",5
"sim_34",5
"sim_34",6
"sim_34",6
"sim_34",6
"sim_34",6
"sim_34",6
"sim_34",6
"sim_34",6
"sim_34",6
"sim_34",6
"sim_34",6
"sim_34",6
"sim_34",6
"sim_34",6
"sim_34",6
"sim_34",6
"sim_34",6
"sim_34",6
"sim_34",6
"sim_34",6
"sim_34",6
"sim_34",6
"sim_34",6
"sim_34",6
"sim_34",6
"sim_34",6
"sim_34",6
"sim_34",6
"sim_34",6
"sim_34",6
"sim_34",6
"sim_34",6
"sim_34",6
"sim_34",6
"sim_34",6
"sim_34",6
"sim_34",6
"sim_34",6
"sim_34",6
"sim_34",6
"sim_34",6
"sim_34",6
"sim_34",7
"sim_34",7
"sim_34",7
"sim_34",7
"sim_34",7
"sim_34",7
"sim_34",7
"sim_34",7
"sim_34",7
"sim_34",7
"sim_34",7
"sim_34",7
"sim_34",7
"sim_34",8
"sim_34",8
"sim_34",8
"sim_34",8
"sim_34",8
"sim_34",8
"sim_34",8
"sim_34",8
"sim_34",8
"sim_34",8
"sim_34",8
"sim_34",8
"sim_34",8
"sim_34",8
"sim_34",8
"sim_34",9
"sim_34",9
"sim_34",9
"sim_34",9
"sim_34",9
"sim_34",10
"sim_34",10
"sim_34",10
"sim_34",10
"sim_34",10
"sim_34",10
"sim_34",11
"sim_34",11
"sim_34",11
"sim_34",12
"sim_34",13
"sim_34",13
"sim_34",13
"sim_35",4
"sim_35",4
"sim_35",4
"sim_35",4
"sim_35",4
"sim_35",4
"sim_35",4
"sim_35",4
"sim_35",4
"sim_35",4
"sim_35",4
"sim_35",4
"sim_35",4
"sim_35",4
"sim_35",4
"sim_35",4
"sim_35",4
"sim_35",4
"sim_35",4
"sim_35",4
"sim_35",4
"sim_35",4
"sim_35",4
"sim_35",4
"sim_35",4
"sim_35",4
"sim_35",4
"sim_35",4
"sim_35",4
"sim_35",4
"sim_35",4
"sim_35",4
"sim_35",4
"sim_35",4
"sim_35",4
"sim_35",4
"sim_35",4
"sim_35",4
"sim_35",4
"sim_35",4
"sim_35",4
"sim_35",4
"sim_35",4
"sim_35",4
"sim_35",4
"sim_35",4
"sim_35",4
"sim_35",4
"sim_35",4
"sim_35",4
"sim_35",4
"sim_35",4
"sim_35",4
"sim_35",4
"sim_35",4
"sim_35",4
"sim_35",4
"sim_35",4
"sim_35",4
"sim_35",4
"sim_35",4
"sim_35",4
"sim_35",4
"sim_35",4
"sim_35",4
"sim_35",4
"sim_35",4
"sim_35",4
"sim_35",4
"sim_35",4
"sim_35",4
"sim_35",4
"sim_35",4
"sim_35",4
"sim_35",4
"sim_35",4
"sim_35",4
"sim_35",4
"sim_35",4
"sim_35",4
"sim_35",4
"sim_35",4
"sim_35",4
"sim_35",4
"sim_35",4
"sim_35",4
"sim_35",4
"sim_35",4
"sim_35",4
"sim_35",4
"sim_35",4
"sim_35",4
"sim_35",4
"sim_35",4
"sim_35",4
"sim_35",4
"sim_35",4
"sim_35",4
"sim_35",4
"sim_35",4
"sim_35",4
"sim_35",4
"sim_35",4
"sim_35",4
"sim_35",4
"sim_35",4
"sim_35",4
"sim_35",4
"sim_35",4
"sim_35",4
"sim_35",4
"sim_35",4
"sim_35",4
"sim_35",4
"sim_35",4
"sim_35",4
"sim_35",4
"sim_35",4
"sim_35",4
"sim_35",4
"sim_35",4
"sim_35",4
"sim_35",4
"sim_35",4
"sim_35",4
"sim_35",4
"sim_35",4
"sim_35",4
"sim_35",4
"sim_35",4
"sim_35",4
"sim_35",4
"sim_35",4
"sim_35",4
"sim_35",4
"sim_35",4
"sim_35",4
"sim_35",4
"sim_35",4
"sim_35",4
"sim_35",4
"sim_35",4
"sim_35",4
"sim_35",4
"sim_35",4
"sim_35",4
"sim_35",4
"sim_35",4
"sim_35",4
"sim_35",4
"sim_35",4
"sim_35",4
"sim_35",4
"sim_35",4
"sim_35",4
"sim_35",4
"sim_35",4
"sim_35",4
"sim_35",4
"sim_35",4
"sim_35",4
"sim_35",4
"sim_35",4
"sim_35",4
"sim_35",4
"sim_35",4
"sim_35",4
"sim_35",4
"sim_35",4
"sim_35",4
"sim_35",4
"sim_35",4
"sim_35",4
"sim_35",4
"sim_35",4
"sim_35",4
"sim_35",4
"sim_35",4
"sim_35",4
"sim_35",4
"sim_35",4
"sim_35",4
"sim_35",4
"sim_35",4
"sim_35",4
"sim_35",4
"sim_35",4
"sim_35",4
"sim_35",4
"sim_35",4
"sim_35",4
"sim_35",4
"sim_35",4
"sim_35",4
"sim_35",4
"sim_35",4
"sim_35",4
"sim_35",4
"sim_35",4
"sim_35",4
"sim_35",4
"sim_35",4
"sim_35",4
"sim_35",4
"sim_35",4
"sim_35",4
"sim_35",4
"sim_35",4
"sim_35",4
"sim_35",4
"sim_35",4
"sim_35",4
"sim_35",4
"sim_35",4
"sim_35",4
"sim_35",4
"sim_35",4
"sim_35",4
"sim_35",4
"sim_35",4
"sim_35",4
"sim_35",4
"sim_35",4
"sim_35",4
"sim_35",4
"sim_35",4
"sim_35",4
"sim_35",4
"sim_35",4
"sim_35",4
"sim_35",4
"sim_35",4
"sim_35",4
"sim_35",4
"sim_35",4
"sim_35",4
"sim_35",4
"sim_35",4
"sim_35",4
"sim_35",4
"sim_35",4
"sim_35",4
"sim_35",4
"sim_35",4
"sim_35",4
"sim_35",4
"sim_35",4
"sim_35",4
"sim_35",4
"sim_35",4
"sim_35",4
"sim_35",4
"sim_35",4
"sim_35",4
"sim_35",4
"sim_35",4
"sim_35",4
"sim_35",4
"sim_35",4
"sim_35",4
"sim_35",4
"sim_35",4
"sim_35",4
"sim_35",4
"sim_35",4
"sim_35",4
"sim_35",4
"sim_35",4
"sim_35",4
"sim_35",4
"sim_35",4
"sim_35",4
"sim_35",4
"sim_35",4
"sim_35",4
"sim_35",4
"sim_35",4
"sim_35",4
"sim_35",4
"sim_35",4
"sim_35",4
"sim_35",4
"sim_35",4
"sim_35",4
"sim_35",4
"sim_35",4
"sim_35",4
"sim_35",4
"sim_35",4
"sim_35",4
"sim_35",4
"sim_35",4
"sim_35",4
"sim_35",4
"sim_35",4
"sim_35",4
"sim_35",4
"sim_35",4
"sim_35",4
"sim_35",4
"sim_35",4
"sim_35",4
"sim_35",4
"sim_35",4
"sim_35",4
"sim_35",4
"sim_35",4
"sim_35",4
"sim_35",4
"sim_35",4
"sim_35",4
"sim_35",4
"sim_35",4
"sim_35",4
"sim_35",4
"sim_35",4
"sim_35",4
"sim_35",4
"sim_35",4
"sim_35",4
"sim_35",4
"sim_35",4
"sim_35",4
"sim_35",4
"sim_35",4
"sim_35",4
"sim_35",4
"sim_35",4
"sim_35",4
"sim_35",4
"sim_35",4
"sim_35",4
"sim_35",4
"sim_35",4
"sim_35",4
"sim_35",4
"sim_35",4
"sim_35",4
"sim_35",4
"sim_35",4
"sim_35",4
"sim_35",4
"sim_35",4
"sim_35",4
"sim_35",4
"sim_35",4
"sim_35",4
"sim_35",4
"sim_35",4
"sim_35",4
"sim_35",4
"sim_35",4
"sim_35",4
"sim_35",4
"sim_35",4
"sim_35",4
"sim_35",4
"sim_35",4
"sim_35",4
"sim_35",4
"sim_35",4
"sim_35",4
"sim_35",4
"sim_35",4
"sim_35",4
"sim_35",4
"sim_35",4
"sim_35",4
"sim_35",4
"sim_35",4
"sim_35",4
"sim_35",4
"sim_35",4
"sim_35",4
"sim_35",5
"sim_35",5
"sim_35",5
"sim_35",5
"sim_35",5
"sim_35",5
"sim_35",5
"sim_35",5
"sim_35",5
"sim_35",5
"sim_35",5
"sim_35",5
"sim_35",5
"sim_35",5
"sim_35",5
"sim_35",5
"sim_35",5
"sim_35",5
"sim_35",5
"sim_35",5
"sim_35",5
"sim_35",5
"sim_35",5
"sim_35",5
"sim_35",5
"sim_35",5
"sim_35",5
"sim_35",5
"sim_35",5
"sim_35",5
"sim_35",5
"sim_35",5
"sim_35",5
"sim_35",5
"sim_35",5
"sim_35",5
"sim_35",5
"sim_35",5
"sim_35",5
"sim_35",5
"sim_35",5
"sim_35",5
"sim_35",5
"sim_35",5
"sim_35",5
"sim_35",5
"sim_35",5
"sim_35",5
"sim_35",5
"sim_35",5
"sim_35",5
"sim_35",5
"sim_35",5
"sim_35",5
"sim_35",5
"sim_35",5
"sim_35",5
"sim_35",5
"sim_35",5
"sim_35",5
"sim_35",5
"sim_35",5
"sim_35",5
"sim_35",5
"sim_35",5
"sim_35",5
"sim_35",5
"sim_35",5
"sim_35",5
"sim_35",5
"sim_35",5
"sim_35",5
"sim_35",5
"sim_35",5
"sim_35",5
"sim_35",5
"sim_35",5
"sim_35",5
"sim_35",5
"sim_35",5
"sim_35",5
"sim_35",5
"sim_35",5
"sim_35",5
"sim_35",5
"sim_35",5
"sim_35",5
"sim_35",5
"sim_35",5
"sim_35",5
"sim_35",5
"sim_35",5
"sim_35",5
"sim_35",5
"sim_35",5
"sim_35",5
"sim_35",5
"sim_35",5
"sim_35",6
"sim_35",6
"sim_35",6
"sim_35",6
"sim_35",6
"sim_35",6
"sim_35",6
"sim_35",6
"sim_35",6
"sim_35",6
"sim_35",6
"sim_35",6
"sim_35",6
"sim_35",6
"sim_35",6
"sim_35",6
"sim_35",6
"sim_35",6
"sim_35",6
"sim_35",6
"sim_35",6
"sim_35",6
"sim_35",6
"sim_35",6
"sim_35",6
"sim_35",6
"sim_35",6
"sim_35",6
"sim_35",6
"sim_35",6
"sim_35",6
"sim_35",6
"sim_35",6
"sim_35",6
"sim_35",6
"sim_35",6
"sim_35",6
"sim_35",6
"sim_35",6
"sim_35",6
"sim_35",6
"sim_35",6
"sim_35",6
"sim_35",6
"sim_35",6
"sim_35",6
"sim_35",7
"sim_35",7
"sim_35",7
"sim_35",7
"sim_35",7
"sim_35",7
"sim_35",7
"sim_35",7
"sim_35",7
"sim_35",7
"sim_35",7
"sim_35",7
"sim_35",7
"sim_35",7
"sim_35",7
"sim_35",7
"sim_35",8
"sim_35",8
"sim_35",8
"sim_35",8
"sim_35",8
"sim_35",8
"sim_35",8
"sim_35",8
"sim_35",8
"sim_35",8
"sim_35",8
"sim_35",8
"sim_35",9
"sim_35",9
"sim_35",9
"sim_35",9
"sim_35",9
"sim_35",9
"sim_35",9
"sim_35",9
"sim_35",9
"sim_35",10
"sim_35",10
"sim_35",10
"sim_35",11
"sim_35",11
"sim_35",12
"sim_35",12
"sim_35",12
"sim_35",12
"sim_35",12
"sim_35",15
"sim_36",4
"sim_36",4
"sim_36",4
"sim_36",4
"sim_36",4
"sim_36",4
"sim_36",4
"sim_36",4
"sim_36",4
"sim_36",4
"sim_36",4
"sim_36",4
"sim_36",4
"sim_36",4
"sim_36",4
"sim_36",4
"sim_36",4
"sim_36",4
"sim_36",4
"sim_36",4
"sim_36",4
"sim_36",4
"sim_36",4
"sim_36",4
"sim_36",4
"sim_36",4
"sim_36",4
"sim_36",4
"sim_36",4
"sim_36",4
"sim_36",4
"sim_36",4
"sim_36",4
"sim_36",4
"sim_36",4
"sim_36",4
"sim_36",4
"sim_36",4
"sim_36",4
"sim_36",4
"sim_36",4
"sim_36",4
"sim_36",4
"sim_36",4
"sim_36",4
"sim_36",4
"sim_36",4
"sim_36",4
"sim_36",4
"sim_36",4
"sim_36",4
"sim_36",4
"sim_36",4
"sim_36",4
"sim_36",4
"sim_36",4
"sim_36",4
"sim_36",4
"sim_36",4
"sim_36",4
"sim_36",4
"sim_36",4
"sim_36",4
"sim_36",4
"sim_36",4
"sim_36",4
"sim_36",4
"sim_36",4
"sim_36",4
"sim_36",4
"sim_36",4
"sim_36",4
"sim_36",4
"sim_36",4
"sim_36",4
"sim_36",4
"sim_36",4
"sim_36",4
"sim_36",4
"sim_36",4
"sim_36",4
"sim_36",4
"sim_36",4
"sim_36",4
"sim_36",4
"sim_36",4
"sim_36",4
"sim_36",4
"sim_36",4
"sim_36",4
"sim_36",4
"sim_36",4
"sim_36",4
"sim_36",4
"sim_36",4
"sim_36",4
"sim_36",4
"sim_36",4
"sim_36",4
"sim_36",4
"sim_36",4
"sim_36",4
"sim_36",4
"sim_36",4
"sim_36",4
"sim_36",4
"sim_36",4
"sim_36",4
"sim_36",4
"sim_36",4
"sim_36",4
"sim_36",4
"sim_36",4
"sim_36",4
"sim_36",4
"sim_36",4
"sim_36",4
"sim_36",4
"sim_36",4
"sim_36",4
"sim_36",4
"sim_36",4
"sim_36",4
"sim_36",4
"sim_36",4
"sim_36",4
"sim_36",4
"sim_36",4
"sim_36",4
"sim_36",4
"sim_36",4
"sim_36",4
"sim_36",4
"sim_36",4
"sim_36",4
"sim_36",4
"sim_36",4
"sim_36",4
"sim_36",4
"sim_36",4
"sim_36",4
"sim_36",4
"sim_36",4
"sim_36",4
"sim_36",4
"sim_36",4
"sim_36",4
"sim_36",4
"sim_36",4
"sim_36",4
"sim_36",4
"sim_36",4
"sim_36",4
"sim_36",4
"sim_36",4
"sim_36",4
"sim_36",4
"sim_36",4
"sim_36",4
"sim_36",4
"sim_36",4
"sim_36",4
"sim_36",4
"sim_36",4
"sim_36",4
"sim_36",4
"sim_36",4
"sim_36",4
"sim_36",4
"sim_36",4
"sim_36",4
"sim_36",4
"sim_36",4
"sim_36",4
"sim_36",4
"sim_36",4
"sim_36",4
"sim_36",4
"sim_36",4
"sim_36",4
"sim_36",4
"sim_36",4
"sim_36",4
"sim_36",4
"sim_36",4
"sim_36",4
"sim_36",4
"sim_36",4
"sim_36",4
"sim_36",4
"sim_36",4
"sim_36",4
"sim_36",4
"sim_36",4
"sim_36",4
"sim_36",4
"sim_36",4
"sim_36",4
"sim_36",4
"sim_36",4
"sim_36",4
"sim_36",4
"sim_36",4
"sim_36",4
"sim_36",4
"sim_36",4
"sim_36",4
"sim_36",4
"sim_36",4
"sim_36",4
"sim_36",4
"sim_36",4
"sim_36",4
"sim_36",4
"sim_36",4
"sim_36",4
"sim_36",4
"sim_36",4
"sim_36",4
"sim_36",4
"sim_36",4
"sim_36",4
"sim_36",4
"sim_36",4
"sim_36",4
"sim_36",4
"sim_36",4
"sim_36",4
"sim_36",4
"sim_36",4
"sim_36",4
"sim_36",4
"sim_36",4
"sim_36",4
"sim_36",4
"sim_36",4
"sim_36",4
"sim_36",4
"sim_36",4
"sim_36",4
"sim_36",4
"sim_36",4
"sim_36",4
"sim_36",4
"sim_36",4
"sim_36",4
"sim_36",4
"sim_36",4
"sim_36",4
"sim_36",4
"sim_36",4
"sim_36",4
"sim_36",4
"sim_36",4
"sim_36",4
"sim_36",4
"sim_36",4
"sim_36",4
"sim_36",4
"sim_36",4
"sim_36",4
"sim_36",4
"sim_36",4
"sim_36",4
"sim_36",4
"sim_36",4
"sim_36",4
"sim_36",4
"sim_36",4
"sim_36",4
"sim_36",4
"sim_36",4
"sim_36",4
"sim_36",4
"sim_36",4
"sim_36",4
"sim_36",4
"sim_36",4
"sim_36",4
"sim_36",4
"sim_36",4
"sim_36",4
"sim_36",4
"sim_36",4
"sim_36",4
"sim_36",4
"sim_36",4
"sim_36",4
"sim_36",4
"sim_36",4
"sim_36",4
"sim_36",4
"sim_36",4
"sim_36",4
"sim_36",4
"sim_36",4
"sim_36",4
"sim_36",4
"sim_36",4
"sim_36",4
"sim_36",4
"sim_36",4
"sim_36",4
"sim_36",4
"sim_36",4
"sim_36",4
"sim_36",4
"sim_36",4
"sim_36",4
"sim_36",4
"sim_36",4
"sim_36",4
"sim_36",4
"sim_36",4
"sim_36",4
"sim_36",4
"sim_36",4
"sim_36",4
"sim_36",4
"sim_36",4
"sim_36",4
"sim_36",4
"sim_36",4
"sim_36",4
"sim_36",4
"sim_36",4
"sim_36",4
"sim_36",4
"sim_36",4
"sim_36",4
"sim_36",4
"sim_36",4
"sim_36",4
"sim_36",4
"sim_36",4
"sim_36",4
"sim_36",4
"sim_36",4
"sim_36",4
"sim_36",4
"sim_36",4
"sim_36",4
"sim_36",4
"sim_36",4
"sim_36",4
"sim_36",4
"sim_36",4
"sim_36",4
"sim_36",4
"sim_36",4
"sim_36",4
"sim_36",4
"sim_36",4
"sim_36",4
"sim_36",4
"sim_36",4
"sim_36",4
"sim_36",4
"sim_36",4
"sim_36",4
"sim_36",5
"sim_36",5
"sim_36",5
"sim_36",5
"sim_36",5
"sim_36",5
"sim_36",5
"sim_36",5
"sim_36",5
"sim_36",5
"sim_36",5
"sim_36",5
"sim_36",5
"sim_36",5
"sim_36",5
"sim_36",5
"sim_36",5
"sim_36",5
"sim_36",5
"sim_36",5
"sim_36",5
"sim_36",5
"sim_36",5
"sim_36",5
"sim_36",5
"sim_36",5
"sim_36",5
"sim_36",5
"sim_36",5
"sim_36",5
"sim_36",5
"sim_36",5
"sim_36",5
"sim_36",5
"sim_36",5
"sim_36",5
"sim_36",5
"sim_36",5
"sim_36",5
"sim_36",5
"sim_36",5
"sim_36",5
"sim_36",5
"sim_36",5
"sim_36",5
"sim_36",5
"sim_36",5
"sim_36",5
"sim_36",5
"sim_36",5
"sim_36",5
"sim_36",5
"sim_36",5
"sim_36",5
"sim_36",5
"sim_36",5
"sim_36",5
"sim_36",5
"sim_36",5
"sim_36",5
"sim_36",5
"sim_36",5
"sim_36",5
"sim_36",5
"sim_36",5
"sim_36",5
"sim_36",5
"sim_36",5
"sim_36",5
"sim_36",5
"sim_36",5
"sim_36",5
"sim_36",5
"sim_36",5
"sim_36",5
"sim_36",5
"sim_36",5
"sim_36",5
"sim_36",5
"sim_36",5
"sim_36",5
"sim_36",5
"sim_36",5
"sim_36",5
"sim_36",5
"sim_36",5
"sim_36",5
"sim_36",5
"sim_36",5
"sim_36",5
"sim_36",5
"sim_36",5
"sim_36",5
"sim_36",5
"sim_36",5
"sim_36",5
"sim_36",5
"sim_36",5
"sim_36",5
"sim_36",5
"sim_36",5
"sim_36",5
"sim_36",5
"sim_36",6
"sim_36",6
"sim_36",6
"sim_36",6
"sim_36",6
"sim_36",6
"sim_36",6
"sim_36",6
"sim_36",6
"sim_36",6
"sim_36",6
"sim_36",6
"sim_36",6
"sim_36",6
"sim_36",6
"sim_36",6
"sim_36",6
"sim_36",6
"sim_36",6
"sim_36",6
"sim_36",6
"sim_36",6
"sim_36",6
"sim_36",6
"sim_36",6
"sim_36",6
"sim_36",6
"sim_36",6
"sim_36",6
"sim_36",6
"sim_36",6
"sim_36",6
"sim_36",6
"sim_36",6
"sim_36",6
"sim_36",6
"sim_36",6
"sim_36",6
"sim_36",6
"sim_36",6
"sim_36",6
"sim_36",6
"sim_36",6
"sim_36",6
"sim_36",6
"sim_36",6
"sim_36",6
"sim_36",6
"sim_36",6
"sim_36",6
"sim_36",7
"sim_36",7
"sim_36",7
"sim_36",7
"sim_36",7
"sim_36",7
"sim_36",7
"sim_36",7
"sim_36",7
"sim_36",7
"sim_36",7
"sim_36",7
"sim_36",7
"sim_36",7
"sim_36",7
"sim_36",7
"sim_36",7
"sim_36",7
"sim_36",7
"sim_36",7
"sim_36",7
"sim_36",7
"sim_36",7
"sim_36",8
"sim_36",8
"sim_36",8
"sim_36",8
"sim_36",8
"sim_36",8
"sim_36",8
"sim_36",8
"sim_36",8
"sim_36",8
"sim_36",9
"sim_36",9
"sim_36",9
"sim_36",9
"sim_36",9
"sim_36",9
"sim_36",9
"sim_36",9
"sim_36",10
"sim_36",10
"sim_36",10
"sim_36",10
"sim_36",10
"sim_36",10
"sim_36",10
"sim_36",10
"sim_36",11
"sim_36",11
"sim_36",12
"sim_36",12
"sim_37",4
"sim_37",4
"sim_37",4
"sim_37",4
"sim_37",4
"sim_37",4
"sim_37",4
"sim_37",4
"sim_37",4
"sim_37",4
"sim_37",4
"sim_37",4
"sim_37",4
"sim_37",4
"sim_37",4
"sim_37",4
"sim_37",4
"sim_37",4
"sim_37",4
"sim_37",4
"sim_37",4
"sim_37",4
"sim_37",4
"sim_37",4
"sim_37",4
"sim_37",4
"sim_37",4
"sim_37",4
"sim_37",4
"sim_37",4
"sim_37",4
"sim_37",4
"sim_37",4
"sim_37",4
"sim_37",4
"sim_37",4
"sim_37",4
"sim_37",4
"sim_37",4
"sim_37",4
"sim_37",4
"sim_37",4
"sim_37",4
"sim_37",4
"sim_37",4
"sim_37",4
"sim_37",4
"sim_37",4
"sim_37",4
"sim_37",4
"sim_37",4
"sim_37",4
"sim_37",4
"sim_37",4
"sim_37",4
"sim_37",4
"sim_37",4
"sim_37",4
"sim_37",4
"sim_37",4
"sim_37",4
"sim_37",4
"sim_37",4
"sim_37",4
"sim_37",4
"sim_37",4
"sim_37",4
"sim_37",4
"sim_37",4
"sim_37",4
"sim_37",4
"sim_37",4
"sim_37",4
"sim_37",4
"sim_37",4
"sim_37",4
"sim_37",4
"sim_37",4
"sim_37",4
"sim_37",4
"sim_37",4
"sim_37",4
"sim_37",4
"sim_37",4
"sim_37",4
"sim_37",4
"sim_37",4
"sim_37",4
"sim_37",4
"sim_37",4
"sim_37",4
"sim_37",4
"sim_37",4
"sim_37",4
"sim_37",4
"sim_37",4
"sim_37",4
"sim_37",4
"sim_37",4
"sim_37",4
"sim_37",4
"sim_37",4
"sim_37",4
"sim_37",4
"sim_37",4
"sim_37",4
"sim_37",4
"sim_37",4
"sim_37",4
"sim_37",4
"sim_37",4
"sim_37",4
"sim_37",4
"sim_37",4
"sim_37",4
"sim_37",4
"sim_37",4
"sim_37",4
"sim_37",4
"sim_37",4
"sim_37",4
"sim_37",4
"sim_37",4
"sim_37",4
"sim_37",4
"sim_37",4
"sim_37",4
"sim_37",4
"sim_37",4
"sim_37",4
"sim_37",4
"sim_37",4
"sim_37",4
"sim_37",4
"sim_37",4
"sim_37",4
"sim_37",4
"sim_37",4
"sim_37",4
"sim_37",4
"sim_37",4
"sim_37",4
"sim_37",4
"sim_37",4
"sim_37",4
"sim_37",4
"sim_37",4
"sim_37",4
"sim_37",4
"sim_37",4
"sim_37",4
"sim_37",4
"sim_37",4
"sim_37",4
"sim_37",4
"sim_37",4
"sim_37",4
"sim_37",4
"sim_37",4
"sim_37",4
"sim_37",4
"sim_37",4
"sim_37",4
"sim_37",4
"sim_37",4
"sim_37",4
"sim_37",4
"sim_37",4
"sim_37",4
"sim_37",4
"sim_37",4
"sim_37",4
"sim_37",4
"sim_37",4
"sim_37",4
"sim_37",4
"sim_37",4
"sim_37",4
"sim_37",4
"sim_37",4
"sim_37",4
"sim_37",4
"sim_37",4
"sim_37",4
"sim_37",4
"sim_37",4
"sim_37",4
"sim_37",4
"sim_37",4
"sim_37",4
"sim_37",4
"sim_37",4
"sim_37",4
"sim_37",4
"sim_37",4
"sim_37",4
"sim_37",4
"sim_37",4
"sim_37",4
"sim_37",4
"sim_37",4
"sim_37",4
"sim_37",4
"sim_37",4
"sim_37",4
"sim_37",4
"sim_37",4
"sim_37",4
"sim_37",4
"sim_37",4
"sim_37",4
"sim_37",4
"sim_37",4
"sim_37",4
"sim_37",4
"sim_37",4
"sim_37",4
"sim_37",4
"sim_37",4
"sim_37",4
"sim_37",4
"sim_37",4
"sim_37",4
"sim_37",4
"sim_37",4
"sim_37",4
"sim_37",4
"sim_37",4
"sim_37",4
"sim_37",4
"sim_37",4
"sim_37",4
"sim_37",4
"sim_37",4
"sim_37",4
"sim_37",4
"sim_37",4
"sim_37",4
"sim_37",4
"sim_37",4
"sim_37",4
"sim_37",4
"sim_37",4
"sim_37",4
"sim_37",4
"sim_37",4
"sim_37",4
"sim_37",4
"sim_37",4
"sim_37",4
"sim_37",4
"sim_37",4
"sim_37",4
"sim_37",4
"sim_37",4
"sim_37",4
"sim_37",4
"sim_37",4
"sim_37",4
"sim_37",4
"sim_37",4
"sim_37",4
"sim_37",4
"sim_37",4
"sim_37",4
"sim_37",4
"sim_37",4
"sim_37",4
"sim_37",4
"sim_37",4
"sim_37",4
"sim_37",4
"sim_37",4
"sim_37",4
"sim_37",4
"sim_37",4
"sim_37",4
"sim_37",4
"sim_37",4
"sim_37",4
"sim_37",4
"sim_37",4
"sim_37",4
"sim_37",4
"sim_37",4
"sim_37",4
"sim_37",4
"sim_37",4
"sim_37",4
"sim_37",4
"sim_37",4
"sim_37",4
"sim_37",4
"sim_37",4
"sim_37",4
"sim_37",4
"sim_37",4
"sim_37",4
"sim_37",4
"sim_37",4
"sim_37",4
"sim_37",4
"sim_37",4
"sim_37",4
"sim_37",4
"sim_37",4
"sim_37",4
"sim_37",4
"sim_37",4
"sim_37",4
"sim_37",4
"sim_37",4
"sim_37",4
"sim_37",4
"sim_37",4
"sim_37",4
"sim_37",4
"sim_37",4
"sim_37",4
"sim_37",4
"sim_37",4
"sim_37",4
"sim_37",4
"sim_37",4
"sim_37",4
"sim_37",4
"sim_37",4
"sim_37",4
"sim_37",4
"sim_37",4
"sim_37",4
"sim_37",4
"sim_37",4
"sim_37",4
"sim_37",4
"sim_37",4
"sim_37",4
"sim_37",4
"sim_37",4
"sim_37",4
"sim_37",4
"sim_37",4
"sim_37",4
"sim_37",4
"sim_37",4
"sim_37",4
"sim_37",4
"sim_37",4
"sim_37",4
"sim_37",4
"sim_37",4
"sim_37",4
"sim_37",4
"sim_37",4
"sim_37",4
"sim_37",4
"sim_37",4
"sim_37",4
"sim_37",4
"sim_37",4
"sim_37",4
"sim_37",4
"sim_37",4
"sim_37",4
"sim_37",4
"sim_37",4
"sim_37",4
"sim_37",4
"sim_37",4
"sim_37",4
"sim_37",4
"sim_37",4
"sim_37",4
"sim_37",4
"sim_37",4
"sim_37",4
"sim_37",4
"sim_37",4
"sim_37",5
"sim_37",5
"sim_37",5
"sim_37",5
"sim_37",5
"sim_37",5
"sim_37",5
"sim_37",5
"sim_37",5
"sim_37",5
"sim_37",5
"sim_37",5
"sim_37",5
"sim_37",5
"sim_37",5
"sim_37",5
"sim_37",5
"sim_37",5
"sim_37",5
"sim_37",5
"sim_37",5
"sim_37",5
"sim_37",5
"sim_37",5
"sim_37",5
"sim_37",5
"sim_37",5
"sim_37",5
"sim_37",5
"sim_37",5
"sim_37",5
"sim_37",5
"sim_37",5
"sim_37",5
"sim_37",5
"sim_37",5
"sim_37",5
"sim_37",5
"sim_37",5
"sim_37",5
"sim_37",5
"sim_37",5
"sim_37",5
"sim_37",5
"sim_37",5
"sim_37",5
"sim_37",5
"sim_37",5
"sim_37",5
"sim_37",5
"sim_37",5
"sim_37",5
"sim_37",5
"sim_37",5
"sim_37",5
"sim_37",5
"sim_37",5
"sim_37",5
"sim_37",5
"sim_37",5
"sim_37",5
"sim_37",5
"sim_37",5
"sim_37",5
"sim_37",5
"sim_37",5
"sim_37",5
"sim_37",5
"sim_37",5
"sim_37",5
"sim_37",5
"sim_37",5
"sim_37",5
"sim_37",5
"sim_37",5
"sim_37",5
"sim_37",5
"sim_37",5
"sim_37",5
"sim_37",5
"sim_37",5
"sim_37",5
"sim_37",5
"sim_37",5
"sim_37",5
"sim_37",5
"sim_37",5
"sim_37",5
"sim_37",5
"sim_37",5
"sim_37",5
"sim_37",5
"sim_37",5
"sim_37",6
"sim_37",6
"sim_37",6
"sim_37",6
"sim_37",6
"sim_37",6
"sim_37",6
"sim_37",6
"sim_37",6
"sim_37",6
"sim_37",6
"sim_37",6
"sim_37",6
"sim_37",6
"sim_37",6
"sim_37",6
"sim_37",6
"sim_37",6
"sim_37",6
"sim_37",6
"sim_37",6
"sim_37",6
"sim_37",6
"sim_37",6
"sim_37",6
"sim_37",6
"sim_37",6
"sim_37",6
"sim_37",6
"sim_37",6
"sim_37",6
"sim_37",6
"sim_37",6
"sim_37",6
"sim_37",6
"sim_37",6
"sim_37",6
"sim_37",6
"sim_37",6
"sim_37",6
"sim_37",6
"sim_37",6
"sim_37",7
"sim_37",7
"sim_37",7
"sim_37",7
"sim_37",7
"sim_37",7
"sim_37",7
"sim_37",7
"sim_37",7
"sim_37",7
"sim_37",7
"sim_37",7
"sim_37",7
"sim_37",7
"sim_37",8
"sim_37",8
"sim_37",8
"sim_37",8
"sim_37",8
"sim_37",8
"sim_37",8
"sim_37",8
"sim_37",8
"sim_37",8
"sim_37",8
"sim_37",8
"sim_37",8
"sim_37",8
"sim_37",8
"sim_37",8
"sim_37",8
"sim_37",8
"sim_37",9
"sim_37",9
"sim_37",9
"sim_37",10
"sim_37",10
"sim_37",11
"sim_37",11
"sim_37",13
"sim_37",13
"sim_37",13
"sim_37",13
"sim_37",13
"sim_37",13
"sim_37",13
"sim_37",13
"sim_37",13
"sim_37",14
"sim_37",14
"sim_37",14
"sim_37",14
"sim_37",15
"sim_38",4
"sim_38",4
"sim_38",4
"sim_38",4
"sim_38",4
"sim_38",4
"sim_38",4
"sim_38",4
"sim_38",4
"sim_38",4
"sim_38",4
"sim_38",4
"sim_38",4
"sim_38",4
"sim_38",4
"sim_38",4
"sim_38",4
"sim_38",4
"sim_38",4
"sim_38",4
"sim_38",4
"sim_38",4
"sim_38",4
"sim_38",4
"sim_38",4
"sim_38",4
"sim_38",4
"sim_38",4
"sim_38",4
"sim_38",4
"sim_38",4
"sim_38",4
"sim_38",4
"sim_38",4
"sim_38",4
"sim_38",4
"sim_38",4
"sim_38",4
"sim_38",4
"sim_38",4
"sim_38",4
"sim_38",4
"sim_38",4
"sim_38",4
"sim_38",4
"sim_38",4
"sim_38",4
"sim_38",4
"sim_38",4
"sim_38",4
"sim_38",4
"sim_38",4
"sim_38",4
"sim_38",4
"sim_38",4
"sim_38",4
"sim_38",4
"sim_38",4
"sim_38",4
"sim_38",4
"sim_38",4
"sim_38",4
"sim_38",4
"sim_38",4
"sim_38",4
"sim_38",4
"sim_38",4
"sim_38",4
"sim_38",4
"sim_38",4
"sim_38",4
"sim_38",4
"sim_38",4
"sim_38",4
"sim_38",4
"sim_38",4
"sim_38",4
"sim_38",4
"sim_38",4
"sim_38",4
"sim_38",4
"sim_38",4
"sim_38",4
"sim_38",4
"sim_38",4
"sim_38",4
"sim_38",4
"sim_38",4
"sim_38",4
"sim_38",4
"sim_38",4
"sim_38",4
"sim_38",4
"sim_38",4
"sim_38",4
"sim_38",4
"sim_38",4
"sim_38",4
"sim_38",4
"sim_38",4
"sim_38",4
"sim_38",4
"sim_38",4
"sim_38",4
"sim_38",4
"sim_38",4
"sim_38",4
"sim_38",4
"sim_38",4
"sim_38",4
"sim_38",4
"sim_38",4
"sim_38",4
"sim_38",4
"sim_38",4
"sim_38",4
"sim_38",4
"sim_38",4
"sim_38",4
"sim_38",4
"sim_38",4
"sim_38",4
"sim_38",4
"sim_38",4
"sim_38",4
"sim_38",4
"sim_38",4
"sim_38",4
"sim_38",4
"sim_38",4
"sim_38",4
"sim_38",4
"sim_38",4
"sim_38",4
"sim_38",4
"sim_38",4
"sim_38",4
"sim_38",4
"sim_38",4
"sim_38",4
"sim_38",4
"sim_38",4
"sim_38",4
"sim_38",4
"sim_38",4
"sim_38",4
"sim_38",4
"sim_38",4
"sim_38",4
"sim_38",4
"sim_38",4
"sim_38",4
"sim_38",4
"sim_38",4
"sim_38",4
"sim_38",4
"sim_38",4
"sim_38",4
"sim_38",4
"sim_38",4
"sim_38",4
"sim_38",4
"sim_38",4
"sim_38",4
"sim_38",4
"sim_38",4
"sim_38",4
"sim_38",4
"sim_38",4
"sim_38",4
"sim_38",4
"sim_38",4
"sim_38",4
"sim_38",4
"sim_38",4
"sim_38",4
"sim_38",4
"sim_38",4
"sim_38",4
"sim_38",4
"sim_38",4
"sim_38",4
"sim_38",4
"sim_38",4
"sim_38",4
"sim_38",4
"sim_38",4
"sim_38",4
"sim_38",4
"sim_38",4
"sim_38",4
"sim_38",4
"sim_38",4
"sim_38",4
"sim_38",4
"sim_38",4
"sim_38",4
"sim_38",4
"sim_38",4
"sim_38",4
"sim_38",4
"sim_38",4
"sim_38",4
"sim_38",4
"sim_38",4
"sim_38",4
"sim_38",4
"sim_38",4
"sim_38",4
"sim_38",4
"sim_38",4
"sim_38",4
"sim_38",4
"sim_38",4
"sim_38",4
"sim_38",4
"sim_38",4
"sim_38",4
"sim_38",4
"sim_38",4
"sim_38",4
"sim_38",4
"sim_38",4
"sim_38",4
"sim_38",4
"sim_38",4
"sim_38",4
"sim_38",4
"sim_38",4
"sim_38",4
"sim_38",4
"sim_38",4
"sim_38",4
"sim_38",4
"sim_38",4
"sim_38",4
"sim_38",4
"sim_38",4
"sim_38",4
"sim_38",4
"sim_38",4
"sim_38",4
"sim_38",4
"sim_38",4
"sim_38",4
"sim_38",4
"sim_38",4
"sim_38",4
"sim_38",4
"sim_38",4
"sim_38",4
"sim_38",4
"sim_38",4
"sim_38",4
"sim_38",4
"sim_38",4
"sim_38",4
"sim_38",4
"sim_38",4
"sim_38",4
"sim_38",4
"sim_38",4
"sim_38",4
"sim_38",4
"sim_38",4
"sim_38",4
"sim_38",4
"sim_38",4
"sim_38",4
"sim_38",4
"sim_38",4
"sim_38",4
"sim_38",4
"sim_38",4
"sim_38",4
"sim_38",4
"sim_38",4
"sim_38",4
"sim_38",4
"sim_38",4
"sim_38",4
"sim_38",4
"sim_38",4
"sim_38",4
"sim_38",4
"sim_38",4
"sim_38",4
"sim_38",4
"sim_38",4
"sim_38",4
"sim_38",4
"sim_38",4
"sim_38",4
"sim_38",4
"sim_38",4
"sim_38",4
"sim_38",4
"sim_38",4
"sim_38",4
"sim_38",4
"sim_38",4
"sim_38",4
"sim_38",4
"sim_38",4
"sim_38",4
"sim_38",4
"sim_38",4
"sim_38",4
"sim_38",4
"sim_38",4
"sim_38",4
"sim_38",4
"sim_38",4
"sim_38",4
"sim_38",4
"sim_38",4
"sim_38",4
"sim_38",4
"sim_38",4
"sim_38",4
"sim_38",4
"sim_38",4
"sim_38",4
"sim_38",4
"sim_38",4
"sim_38",4
"sim_38",4
"sim_38",4
"sim_38",4
"sim_38",4
"sim_38",4
"sim_38",4
"sim_38",4
"sim_38",4
"sim_38",4
"sim_38",4
"sim_38",4
"sim_38",4
"sim_38",4
"sim_38",4
"sim_38",4
"sim_38",4
"sim_38",4
"sim_38",4
"sim_38",4
"sim_38",4
"sim_38",4
"sim_38",4
"sim_38",4
"sim_38",4
"sim_38",4
"sim_38",5
"sim_38",5
"sim_38",5
"sim_38",5
"sim_38",5
"sim_38",5
"sim_38",5
"sim_38",5
"sim_38",5
"sim_38",5
"sim_38",5
"sim_38",5
"sim_38",5
"sim_38",5
"sim_38",5
"sim_38",5
"sim_38",5
"sim_38",5
"sim_38",5
"sim_38",5
"sim_38",5
"sim_38",5
"sim_38",5
"sim_38",5
"sim_38",5
"sim_38",5
"sim_38",5
"sim_38",5
"sim_38",5
"sim_38",5
"sim_38",5
"sim_38",5
"sim_38",5
"sim_38",5
"sim_38",5
"sim_38",5
"sim_38",5
"sim_38",5
"sim_38",5
"sim_38",5
"sim_38",5
"sim_38",5
"sim_38",5
"sim_38",5
"sim_38",5
"sim_38",5
"sim_38",5
"sim_38",5
"sim_38",5
"sim_38",5
"sim_38",5
"sim_38",5
"sim_38",5
"sim_38",5
"sim_38",5
"sim_38",5
"sim_38",5
"sim_38",5
"sim_38",5
"sim_38",5
"sim_38",5
"sim_38",5
"sim_38",5
"sim_38",5
"sim_38",5
"sim_38",5
"sim_38",5
"sim_38",5
"sim_38",5
"sim_38",5
"sim_38",5
"sim_38",5
"sim_38",5
"sim_38",5
"sim_38",5
"sim_38",5
"sim_38",5
"sim_38",5
"sim_38",5
"sim_38",5
"sim_38",5
"sim_38",5
"sim_38",5
"sim_38",5
"sim_38",5
"sim_38",5
"sim_38",5
"sim_38",5
"sim_38",5
"sim_38",5
"sim_38",5
"sim_38",5
"sim_38",5
"sim_38",5
"sim_38",5
"sim_38",5
"sim_38",5
"sim_38",5
"sim_38",5
"sim_38",5
"sim_38",5
"sim_38",5
"sim_38",5
"sim_38",5
"sim_38",5
"sim_38",5
"sim_38",5
"sim_38",5
"sim_38",5
"sim_38",5
"sim_38",5
"sim_38",5
"sim_38",5
"sim_38",5
"sim_38",5
"sim_38",6
"sim_38",6
"sim_38",6
"sim_38",6
"sim_38",6
"sim_38",6
"sim_38",6
"sim_38",6
"sim_38",6
"sim_38",6
"sim_38",6
"sim_38",6
"sim_38",6
"sim_38",6
"sim_38",6
"sim_38",6
"sim_38",6
"sim_38",6
"sim_38",6
"sim_38",6
"sim_38",6
"sim_38",6
"sim_38",6
"sim_38",6
"sim_38",6
"sim_38",6
"sim_38",6
"sim_38",6
"sim_38",6
"sim_38",7
"sim_38",7
"sim_38",7
"sim_38",7
"sim_38",7
"sim_38",7
"sim_38",7
"sim_38",7
"sim_38",7
"sim_38",7
"sim_38",7
"sim_38",7
"sim_38",7
"sim_38",7
"sim_38",7
"sim_38",7
"sim_38",7
"sim_38",7
"sim_38",7
"sim_38",7
"sim_38",7
"sim_38",7
"sim_38",7
"sim_38",7
"sim_38",7
"sim_38",7
"sim_38",7
"sim_38",7
"sim_38",7
"sim_38",7
"sim_38",7
"sim_38",7
"sim_38",7
"sim_38",7
"sim_38",7
"sim_38",7
"sim_38",7
"sim_38",7
"sim_38",7
"sim_38",7
"sim_38",7
"sim_38",7
"sim_38",7
"sim_38",7
"sim_38",7
"sim_38",8
"sim_38",8
"sim_38",8
"sim_38",8
"sim_38",8
"sim_38",8
"sim_38",8
"sim_38",8
"sim_38",8
"sim_38",9
"sim_38",9
"sim_38",9
"sim_38",9
"sim_38",9
"sim_38",9
"sim_38",10
"sim_38",10
"sim_38",11
"sim_38",11
"sim_38",11
"sim_38",12
"sim_38",12
"sim_38",12
"sim_38",12
"sim_38",12
"sim_38",13
"sim_39",4
"sim_39",4
"sim_39",4
"sim_39",4
"sim_39",4
"sim_39",4
"sim_39",4
"sim_39",4
"sim_39",4
"sim_39",4
"sim_39",4
"sim_39",4
"sim_39",4
"sim_39",4
"sim_39",4
"sim_39",4
"sim_39",4
"sim_39",4
"sim_39",4
"sim_39",4
"sim_39",4
"sim_39",4
"sim_39",4
"sim_39",4
"sim_39",4
"sim_39",4
"sim_39",4
"sim_39",4
"sim_39",4
"sim_39",4
"sim_39",4
"sim_39",4
"sim_39",4
"sim_39",4
"sim_39",4
"sim_39",4
"sim_39",4
"sim_39",4
"sim_39",4
"sim_39",4
"sim_39",4
"sim_39",4
"sim_39",4
"sim_39",4
"sim_39",4
"sim_39",4
"sim_39",4
"sim_39",4
"sim_39",4
"sim_39",4
"sim_39",4
"sim_39",4
"sim_39",4
"sim_39",4
"sim_39",4
"sim_39",4
"sim_39",4
"sim_39",4
"sim_39",4
"sim_39",4
"sim_39",4
"sim_39",4
"sim_39",4
"sim_39",4
"sim_39",4
"sim_39",4
"sim_39",4
"sim_39",4
"sim_39",4
"sim_39",4
"sim_39",4
"sim_39",4
"sim_39",4
"sim_39",4
"sim_39",4
"sim_39",4
"sim_39",4
"sim_39",4
"sim_39",4
"sim_39",4
"sim_39",4
"sim_39",4
"sim_39",4
"sim_39",4
"sim_39",4
"sim_39",4
"sim_39",4
"sim_39",4
"sim_39",4
"sim_39",4
"sim_39",4
"sim_39",4
"sim_39",4
"sim_39",4
"sim_39",4
"sim_39",4
"sim_39",4
"sim_39",4
"sim_39",4
"sim_39",4
"sim_39",4
"sim_39",4
"sim_39",4
"sim_39",4
"sim_39",4
"sim_39",4
"sim_39",4
"sim_39",4
"sim_39",4
"sim_39",4
"sim_39",4
"sim_39",4
"sim_39",4
"sim_39",4
"sim_39",4
"sim_39",4
"sim_39",4
"sim_39",4
"sim_39",4
"sim_39",4
"sim_39",4
"sim_39",4
"sim_39",4
"sim_39",4
"sim_39",4
"sim_39",4
"sim_39",4
"sim_39",4
"sim_39",4
"sim_39",4
"sim_39",4
"sim_39",4
"sim_39",4
"sim_39",4
"sim_39",4
"sim_39",4
"sim_39",4
"sim_39",4
"sim_39",4
"sim_39",4
"sim_39",4
"sim_39",4
"sim_39",4
"sim_39",4
"sim_39",4
"sim_39",4
"sim_39",4
"sim_39",4
"sim_39",4
"sim_39",4
"sim_39",4
"sim_39",4
"sim_39",4
"sim_39",4
"sim_39",4
"sim_39",4
"sim_39",4
"sim_39",4
"sim_39",4
"sim_39",4
"sim_39",4
"sim_39",4
"sim_39",4
"sim_39",4
"sim_39",4
"sim_39",4
"sim_39",4
"sim_39",4
"sim_39",4
"sim_39",4
"sim_39",4
"sim_39",4
"sim_39",4
"sim_39",4
"sim_39",4
"sim_39",4
"sim_39",4
"sim_39",4
"sim_39",4
"sim_39",4
"sim_39",4
"sim_39",4
"sim_39",4
"sim_39",4
"sim_39",4
"sim_39",4
"sim_39",4
"sim_39",4
"sim_39",4
"sim_39",4
"sim_39",4
"sim_39",4
"sim_39",4
"sim_39",4
"sim_39",4
"sim_39",4
"sim_39",4
"sim_39",4
"sim_39",4
"sim_39",4
"sim_39",4
"sim_39",4
"sim_39",4
"sim_39",4
"sim_39",4
"sim_39",4
"sim_39",4
"sim_39",4
"sim_39",4
"sim_39",4
"sim_39",4
"sim_39",4
"sim_39",4
"sim_39",4
"sim_39",4
"sim_39",4
"sim_39",4
"sim_39",4
"sim_39",4
"sim_39",4
"sim_39",4
"sim_39",4
"sim_39",4
"sim_39",4
"sim_39",4
"sim_39",4
"sim_39",4
"sim_39",4
"sim_39",4
"sim_39",4
"sim_39",4
"sim_39",4
"sim_39",4
"sim_39",4
"sim_39",4
"sim_39",4
"sim_39",4
"sim_39",4
"sim_39",4
"sim_39",4
"sim_39",4
"sim_39",4
"sim_39",4
"sim_39",4
"sim_39",4
"sim_39",4
"sim_39",4
"sim_39",4
"sim_39",4
"sim_39",4
"sim_39",4
"sim_39",4
"sim_39",4
"sim_39",4
"sim_39",4
"sim_39",4
"sim_39",4
"sim_39",4
"sim_39",4
"sim_39",4
"sim_39",4
"sim_39",4
"sim_39",4
"sim_39",4
"sim_39",4
"sim_39",4
"sim_39",4
"sim_39",4
"sim_39",4
"sim_39",4
"sim_39",4
"sim_39",4
"sim_39",4
"sim_39",4
"sim_39",4
"sim_39",4
"sim_39",4
"sim_39",4
"sim_39",4
"sim_39",4
"sim_39",4
"sim_39",4
"sim_39",4
"sim_39",4
"sim_39",4
"sim_39",4
"sim_39",4
"sim_39",4
"sim_39",4
"sim_39",4
"sim_39",4
"sim_39",4
"sim_39",4
"sim_39",4
"sim_39",4
"sim_39",4
"sim_39",4
"sim_39",4
"sim_39",4
"sim_39",4
"sim_39",4
"sim_39",4
"sim_39",4
"sim_39",4
"sim_39",4
"sim_39",4
"sim_39",4
"sim_39",4
"sim_39",4
"sim_39",4
"sim_39",4
"sim_39",4
"sim_39",4
"sim_39",4
"sim_39",4
"sim_39",4
"sim_39",4
"sim_39",4
"sim_39",4
"sim_39",4
"sim_39",4
"sim_39",4
"sim_39",4
"sim_39",4
"sim_39",4
"sim_39",4
"sim_39",4
"sim_39",4
"sim_39",4
"sim_39",4
"sim_39",4
"sim_39",4
"sim_39",4
"sim_39",4
"sim_39",4
"sim_39",4
"sim_39",4
"sim_39",4
"sim_39",4
"sim_39",4
"sim_39",4
"sim_39",4
"sim_39",4
"sim_39",4
"sim_39",4
"sim_39",4
"sim_39",4
"sim_39",4
"sim_39",4
"sim_39",4
"sim_39",4
"sim_39",4
"sim_39",4
"sim_39",4
"sim_39",4
"sim_39",4
"sim_39",4
"sim_39",4
"sim_39",4
"sim_39",4
"sim_39",4
"sim_39",4
"sim_39",4
"sim_39",4
"sim_39",4
"sim_39",4
"sim_39",4
"sim_39",5
"sim_39",5
"sim_39",5
"sim_39",5
"sim_39",5
"sim_39",5
"sim_39",5
"sim_39",5
"sim_39",5
"sim_39",5
"sim_39",5
"sim_39",5
"sim_39",5
"sim_39",5
"sim_39",5
"sim_39",5
"sim_39",5
"sim_39",5
"sim_39",5
"sim_39",5
"sim_39",5
"sim_39",5
"sim_39",5
"sim_39",5
"sim_39",5
"sim_39",5
"sim_39",5
"sim_39",5
"sim_39",5
"sim_39",5
"sim_39",5
"sim_39",5
"sim_39",5
"sim_39",5
"sim_39",5
"sim_39",5
"sim_39",5
"sim_39",5
"sim_39",5
"sim_39",5
"sim_39",5
"sim_39",5
"sim_39",5
"sim_39",5
"sim_39",5
"sim_39",5
"sim_39",5
"sim_39",5
"sim_39",5
"sim_39",5
"sim_39",5
"sim_39",5
"sim_39",5
"sim_39",5
"sim_39",5
"sim_39",5
"sim_39",5
"sim_39",5
"sim_39",5
"sim_39",5
"sim_39",5
"sim_39",5
"sim_39",5
"sim_39",5
"sim_39",5
"sim_39",5
"sim_39",5
"sim_39",5
"sim_39",5
"sim_39",5
"sim_39",5
"sim_39",5
"sim_39",5
"sim_39",5
"sim_39",5
"sim_39",5
"sim_39",5
"sim_39",5
"sim_39",5
"sim_39",5
"sim_39",5
"sim_39",5
"sim_39",5
"sim_39",5
"sim_39",5
"sim_39",5
"sim_39",5
"sim_39",5
"sim_39",5
"sim_39",5
"sim_39",5
"sim_39",5
"sim_39",5
"sim_39",5
"sim_39",5
"sim_39",5
"sim_39",5
"sim_39",5
"sim_39",5
"sim_39",5
"sim_39",5
"sim_39",5
"sim_39",5
"sim_39",5
"sim_39",5
"sim_39",5
"sim_39",5
"sim_39",5
"sim_39",5
"sim_39",5
"sim_39",5
"sim_39",5
"sim_39",5
"sim_39",5
"sim_39",5
"sim_39",5
"sim_39",5
"sim_39",5
"sim_39",5
"sim_39",5
"sim_39",6
"sim_39",6
"sim_39",6
"sim_39",6
"sim_39",6
"sim_39",6
"sim_39",6
"sim_39",6
"sim_39",6
"sim_39",6
"sim_39",6
"sim_39",6
"sim_39",6
"sim_39",6
"sim_39",6
"sim_39",6
"sim_39",6
"sim_39",6
"sim_39",6
"sim_39",6
"sim_39",6
"sim_39",6
"sim_39",6
"sim_39",6
"sim_39",6
"sim_39",7
"sim_39",7
"sim_39",7
"sim_39",7
"sim_39",7
"sim_39",7
"sim_39",7
"sim_39",7
"sim_39",7
"sim_39",7
"sim_39",7
"sim_39",7
"sim_39",7
"sim_39",7
"sim_39",7
"sim_39",7
"sim_39",7
"sim_39",7
"sim_39",7
"sim_39",7
"sim_39",7
"sim_39",7
"sim_39",7
"sim_39",7
"sim_39",7
"sim_39",7
"sim_39",8
"sim_39",8
"sim_39",8
"sim_39",8
"sim_39",8
"sim_39",8
"sim_39",8
"sim_39",8
"sim_39",8
"sim_39",8
"sim_39",8
"sim_39",8
"sim_39",9
"sim_39",9
"sim_39",9
"sim_39",10
"sim_39",10
"sim_39",10
"sim_39",10
"sim_39",10
"sim_39",10
"sim_39",10
"sim_39",10
"sim_39",10
"sim_39",11
"sim_39",11
"sim_39",12
"sim_39",13
"sim_40",4
"sim_40",4
"sim_40",4
"sim_40",4
"sim_40",4
"sim_40",4
"sim_40",4
"sim_40",4
"sim_40",4
"sim_40",4
"sim_40",4
"sim_40",4
"sim_40",4
"sim_40",4
"sim_40",4
"sim_40",4
"sim_40",4
"sim_40",4
"sim_40",4
"sim_40",4
"sim_40",4
"sim_40",4
"sim_40",4
"sim_40",4
"sim_40",4
"sim_40",4
"sim_40",4
"sim_40",4
"sim_40",4
"sim_40",4
"sim_40",4
"sim_40",4
"sim_40",4
"sim_40",4
"sim_40",4
"sim_40",4
"sim_40",4
"sim_40",4
"sim_40",4
"sim_40",4
"sim_40",4
"sim_40",4
"sim_40",4
"sim_40",4
"sim_40",4
"sim_40",4
"sim_40",4
"sim_40",4
"sim_40",4
"sim_40",4
"sim_40",4
"sim_40",4
"sim_40",4
"sim_40",4
"sim_40",4
"sim_40",4
"sim_40",4
"sim_40",4
"sim_40",4
"sim_40",4
"sim_40",4
"sim_40",4
"sim_40",4
"sim_40",4
"sim_40",4
"sim_40",4
"sim_40",4
"sim_40",4
"sim_40",4
"sim_40",4
"sim_40",4
"sim_40",4
"sim_40",4
"sim_40",4
"sim_40",4
"sim_40",4
"sim_40",4
"sim_40",4
"sim_40",4
"sim_40",4
"sim_40",4
"sim_40",4
"sim_40",4
"sim_40",4
"sim_40",4
"sim_40",4
"sim_40",4
"sim_40",4
"sim_40",4
"sim_40",4
"sim_40",4
"sim_40",4
"sim_40",4
"sim_40",4
"sim_40",4
"sim_40",4
"sim_40",4
"sim_40",4
"sim_40",4
"sim_40",4
"sim_40",4
"sim_40",4
"sim_40",4
"sim_40",4
"sim_40",4
"sim_40",4
"sim_40",4
"sim_40",4
"sim_40",4
"sim_40",4
"sim_40",4
"sim_40",4
"sim_40",4
"sim_40",4
"sim_40",4
"sim_40",4
"sim_40",4
"sim_40",4
"sim_40",4
"sim_40",4
"sim_40",4
"sim_40",4
"sim_40",4
"sim_40",4
"sim_40",4
"sim_40",4
"sim_40",4
"sim_40",4
"sim_40",4
"sim_40",4
"sim_40",4
"sim_40",4
"sim_40",4
"sim_40",4
"sim_40",4
"sim_40",4
"sim_40",4
"sim_40",4
"sim_40",4
"sim_40",4
"sim_40",4
"sim_40",4
"sim_40",4
"sim_40",4
"sim_40",4
"sim_40",4
"sim_40",4
"sim_40",4
"sim_40",4
"sim_40",4
"sim_40",4
"sim_40",4
"sim_40",4
"sim_40",4
"sim_40",4
"sim_40",4
"sim_40",4
"sim_40",4
"sim_40",4
"sim_40",4
"sim_40",4
"sim_40",4
"sim_40",4
"sim_40",4
"sim_40",4
"sim_40",4
"sim_40",4
"sim_40",4
"sim_40",4
"sim_40",4
"sim_40",4
"sim_40",4
"sim_40",4
"sim_40",4
"sim_40",4
"sim_40",4
"sim_40",4
"sim_40",4
"sim_40",4
"sim_40",4
"sim_40",4
"sim_40",4
"sim_40",4
"sim_40",4
"sim_40",4
"sim_40",4
"sim_40",4
"sim_40",4
"sim_40",4
"sim_40",4
"sim_40",4
"sim_40",4
"sim_40",4
"sim_40",4
"sim_40",4
"sim_40",4
"sim_40",4
"sim_40",4
"sim_40",4
"sim_40",4
"sim_40",4
"sim_40",4
"sim_40",4
"sim_40",4
"sim_40",4
"sim_40",4
"sim_40",4
"sim_40",4
"sim_40",4
"sim_40",4
"sim_40",4
"sim_40",4
"sim_40",4
"sim_40",4
"sim_40",4
"sim_40",4
"sim_40",4
"sim_40",4
"sim_40",4
"sim_40",4
"sim_40",4
"sim_40",4
"sim_40",4
"sim_40",4
"sim_40",4
"sim_40",4
"sim_40",4
"sim_40",4
"sim_40",4
"sim_40",4
"sim_40",4
"sim_40",4
"sim_40",4
"sim_40",4
"sim_40",4
"sim_40",4
"sim_40",4
"sim_40",4
"sim_40",4
"sim_40",4
"sim_40",4
"sim_40",4
"sim_40",4
"sim_40",4
"sim_40",4
"sim_40",4
"sim_40",4
"sim_40",4
"sim_40",4
"sim_40",4
"sim_40",4
"sim_40",4
"sim_40",4
"sim_40",4
"sim_40",4
"sim_40",4
"sim_40",4
"sim_40",4
"sim_40",4
"sim_40",4
"sim_40",4
"sim_40",4
"sim_40",4
"sim_40",4
"sim_40",4
"sim_40",4
"sim_40",4
"sim_40",4
"sim_40",4
"sim_40",4
"sim_40",4
"sim_40",4
"sim_40",4
"sim_40",4
"sim_40",4
"sim_40",4
"sim_40",4
"sim_40",4
"sim_40",4
"sim_40",4
"sim_40",4
"sim_40",4
"sim_40",4
"sim_40",4
"sim_40",4
"sim_40",4
"sim_40",4
"sim_40",4
"sim_40",4
"sim_40",4
"sim_40",4
"sim_40",4
"sim_40",4
"sim_40",4
"sim_40",4
"sim_40",4
"sim_40",4
"sim_40",4
"sim_40",4
"sim_40",4
"sim_40",4
"sim_40",4
"sim_40",4
"sim_40",4
"sim_40",4
"sim_40",4
"sim_40",4
"sim_40",4
"sim_40",4
"sim_40",4
"sim_40",4
"sim_40",4
"sim_40",4
"sim_40",4
"sim_40",4
"sim_40",4
"sim_40",4
"sim_40",4
"sim_40",4
"sim_40",4
"sim_40",4
"sim_40",4
"sim_40",4
"sim_40",4
"sim_40",4
"sim_40",4
"sim_40",4
"sim_40",4
"sim_40",4
"sim_40",4
"sim_40",4
"sim_40",4
"sim_40",4
"sim_40",4
"sim_40",4
"sim_40",4
"sim_40",4
"sim_40",4
"sim_40",4
"sim_40",4
"sim_40",4
"sim_40",4
"sim_40",4
"sim_40",4
"sim_40",4
"sim_40",4
"sim_40",4
"sim_40",4
"sim_40",4
"sim_40",4
"sim_40",4
"sim_40",4
"sim_40",4
"sim_40",4
"sim_40",4
"sim_40",4
"sim_40",4
"sim_40",4
"sim_40",4
"sim_40",4
"sim_40",4
"sim_40",4
"sim_40",4
"sim_40",4
"sim_40",4
"sim_40",4
"sim_40",4
"sim_40",4
"sim_40",4
"sim_40",4
"sim_40",4
"sim_40",4
"sim_40",4
"sim_40",5
"sim_40",5
"sim_40",5
"sim_40",5
"sim_40",5
"sim_40",5
"sim_40",5
"sim_40",5
"sim_40",5
"sim_40",5
"sim_40",5
"sim_40",5
"sim_40",5
"sim_40",5
"sim_40",5
"sim_40",5
"sim_40",5
"sim_40",5
"sim_40",5
"sim_40",5
"sim_40",5
"sim_40",5
"sim_40",5
"sim_40",5
"sim_40",5
"sim_40",5
"sim_40",5
"sim_40",5
"sim_40",5
"sim_40",5
"sim_40",5
"sim_40",5
"sim_40",5
"sim_40",5
"sim_40",5
"sim_40",5
"sim_40",5
"sim_40",5
"sim_40",5
"sim_40",5
"sim_40",5
"sim_40",5
"sim_40",5
"sim_40",5
"sim_40",5
"sim_40",5
"sim_40",5
"sim_40",5
"sim_40",5
"sim_40",5
"sim_40",5
"sim_40",5
"sim_40",5
"sim_40",5
"sim_40",5
"sim_40",5
"sim_40",5
"sim_40",5
"sim_40",5
"sim_40",5
"sim_40",5
"sim_40",5
"sim_40",5
"sim_40",5
"sim_40",5
"sim_40",5
"sim_40",5
"sim_40",5
"sim_40",5
"sim_40",5
"sim_40",5
"sim_40",5
"sim_40",5
"sim_40",5
"sim_40",5
"sim_40",5
"sim_40",5
"sim_40",5
"sim_40",5
"sim_40",5
"sim_40",5
"sim_40",5
"sim_40",5
"sim_40",5
"sim_40",5
"sim_40",5
"sim_40",5
"sim_40",5
"sim_40",5
"sim_40",5
"sim_40",5
"sim_40",5
"sim_40",5
"sim_40",5
"sim_40",5
"sim_40",5
"sim_40",5
"sim_40",5
"sim_40",5
"sim_40",5
"sim_40",5
"sim_40",5
"sim_40",5
"sim_40",6
"sim_40",6
"sim_40",6
"sim_40",6
"sim_40",6
"sim_40",6
"sim_40",6
"sim_40",6
"sim_40",6
"sim_40",6
"sim_40",6
"sim_40",6
"sim_40",6
"sim_40",6
"sim_40",6
"sim_40",6
"sim_40",6
"sim_40",6
"sim_40",6
"sim_40",6
"sim_40",6
"sim_40",6
"sim_40",6
"sim_40",6
"sim_40",6
"sim_40",6
"sim_40",6
"sim_40",6
"sim_40",6
"sim_40",6
"sim_40",6
"sim_40",6
"sim_40",7
"sim_40",7
"sim_40",7
"sim_40",7
"sim_40",7
"sim_40",7
"sim_40",7
"sim_40",7
"sim_40",7
"sim_40",7
"sim_40",7
"sim_40",7
"sim_40",7
"sim_40",7
"sim_40",7
"sim_40",7
"sim_40",7
"sim_40",7
"sim_40",7
"sim_40",7
"sim_40",7
"sim_40",7
"sim_40",7
"sim_40",7
"sim_40",7
"sim_40",8
"sim_40",8
"sim_40",8
"sim_40",8
"sim_40",8
"sim_40",8
"sim_40",8
"sim_40",8
"sim_40",8
"sim_40",8
"sim_40",8
"sim_40",8
"sim_40",8
"sim_40",9
"sim_40",9
"sim_40",9
"sim_40",9
"sim_40",9
"sim_40",10
"sim_40",10
"sim_40",11
"sim_40",11
"sim_40",12
"sim_40",12
"sim_40",12
"sim_40",12
"sim_40",12
"sim_40",12
"sim_40",12
"sim_40",13
"sim_40",13
"sim_40",13
"sim_40",14
"sim_41",4
"sim_41",4
"sim_41",4
"sim_41",4
"sim_41",4
"sim_41",4
"sim_41",4
"sim_41",4
"sim_41",4
"sim_41",4
"sim_41",4
"sim_41",4
"sim_41",4
"sim_41",4
"sim_41",4
"sim_41",4
"sim_41",4
"sim_41",4
"sim_41",4
"sim_41",4
"sim_41",4
"sim_41",4
"sim_41",4
"sim_41",4
"sim_41",4
"sim_41",4
"sim_41",4
"sim_41",4
"sim_41",4
"sim_41",4
"sim_41",4
"sim_41",4
"sim_41",4
"sim_41",4
"sim_41",4
"sim_41",4
"sim_41",4
"sim_41",4
"sim_41",4
"sim_41",4
"sim_41",4
"sim_41",4
"sim_41",4
"sim_41",4
"sim_41",4
"sim_41",4
"sim_41",4
"sim_41",4
"sim_41",4
"sim_41",4
"sim_41",4
"sim_41",4
"sim_41",4
"sim_41",4
"sim_41",4
"sim_41",4
"sim_41",4
"sim_41",4
"sim_41",4
"sim_41",4
"sim_41",4
"sim_41",4
"sim_41",4
"sim_41",4
"sim_41",4
"sim_41",4
"sim_41",4
"sim_41",4
"sim_41",4
"sim_41",4
"sim_41",4
"sim_41",4
"sim_41",4
"sim_41",4
"sim_41",4
"sim_41",4
"sim_41",4
"sim_41",4
"sim_41",4
"sim_41",4
"sim_41",4
"sim_41",4
"sim_41",4
"sim_41",4
"sim_41",4
"sim_41",4
"sim_41",4
"sim_41",4
"sim_41",4
"sim_41",4
"sim_41",4
"sim_41",4
"sim_41",4
"sim_41",4
"sim_41",4
"sim_41",4
"sim_41",4
"sim_41",4
"sim_41",4
"sim_41",4
"sim_41",4
"sim_41",4
"sim_41",4
"sim_41",4
"sim_41",4
"sim_41",4
"sim_41",4
"sim_41",4
"sim_41",4
"sim_41",4
"sim_41",4
"sim_41",4
"sim_41",4
"sim_41",4
"sim_41",4
"sim_41",4
"sim_41",4
"sim_41",4
"sim_41",4
"sim_41",4
"sim_41",4
"sim_41",4
"sim_41",4
"sim_41",4
"sim_41",4
"sim_41",4
"sim_41",4
"sim_41",4
"sim_41",4
"sim_41",4
"sim_41",4
"sim_41",4
"sim_41",4
"sim_41",4
"sim_41",4
"sim_41",4
"sim_41",4
"sim_41",4
"sim_41",4
"sim_41",4
"sim_41",4
"sim_41",4
"sim_41",4
"sim_41",4
"sim_41",4
"sim_41",4
"sim_41",4
"sim_41",4
"sim_41",4
"sim_41",4
"sim_41",4
"sim_41",4
"sim_41",4
"sim_41",4
"sim_41",4
"sim_41",4
"sim_41",4
"sim_41",4
"sim_41",4
"sim_41",4
"sim_41",4
"sim_41",4
"sim_41",4
"sim_41",4
"sim_41",4
"sim_41",4
"sim_41",4
"sim_41",4
"sim_41",4
"sim_41",4
"sim_41",4
"sim_41",4
"sim_41",4
"sim_41",4
"sim_41",4
"sim_41",4
"sim_41",4
"sim_41",4
"sim_41",4
"sim_41",4
"sim_41",4
"sim_41",4
"sim_41",4
"sim_41",4
"sim_41",4
"sim_41",4
"sim_41",4
"sim_41",4
"sim_41",4
"sim_41",4
"sim_41",4
"sim_41",4
"sim_41",4
"sim_41",4
"sim_41",4
"sim_41",4
"sim_41",4
"sim_41",4
"sim_41",4
"sim_41",4
"sim_41",4
"sim_41",4
"sim_41",4
"sim_41",4
"sim_41",4
"sim_41",4
"sim_41",4
"sim_41",4
"sim_41",4
"sim_41",4
"sim_41",4
"sim_41",4
"sim_41",4
"sim_41",4
"sim_41",4
"sim_41",4
"sim_41",4
"sim_41",4
"sim_41",4
"sim_41",4
"sim_41",4
"sim_41",4
"sim_41",4
"sim_41",4
"sim_41",4
"sim_41",4
"sim_41",4
"sim_41",4
"sim_41",4
"sim_41",4
"sim_41",4
"sim_41",4
"sim_41",4
"sim_41",4
"sim_41",4
"sim_41",4
"sim_41",4
"sim_41",4
"sim_41",4
"sim_41",4
"sim_41",4
"sim_41",4
"sim_41",4
"sim_41",4
"sim_41",4
"sim_41",4
"sim_41",4
"sim_41",4
"sim_41",4
"sim_41",4
"sim_41",4
"sim_41",4
"sim_41",4
"sim_41",4
"sim_41",4
"sim_41",4
"sim_41",4
"sim_41",4
"sim_41",4
"sim_41",4
"sim_41",4
"sim_41",4
"sim_41",4
"sim_41",4
"sim_41",4
"sim_41",4
"sim_41",4
"sim_41",4
"sim_41",4
"sim_41",4
"sim_41",4
"sim_41",4
"sim_41",4
"sim_41",4
"sim_41",4
"sim_41",4
"sim_41",4
"sim_41",4
"sim_41",4
"sim_41",4
"sim_41",4
"sim_41",4
"sim_41",4
"sim_41",4
"sim_41",4
"sim_41",4
"sim_41",4
"sim_41",4
"sim_41",4
"sim_41",4
"sim_41",4
"sim_41",4
"sim_41",4
"sim_41",4
"sim_41",4
"sim_41",4
"sim_41",4
"sim_41",4
"sim_41",4
"sim_41",4
"sim_41",4
"sim_41",4
"sim_41",4
"sim_41",4
"sim_41",4
"sim_41",4
"sim_41",4
"sim_41",4
"sim_41",4
"sim_41",4
"sim_41",4
"sim_41",4
"sim_41",4
"sim_41",4
"sim_41",4
"sim_41",4
"sim_41",4
"sim_41",4
"sim_41",4
"sim_41",4
"sim_41",4
"sim_41",4
"sim_41",4
"sim_41",4
"sim_41",4
"sim_41",4
"sim_41",4
"sim_41",4
"sim_41",4
"sim_41",4
"sim_41",4
"sim_41",4
"sim_41",4
"sim_41",4
"sim_41",4
"sim_41",4
"sim_41",4
"sim_41",4
"sim_41",4
"sim_41",4
"sim_41",4
"sim_41",4
"sim_41",4
"sim_41",4
"sim_41",4
"sim_41",4
"sim_41",4
"sim_41",4
"sim_41",4
"sim_41",4
"sim_41",4
"sim_41",4
"sim_41",4
"sim_41",4
"sim_41",4
"sim_41",4
"sim_41",5
"sim_41",5
"sim_41",5
"sim_41",5
"sim_41",5
"sim_41",5
"sim_41",5
"sim_41",5
"sim_41",5
"sim_41",5
"sim_41",5
"sim_41",5
"sim_41",5
"sim_41",5
"sim_41",5
"sim_41",5
"sim_41",5
"sim_41",5
"sim_41",5
"sim_41",5
"sim_41",5
"sim_41",5
"sim_41",5
"sim_41",5
"sim_41",5
"sim_41",5
"sim_41",5
"sim_41",5
"sim_41",5
"sim_41",5
"sim_41",5
"sim_41",5
"sim_41",5
"sim_41",5
"sim_41",5
"sim_41",5
"sim_41",5
"sim_41",5
"sim_41",5
"sim_41",5
"sim_41",5
"sim_41",5
"sim_41",5
"sim_41",5
"sim_41",5
"sim_41",5
"sim_41",5
"sim_41",5
"sim_41",5
"sim_41",5
"sim_41",5
"sim_41",5
"sim_41",5
"sim_41",5
"sim_41",5
"sim_41",5
"sim_41",5
"sim_41",5
"sim_41",5
"sim_41",5
"sim_41",5
"sim_41",5
"sim_41",5
"sim_41",5
"sim_41",5
"sim_41",5
"sim_41",5
"sim_41",5
"sim_41",5
"sim_41",5
"sim_41",5
"sim_41",5
"sim_41",5
"sim_41",5
"sim_41",5
"sim_41",5
"sim_41",5
"sim_41",5
"sim_41",5
"sim_41",5
"sim_41",5
"sim_41",5
"sim_41",5
"sim_41",5
"sim_41",5
"sim_41",5
"sim_41",5
"sim_41",5
"sim_41",5
"sim_41",5
"sim_41",5
"sim_41",5
"sim_41",5
"sim_41",5
"sim_41",5
"sim_41",5
"sim_41",5
"sim_41",5
"sim_41",5
"sim_41",5
"sim_41",5
"sim_41",5
"sim_41",5
"sim_41",5
"sim_41",6
"sim_41",6
"sim_41",6
"sim_41",6
"sim_41",6
"sim_41",6
"sim_41",6
"sim_41",6
"sim_41",6
"sim_41",6
"sim_41",6
"sim_41",6
"sim_41",6
"sim_41",6
"sim_41",6
"sim_41",6
"sim_41",6
"sim_41",6
"sim_41",6
"sim_41",6
"sim_41",6
"sim_41",6
"sim_41",6
"sim_41",6
"sim_41",6
"sim_41",6
"sim_41",6
"sim_41",6
"sim_41",6
"sim_41",6
"sim_41",6
"sim_41",6
"sim_41",6
"sim_41",6
"sim_41",6
"sim_41",6
"sim_41",6
"sim_41",6
"sim_41",6
"sim_41",6
"sim_41",6
"sim_41",7
"sim_41",7
"sim_41",7
"sim_41",7
"sim_41",7
"sim_41",7
"sim_41",7
"sim_41",7
"sim_41",7
"sim_41",7
"sim_41",7
"sim_41",7
"sim_41",7
"sim_41",7
"sim_41",7
"sim_41",7
"sim_41",7
"sim_41",7
"sim_41",7
"sim_41",7
"sim_41",7
"sim_41",7
"sim_41",7
"sim_41",7
"sim_41",7
"sim_41",7
"sim_41",7
"sim_41",7
"sim_41",7
"sim_41",8
"sim_41",8
"sim_41",8
"sim_41",8
"sim_41",8
"sim_41",8
"sim_41",8
"sim_41",8
"sim_41",9
"sim_41",9
"sim_41",9
"sim_41",9
"sim_41",10
"sim_41",10
"sim_41",10
"sim_41",11
"sim_41",11
"sim_41",12
"sim_41",12
"sim_41",12
"sim_41",13
"sim_41",13
"sim_41",13
"sim_41",13
"sim_41",13
"sim_41",13
"sim_41",13
"sim_41",13
"sim_41",13
"sim_41",13
"sim_41",14
"sim_41",15
"sim_41",16
"sim_41",16
"sim_41",17
"sim_41",19
"sim_42",4
"sim_42",4
"sim_42",4
"sim_42",4
"sim_42",4
"sim_42",4
"sim_42",4
"sim_42",4
"sim_42",4
"sim_42",4
"sim_42",4
"sim_42",4
"sim_42",4
"sim_42",4
"sim_42",4
"sim_42",4
"sim_42",4
"sim_42",4
"sim_42",4
"sim_42",4
"sim_42",4
"sim_42",4
"sim_42",4
"sim_42",4
"sim_42",4
"sim_42",4
"sim_42",4
"sim_42",4
"sim_42",4
"sim_42",4
"sim_42",4
"sim_42",4
"sim_42",4
"sim_42",4
"sim_42",4
"sim_42",4
"sim_42",4
"sim_42",4
"sim_42",4
"sim_42",4
"sim_42",4
"sim_42",4
"sim_42",4
"sim_42",4
"sim_42",4
"sim_42",4
"sim_42",4
"sim_42",4
"sim_42",4
"sim_42",4
"sim_42",4
"sim_42",4
"sim_42",4
"sim_42",4
"sim_42",4
"sim_42",4
"sim_42",4
"sim_42",4
"sim_42",4
"sim_42",4
"sim_42",4
"sim_42",4
"sim_42",4
"sim_42",4
"sim_42",4
"sim_42",4
"sim_42",4
"sim_42",4
"sim_42",4
"sim_42",4
"sim_42",4
"sim_42",4
"sim_42",4
"sim_42",4
"sim_42",4
"sim_42",4
"sim_42",4
"sim_42",4
"sim_42",4
"sim_42",4
"sim_42",4
"sim_42",4
"sim_42",4
"sim_42",4
"sim_42",4
"sim_42",4
"sim_42",4
"sim_42",4
"sim_42",4
"sim_42",4
"sim_42",4
"sim_42",4
"sim_42",4
"sim_42",4
"sim_42",4
"sim_42",4
"sim_42",4
"sim_42",4
"sim_42",4
"sim_42",4
"sim_42",4
"sim_42",4
"sim_42",4
"sim_42",4
"sim_42",4
"sim_42",4
"sim_42",4
"sim_42",4
"sim_42",4
"sim_42",4
"sim_42",4
"sim_42",4
"sim_42",4
"sim_42",4
"sim_42",4
"sim_42",4
"sim_42",4
"sim_42",4
"sim_42",4
"sim_42",4
"sim_42",4
"sim_42",4
"sim_42",4
"sim_42",4
"sim_42",4
"sim_42",4
"sim_42",4
"sim_42",4
"sim_42",4
"sim_42",4
"sim_42",4
"sim_42",4
"sim_42",4
"sim_42",4
"sim_42",4
"sim_42",4
"sim_42",4
"sim_42",4
"sim_42",4
"sim_42",4
"sim_42",4
"sim_42",4
"sim_42",4
"sim_42",4
"sim_42",4
"sim_42",4
"sim_42",4
"sim_42",4
"sim_42",4
"sim_42",4
"sim_42",4
"sim_42",4
"sim_42",4
"sim_42",4
"sim_42",4
"sim_42",4
"sim_42",4
"sim_42",4
"sim_42",4
"sim_42",4
"sim_42",4
"sim_42",4
"sim_42",4
"sim_42",4
"sim_42",4
"sim_42",4
"sim_42",4
"sim_42",4
"sim_42",4
"sim_42",4
"sim_42",4
"sim_42",4
"sim_42",4
"sim_42",4
"sim_42",4
"sim_42",4
"sim_42",4
"sim_42",4
"sim_42",4
"sim_42",4
"sim_42",4
"sim_42",4
"sim_42",4
"sim_42",4
"sim_42",4
"sim_42",4
"sim_42",4
"sim_42",4
"sim_42",4
"sim_42",4
"sim_42",4
"sim_42",4
"sim_42",4
"sim_42",4
"sim_42",4
"sim_42",4
"sim_42",4
"sim_42",4
"sim_42",4
"sim_42",4
"sim_42",4
"sim_42",4
"sim_42",4
"sim_42",4
"sim_42",4
"sim_42",4
"sim_42",4
"sim_42",4
"sim_42",4
"sim_42",4
"sim_42",4
"sim_42",4
"sim_42",4
"sim_42",4
"sim_42",4
"sim_42",4
"sim_42",4
"sim_42",4
"sim_42",4
"sim_42",4
"sim_42",4
"sim_42",4
"sim_42",4
"sim_42",4
"sim_42",4
"sim_42",4
"sim_42",4
"sim_42",4
"sim_42",4
"sim_42",4
"sim_42",4
"sim_42",4
"sim_42",4
"sim_42",4
"sim_42",4
"sim_42",4
"sim_42",4
"sim_42",4
"sim_42",4
"sim_42",4
"sim_42",4
"sim_42",4
"sim_42",4
"sim_42",4
"sim_42",4
"sim_42",4
"sim_42",4
"sim_42",4
"sim_42",4
"sim_42",4
"sim_42",4
"sim_42",4
"sim_42",4
"sim_42",4
"sim_42",4
"sim_42",4
"sim_42",4
"sim_42",4
"sim_42",4
"sim_42",4
"sim_42",4
"sim_42",4
"sim_42",4
"sim_42",4
"sim_42",4
"sim_42",4
"sim_42",4
"sim_42",4
"sim_42",4
"sim_42",4
"sim_42",4
"sim_42",4
"sim_42",4
"sim_42",4
"sim_42",4
"sim_42",4
"sim_42",4
"sim_42",4
"sim_42",4
"sim_42",4
"sim_42",4
"sim_42",4
"sim_42",4
"sim_42",4
"sim_42",4
"sim_42",4
"sim_42",4
"sim_42",4
"sim_42",4
"sim_42",4
"sim_42",4
"sim_42",4
"sim_42",4
"sim_42",4
"sim_42",4
"sim_42",4
"sim_42",4
"sim_42",4
"sim_42",4
"sim_42",4
"sim_42",4
"sim_42",4
"sim_42",4
"sim_42",4
"sim_42",4
"sim_42",4
"sim_42",4
"sim_42",4
"sim_42",4
"sim_42",4
"sim_42",4
"sim_42",4
"sim_42",4
"sim_42",4
"sim_42",4
"sim_42",4
"sim_42",4
"sim_42",4
"sim_42",4
"sim_42",4
"sim_42",4
"sim_42",4
"sim_42",4
"sim_42",4
"sim_42",4
"sim_42",4
"sim_42",4
"sim_42",4
"sim_42",4
"sim_42",4
"sim_42",4
"sim_42",4
"sim_42",4
"sim_42",4
"sim_42",4
"sim_42",4
"sim_42",4
"sim_42",4
"sim_42",4
"sim_42",4
"sim_42",4
"sim_42",4
"sim_42",4
"sim_42",4
"sim_42",4
"sim_42",4
"sim_42",4
"sim_42",4
"sim_42",4
"sim_42",4
"sim_42",4
"sim_42",4
"sim_42",4
"sim_42",4
"sim_42",4
"sim_42",4
"sim_42",4
"sim_42",4
"sim_42",4
"sim_42",4
"sim_42",4
"sim_42",4
"sim_42",4
"sim_42",4
"sim_42",5
"sim_42",5
"sim_42",5
"sim_42",5
"sim_42",5
"sim_42",5
"sim_42",5
"sim_42",5
"sim_42",5
"sim_42",5
"sim_42",5
"sim_42",5
"sim_42",5
"sim_42",5
"sim_42",5
"sim_42",5
"sim_42",5
"sim_42",5
"sim_42",5
"sim_42",5
"sim_42",5
"sim_42",5
"sim_42",5
"sim_42",5
"sim_42",5
"sim_42",5
"sim_42",5
"sim_42",5
"sim_42",5
"sim_42",5
"sim_42",5
"sim_42",5
"sim_42",5
"sim_42",5
"sim_42",5
"sim_42",5
"sim_42",5
"sim_42",5
"sim_42",5
"sim_42",5
"sim_42",5
"sim_42",5
"sim_42",5
"sim_42",5
"sim_42",5
"sim_42",5
"sim_42",5
"sim_42",5
"sim_42",5
"sim_42",5
"sim_42",5
"sim_42",5
"sim_42",5
"sim_42",5
"sim_42",5
"sim_42",5
"sim_42",5
"sim_42",5
"sim_42",5
"sim_42",5
"sim_42",5
"sim_42",5
"sim_42",5
"sim_42",5
"sim_42",5
"sim_42",5
"sim_42",5
"sim_42",5
"sim_42",5
"sim_42",5
"sim_42",5
"sim_42",5
"sim_42",5
"sim_42",5
"sim_42",5
"sim_42",5
"sim_42",5
"sim_42",5
"sim_42",5
"sim_42",5
"sim_42",5
"sim_42",5
"sim_42",5
"sim_42",5
"sim_42",5
"sim_42",5
"sim_42",5
"sim_42",5
"sim_42",5
"sim_42",5
"sim_42",6
"sim_42",6
"sim_42",6
"sim_42",6
"sim_42",6
"sim_42",6
"sim_42",6
"sim_42",6
"sim_42",6
"sim_42",6
"sim_42",6
"sim_42",6
"sim_42",6
"sim_42",6
"sim_42",6
"sim_42",6
"sim_42",6
"sim_42",6
"sim_42",6
"sim_42",6
"sim_42",6
"sim_42",6
"sim_42",6
"sim_42",6
"sim_42",6
"sim_42",6
"sim_42",6
"sim_42",6
"sim_42",6
"sim_42",6
"sim_42",6
"sim_42",6
"sim_42",6
"sim_42",6
"sim_42",6
"sim_42",6
"sim_42",6
"sim_42",6
"sim_42",6
"sim_42",6
"sim_42",6
"sim_42",6
"sim_42",6
"sim_42",6
"sim_42",7
"sim_42",7
"sim_42",7
"sim_42",7
"sim_42",7
"sim_42",7
"sim_42",7
"sim_42",7
"sim_42",7
"sim_42",7
"sim_42",7
"sim_42",7
"sim_42",7
"sim_42",7
"sim_42",7
"sim_42",7
"sim_42",7
"sim_42",7
"sim_42",7
"sim_42",7
"sim_42",7
"sim_42",8
"sim_42",8
"sim_42",8
"sim_42",8
"sim_42",8
"sim_42",8
"sim_42",8
"sim_42",8
"sim_42",8
"sim_42",8
"sim_42",8
"sim_42",8
"sim_42",8
"sim_42",8
"sim_42",8
"sim_42",8
"sim_42",8
"sim_42",8
"sim_42",8
"sim_42",8
"sim_42",8
"sim_42",8
"sim_42",8
"sim_42",8
"sim_42",9
"sim_42",9
"sim_42",9
"sim_42",9
"sim_42",9
"sim_42",9
"sim_42",9
"sim_42",9
"sim_42",9
"sim_42",9
"sim_42",10
"sim_42",10
"sim_42",10
"sim_42",10
"sim_42",10
"sim_42",10
"sim_42",10
"sim_42",12
"sim_42",12
"sim_42",13
"sim_42",13
"sim_42",14
"sim_42",15
"sim_43",4
"sim_43",4
"sim_43",4
"sim_43",4
"sim_43",4
"sim_43",4
"sim_43",4
"sim_43",4
"sim_43",4
"sim_43",4
"sim_43",4
"sim_43",4
"sim_43",4
"sim_43",4
"sim_43",4
"sim_43",4
"sim_43",4
"sim_43",4
"sim_43",4
"sim_43",4
"sim_43",4
"sim_43",4
"sim_43",4
"sim_43",4
"sim_43",4
"sim_43",4
"sim_43",4
"sim_43",4
"sim_43",4
"sim_43",4
"sim_43",4
"sim_43",4
"sim_43",4
"sim_43",4
"sim_43",4
"sim_43",4
"sim_43",4
"sim_43",4
"sim_43",4
"sim_43",4
"sim_43",4
"sim_43",4
"sim_43",4
"sim_43",4
"sim_43",4
"sim_43",4
"sim_43",4
"sim_43",4
"sim_43",4
"sim_43",4
"sim_43",4
"sim_43",4
"sim_43",4
"sim_43",4
"sim_43",4
"sim_43",4
"sim_43",4
"sim_43",4
"sim_43",4
"sim_43",4
"sim_43",4
"sim_43",4
"sim_43",4
"sim_43",4
"sim_43",4
"sim_43",4
"sim_43",4
"sim_43",4
"sim_43",4
"sim_43",4
"sim_43",4
"sim_43",4
"sim_43",4
"sim_43",4
"sim_43",4
"sim_43",4
"sim_43",4
"sim_43",4
"sim_43",4
"sim_43",4
"sim_43",4
"sim_43",4
"sim_43",4
"sim_43",4
"sim_43",4
"sim_43",4
"sim_43",4
"sim_43",4
"sim_43",4
"sim_43",4
"sim_43",4
"sim_43",4
"sim_43",4
"sim_43",4
"sim_43",4
"sim_43",4
"sim_43",4
"sim_43",4
"sim_43",4
"sim_43",4
"sim_43",4
"sim_43",4
"sim_43",4
"sim_43",4
"sim_43",4
"sim_43",4
"sim_43",4
"sim_43",4
"sim_43",4
"sim_43",4
"sim_43",4
"sim_43",4
"sim_43",4
"sim_43",4
"sim_43",4
"sim_43",4
"sim_43",4
"sim_43",4
"sim_43",4
"sim_43",4
"sim_43",4
"sim_43",4
"sim_43",4
"sim_43",4
"sim_43",4
"sim_43",4
"sim_43",4
"sim_43",4
"sim_43",4
"sim_43",4
"sim_43",4
"sim_43",4
"sim_43",4
"sim_43",4
"sim_43",4
"sim_43",4
"sim_43",4
"sim_43",4
"sim_43",4
"sim_43",4
"sim_43",4
"sim_43",4
"sim_43",4
"sim_43",4
"sim_43",4
"sim_43",4
"sim_43",4
"sim_43",4
"sim_43",4
"sim_43",4
"sim_43",4
"sim_43",4
"sim_43",4
"sim_43",4
"sim_43",4
"sim_43",4
"sim_43",4
"sim_43",4
"sim_43",4
"sim_43",4
"sim_43",4
"sim_43",4
"sim_43",4
"sim_43",4
"sim_43",4
"sim_43",4
"sim_43",4
"sim_43",4
"sim_43",4
"sim_43",4
"sim_43",4
"sim_43",4
"sim_43",4
"sim_43",4
"sim_43",4
"sim_43",4
"sim_43",4
"sim_43",4
"sim_43",4
"sim_43",4
"sim_43",4
"sim_43",4
"sim_43",4
"sim_43",4
"sim_43",4
"sim_43",4
"sim_43",4
"sim_43",4
"sim_43",4
"sim_43",4
"sim_43",4
"sim_43",4
"sim_43",4
"sim_43",4
"sim_43",4
"sim_43",4
"sim_43",4
"sim_43",4
"sim_43",4
"sim_43",4
"sim_43",4
"sim_43",4
"sim_43",4
"sim_43",4
"sim_43",4
"sim_43",4
"sim_43",4
"sim_43",4
"sim_43",4
"sim_43",4
"sim_43",4
"sim_43",4
"sim_43",4
"sim_43",4
"sim_43",4
"sim_43",4
"sim_43",4
"sim_43",4
"sim_43",4
"sim_43",4
"sim_43",4
"sim_43",4
"sim_43",4
"sim_43",4
"sim_43",4
"sim_43",4
"sim_43",4
"sim_43",4
"sim_43",4
"sim_43",4
"sim_43",4
"sim_43",4
"sim_43",4
"sim_43",4
"sim_43",4
"sim_43",4
"sim_43",4
"sim_43",4
"sim_43",4
"sim_43",4
"sim_43",4
"sim_43",4
"sim_43",4
"sim_43",4
"sim_43",4
"sim_43",4
"sim_43",4
"sim_43",4
"sim_43",4
"sim_43",4
"sim_43",4
"sim_43",4
"sim_43",4
"sim_43",4
"sim_43",4
"sim_43",4
"sim_43",4
"sim_43",4
"sim_43",4
"sim_43",4
"sim_43",4
"sim_43",4
"sim_43",4
"sim_43",4
"sim_43",4
"sim_43",4
"sim_43",4
"sim_43",4
"sim_43",4
"sim_43",4
"sim_43",4
"sim_43",4
"sim_43",4
"sim_43",4
"sim_43",4
"sim_43",4
"sim_43",4
"sim_43",4
"sim_43",4
"sim_43",4
"sim_43",4
"sim_43",4
"sim_43",4
"sim_43",4
"sim_43",4
"sim_43",4
"sim_43",4
"sim_43",4
"sim_43",4
"sim_43",4
"sim_43",4
"sim_43",4
"sim_43",4
"sim_43",4
"sim_43",4
"sim_43",4
"sim_43",4
"sim_43",4
"sim_43",4
"sim_43",4
"sim_43",4
"sim_43",4
"sim_43",4
"sim_43",4
"sim_43",4
"sim_43",4
"sim_43",4
"sim_43",4
"sim_43",4
"sim_43",4
"sim_43",4
"sim_43",4
"sim_43",4
"sim_43",4
"sim_43",4
"sim_43",4
"sim_43",4
"sim_43",4
"sim_43",4
"sim_43",4
"sim_43",4
"sim_43",4
"sim_43",4
"sim_43",4
"sim_43",4
"sim_43",4
"sim_43",4
"sim_43",4
"sim_43",4
"sim_43",4
"sim_43",4
"sim_43",4
"sim_43",4
"sim_43",4
"sim_43",4
"sim_43",4
"sim_43",4
"sim_43",4
"sim_43",4
"sim_43",4
"sim_43",4
"sim_43",4
"sim_43",4
"sim_43",4
"sim_43",4
"sim_43",4
"sim_43",4
"sim_43",4
"sim_43",4
"sim_43",4
"sim_43",4
"sim_43",4
"sim_43",4
"sim_43",4
"sim_43",4
"sim_43",4
"sim_43",4
"sim_43",4
"sim_43",4
"sim_43",4
"sim_43",4
"sim_43",4
"sim_43",4
"sim_43",4
"sim_43",4
"sim_43",4
"sim_43",4
"sim_43",4
"sim_43",4
"sim_43",4
"sim_43",4
"sim_43",4
"sim_43",5
"sim_43",5
"sim_43",5
"sim_43",5
"sim_43",5
"sim_43",5
"sim_43",5
"sim_43",5
"sim_43",5
"sim_43",5
"sim_43",5
"sim_43",5
"sim_43",5
"sim_43",5
"sim_43",5
"sim_43",5
"sim_43",5
"sim_43",5
"sim_43",5
"sim_43",5
"sim_43",5
"sim_43",5
"sim_43",5
"sim_43",5
"sim_43",5
"sim_43",5
"sim_43",5
"sim_43",5
"sim_43",5
"sim_43",5
"sim_43",5
"sim_43",5
"sim_43",5
"sim_43",5
"sim_43",5
"sim_43",5
"sim_43",5
"sim_43",5
"sim_43",5
"sim_43",5
"sim_43",5
"sim_43",5
"sim_43",5
"sim_43",5
"sim_43",5
"sim_43",5
"sim_43",5
"sim_43",5
"sim_43",5
"sim_43",5
"sim_43",5
"sim_43",5
"sim_43",5
"sim_43",5
"sim_43",5
"sim_43",5
"sim_43",5
"sim_43",5
"sim_43",5
"sim_43",5
"sim_43",5
"sim_43",5
"sim_43",5
"sim_43",5
"sim_43",5
"sim_43",5
"sim_43",5
"sim_43",5
"sim_43",5
"sim_43",5
"sim_43",5
"sim_43",5
"sim_43",5
"sim_43",5
"sim_43",5
"sim_43",5
"sim_43",5
"sim_43",5
"sim_43",5
"sim_43",5
"sim_43",5
"sim_43",5
"sim_43",5
"sim_43",5
"sim_43",5
"sim_43",5
"sim_43",5
"sim_43",5
"sim_43",5
"sim_43",5
"sim_43",5
"sim_43",5
"sim_43",5
"sim_43",5
"sim_43",5
"sim_43",6
"sim_43",6
"sim_43",6
"sim_43",6
"sim_43",6
"sim_43",6
"sim_43",6
"sim_43",6
"sim_43",6
"sim_43",6
"sim_43",6
"sim_43",6
"sim_43",6
"sim_43",6
"sim_43",6
"sim_43",6
"sim_43",6
"sim_43",6
"sim_43",6
"sim_43",6
"sim_43",6
"sim_43",6
"sim_43",6
"sim_43",6
"sim_43",6
"sim_43",6
"sim_43",6
"sim_43",6
"sim_43",6
"sim_43",6
"sim_43",6
"sim_43",6
"sim_43",6
"sim_43",6
"sim_43",6
"sim_43",6
"sim_43",6
"sim_43",6
"sim_43",6
"sim_43",6
"sim_43",6
"sim_43",6
"sim_43",6
"sim_43",6
"sim_43",6
"sim_43",6
"sim_43",6
"sim_43",6
"sim_43",6
"sim_43",6
"sim_43",7
"sim_43",7
"sim_43",7
"sim_43",7
"sim_43",7
"sim_43",7
"sim_43",7
"sim_43",7
"sim_43",7
"sim_43",7
"sim_43",7
"sim_43",7
"sim_43",7
"sim_43",7
"sim_43",7
"sim_43",7
"sim_43",7
"sim_43",8
"sim_43",8
"sim_43",8
"sim_43",8
"sim_43",8
"sim_43",8
"sim_43",8
"sim_43",8
"sim_43",8
"sim_43",8
"sim_43",8
"sim_43",8
"sim_43",8
"sim_43",8
"sim_43",8
"sim_43",8
"sim_43",8
"sim_43",9
"sim_43",9
"sim_43",11
"sim_43",12
"sim_43",13
"sim_43",14
"sim_43",14
"sim_43",15
"sim_43",15
"sim_43",15
"sim_43",15
"sim_43",15
"sim_43",15
"sim_43",15
"sim_43",17
"sim_44",4
"sim_44",4
"sim_44",4
"sim_44",4
"sim_44",4
"sim_44",4
"sim_44",4
"sim_44",4
"sim_44",4
"sim_44",4
"sim_44",4
"sim_44",4
"sim_44",4
"sim_44",4
"sim_44",4
"sim_44",4
"sim_44",4
"sim_44",4
"sim_44",4
"sim_44",4
"sim_44",4
"sim_44",4
"sim_44",4
"sim_44",4
"sim_44",4
"sim_44",4
"sim_44",4
"sim_44",4
"sim_44",4
"sim_44",4
"sim_44",4
"sim_44",4
"sim_44",4
"sim_44",4
"sim_44",4
"sim_44",4
"sim_44",4
"sim_44",4
"sim_44",4
"sim_44",4
"sim_44",4
"sim_44",4
"sim_44",4
"sim_44",4
"sim_44",4
"sim_44",4
"sim_44",4
"sim_44",4
"sim_44",4
"sim_44",4
"sim_44",4
"sim_44",4
"sim_44",4
"sim_44",4
"sim_44",4
"sim_44",4
"sim_44",4
"sim_44",4
"sim_44",4
"sim_44",4
"sim_44",4
"sim_44",4
"sim_44",4
"sim_44",4
"sim_44",4
"sim_44",4
"sim_44",4
"sim_44",4
"sim_44",4
"sim_44",4
"sim_44",4
"sim_44",4
"sim_44",4
"sim_44",4
"sim_44",4
"sim_44",4
"sim_44",4
"sim_44",4
"sim_44",4
"sim_44",4
"sim_44",4
"sim_44",4
"sim_44",4
"sim_44",4
"sim_44",4
"sim_44",4
"sim_44",4
"sim_44",4
"sim_44",4
"sim_44",4
"sim_44",4
"sim_44",4
"sim_44",4
"sim_44",4
"sim_44",4
"sim_44",4
"sim_44",4
"sim_44",4
"sim_44",4
"sim_44",4
"sim_44",4
"sim_44",4
"sim_44",4
"sim_44",4
"sim_44",4
"sim_44",4
"sim_44",4
"sim_44",4
"sim_44",4
"sim_44",4
"sim_44",4
"sim_44",4
"sim_44",4
"sim_44",4
"sim_44",4
"sim_44",4
"sim_44",4
"sim_44",4
"sim_44",4
"sim_44",4
"sim_44",4
"sim_44",4
"sim_44",4
"sim_44",4
"sim_44",4
"sim_44",4
"sim_44",4
"sim_44",4
"sim_44",4
"sim_44",4
"sim_44",4
"sim_44",4
"sim_44",4
"sim_44",4
"sim_44",4
"sim_44",4
"sim_44",4
"sim_44",4
"sim_44",4
"sim_44",4
"sim_44",4
"sim_44",4
"sim_44",4
"sim_44",4
"sim_44",4
"sim_44",4
"sim_44",4
"sim_44",4
"sim_44",4
"sim_44",4
"sim_44",4
"sim_44",4
"sim_44",4
"sim_44",4
"sim_44",4
"sim_44",4
"sim_44",4
"sim_44",4
"sim_44",4
"sim_44",4
"sim_44",4
"sim_44",4
"sim_44",4
"sim_44",4
"sim_44",4
"sim_44",4
"sim_44",4
"sim_44",4
"sim_44",4
"sim_44",4
"sim_44",4
"sim_44",4
"sim_44",4
"sim_44",4
"sim_44",4
"sim_44",4
"sim_44",4
"sim_44",4
"sim_44",4
"sim_44",4
"sim_44",4
"sim_44",4
"sim_44",4
"sim_44",4
"sim_44",4
"sim_44",4
"sim_44",4
"sim_44",4
"sim_44",4
"sim_44",4
"sim_44",4
"sim_44",4
"sim_44",4
"sim_44",4
"sim_44",4
"sim_44",4
"sim_44",4
"sim_44",4
"sim_44",4
"sim_44",4
"sim_44",4
"sim_44",4
"sim_44",4
"sim_44",4
"sim_44",4
"sim_44",4
"sim_44",4
"sim_44",4
"sim_44",4
"sim_44",4
"sim_44",4
"sim_44",4
"sim_44",4
"sim_44",4
"sim_44",4
"sim_44",4
"sim_44",4
"sim_44",4
"sim_44",4
"sim_44",4
"sim_44",4
"sim_44",4
"sim_44",4
"sim_44",4
"sim_44",4
"sim_44",4
"sim_44",4
"sim_44",4
"sim_44",4
"sim_44",4
"sim_44",4
"sim_44",4
"sim_44",4
"sim_44",4
"sim_44",4
"sim_44",4
"sim_44",4
"sim_44",4
"sim_44",4
"sim_44",4
"sim_44",4
"sim_44",4
"sim_44",4
"sim_44",4
"sim_44",4
"sim_44",4
"sim_44",4
"sim_44",4
"sim_44",4
"sim_44",4
"sim_44",4
"sim_44",4
"sim_44",4
"sim_44",4
"sim_44",4
"sim_44",4
"sim_44",4
"sim_44",4
"sim_44",4
"sim_44",4
"sim_44",4
"sim_44",4
"sim_44",4
"sim_44",4
"sim_44",4
"sim_44",4
"sim_44",4
"sim_44",4
"sim_44",4
"sim_44",4
"sim_44",4
"sim_44",4
"sim_44",4
"sim_44",4
"sim_44",4
"sim_44",4
"sim_44",4
"sim_44",4
"sim_44",4
"sim_44",4
"sim_44",4
"sim_44",4
"sim_44",4
"sim_44",4
"sim_44",4
"sim_44",4
"sim_44",4
"sim_44",4
"sim_44",4
"sim_44",4
"sim_44",4
"sim_44",4
"sim_44",4
"sim_44",4
"sim_44",4
"sim_44",4
"sim_44",4
"sim_44",4
"sim_44",4
"sim_44",4
"sim_44",4
"sim_44",4
"sim_44",4
"sim_44",4
"sim_44",4
"sim_44",4
"sim_44",4
"sim_44",4
"sim_44",4
"sim_44",4
"sim_44",4
"sim_44",4
"sim_44",4
"sim_44",4
"sim_44",4
"sim_44",4
"sim_44",4
"sim_44",4
"sim_44",4
"sim_44",4
"sim_44",4
"sim_44",4
"sim_44",4
"sim_44",4
"sim_44",4
"sim_44",4
"sim_44",4
"sim_44",4
"sim_44",4
"sim_44",4
"sim_44",4
"sim_44",4
"sim_44",4
"sim_44",4
"sim_44",4
"sim_44",4
"sim_44",4
"sim_44",4
"sim_44",4
"sim_44",4
"sim_44",4
"sim_44",4
"sim_44",4
"sim_44",4
"sim_44",4
"sim_44",4
"sim_44",4
"sim_44",4
"sim_44",4
"sim_44",4
"sim_44",4
"sim_44",4
"sim_44",4
"sim_44",4
"sim_44",4
"sim_44",4
"sim_44",4
"sim_44",4
"sim_44",4
"sim_44",4
"sim_44",4
"sim_44",4
"sim_44",4
"sim_44",4
"sim_44",4
"sim_44",4
"sim_44",4
"sim_44",4
"sim_44",4
"sim_44",4
"sim_44",4
"sim_44",4
"sim_44",4
"sim_44",4
"sim_44",4
"sim_44",4
"sim_44",4
"sim_44",4
"sim_44",5
"sim_44",5
"sim_44",5
"sim_44",5
"sim_44",5
"sim_44",5
"sim_44",5
"sim_44",5
"sim_44",5
"sim_44",5
"sim_44",5
"sim_44",5
"sim_44",5
"sim_44",5
"sim_44",5
"sim_44",5
"sim_44",5
"sim_44",5
"sim_44",5
"sim_44",5
"sim_44",5
"sim_44",5
"sim_44",5
"sim_44",5
"sim_44",5
"sim_44",5
"sim_44",5
"sim_44",5
"sim_44",5
"sim_44",5
"sim_44",5
"sim_44",5
"sim_44",5
"sim_44",5
"sim_44",5
"sim_44",5
"sim_44",5
"sim_44",5
"sim_44",5
"sim_44",5
"sim_44",5
"sim_44",5
"sim_44",5
"sim_44",5
"sim_44",5
"sim_44",5
"sim_44",5
"sim_44",5
"sim_44",5
"sim_44",5
"sim_44",5
"sim_44",5
"sim_44",5
"sim_44",5
"sim_44",5
"sim_44",5
"sim_44",5
"sim_44",5
"sim_44",5
"sim_44",5
"sim_44",5
"sim_44",5
"sim_44",5
"sim_44",5
"sim_44",5
"sim_44",5
"sim_44",5
"sim_44",5
"sim_44",5
"sim_44",5
"sim_44",5
"sim_44",5
"sim_44",5
"sim_44",5
"sim_44",5
"sim_44",6
"sim_44",6
"sim_44",6
"sim_44",6
"sim_44",6
"sim_44",6
"sim_44",6
"sim_44",6
"sim_44",6
"sim_44",6
"sim_44",6
"sim_44",6
"sim_44",6
"sim_44",6
"sim_44",6
"sim_44",6
"sim_44",6
"sim_44",6
"sim_44",6
"sim_44",6
"sim_44",6
"sim_44",6
"sim_44",6
"sim_44",6
"sim_44",6
"sim_44",6
"sim_44",6
"sim_44",6
"sim_44",6
"sim_44",6
"sim_44",6
"sim_44",6
"sim_44",6
"sim_44",6
"sim_44",6
"sim_44",6
"sim_44",6
"sim_44",6
"sim_44",6
"sim_44",6
"sim_44",6
"sim_44",6
"sim_44",6
"sim_44",6
"sim_44",6
"sim_44",6
"sim_44",6
"sim_44",6
"sim_44",6
"sim_44",6
"sim_44",6
"sim_44",6
"sim_44",6
"sim_44",6
"sim_44",6
"sim_44",6
"sim_44",6
"sim_44",7
"sim_44",7
"sim_44",7
"sim_44",7
"sim_44",7
"sim_44",7
"sim_44",7
"sim_44",7
"sim_44",7
"sim_44",7
"sim_44",7
"sim_44",7
"sim_44",7
"sim_44",7
"sim_44",7
"sim_44",7
"sim_44",7
"sim_44",7
"sim_44",7
"sim_44",7
"sim_44",7
"sim_44",7
"sim_44",7
"sim_44",7
"sim_44",7
"sim_44",7
"sim_44",7
"sim_44",7
"sim_44",7
"sim_44",8
"sim_44",8
"sim_44",8
"sim_44",8
"sim_44",8
"sim_44",8
"sim_44",8
"sim_44",8
"sim_44",8
"sim_44",8
"sim_44",8
"sim_44",9
"sim_44",9
"sim_44",9
"sim_44",9
"sim_44",10
"sim_44",10
"sim_44",10
"sim_44",10
"sim_44",10
"sim_44",10
"sim_44",10
"sim_44",10
"sim_44",11
"sim_44",12
"sim_44",12
"sim_44",15
"sim_45",4
"sim_45",4
"sim_45",4
"sim_45",4
"sim_45",4
"sim_45",4
"sim_45",4
"sim_45",4
"sim_45",4
"sim_45",4
"sim_45",4
"sim_45",4
"sim_45",4
"sim_45",4
"sim_45",4
"sim_45",4
"sim_45",4
"sim_45",4
"sim_45",4
"sim_45",4
"sim_45",4
"sim_45",4
"sim_45",4
"sim_45",4
"sim_45",4
"sim_45",4
"sim_45",4
"sim_45",4
"sim_45",4
"sim_45",4
"sim_45",4
"sim_45",4
"sim_45",4
"sim_45",4
"sim_45",4
"sim_45",4
"sim_45",4
"sim_45",4
"sim_45",4
"sim_45",4
"sim_45",4
"sim_45",4
"sim_45",4
"sim_45",4
"sim_45",4
"sim_45",4
"sim_45",4
"sim_45",4
"sim_45",4
"sim_45",4
"sim_45",4
"sim_45",4
"sim_45",4
"sim_45",4
"sim_45",4
"sim_45",4
"sim_45",4
"sim_45",4
"sim_45",4
"sim_45",4
"sim_45",4
"sim_45",4
"sim_45",4
"sim_45",4
"sim_45",4
"sim_45",4
"sim_45",4
"sim_45",4
"sim_45",4
"sim_45",4
"sim_45",4
"sim_45",4
"sim_45",4
"sim_45",4
"sim_45",4
"sim_45",4
"sim_45",4
"sim_45",4
"sim_45",4
"sim_45",4
"sim_45",4
"sim_45",4
"sim_45",4
"sim_45",4
"sim_45",4
"sim_45",4
"sim_45",4
"sim_45",4
"sim_45",4
"sim_45",4
"sim_45",4
"sim_45",4
"sim_45",4
"sim_45",4
"sim_45",4
"sim_45",4
"sim_45",4
"sim_45",4
"sim_45",4
"sim_45",4
"sim_45",4
"sim_45",4
"sim_45",4
"sim_45",4
"sim_45",4
"sim_45",4
"sim_45",4
"sim_45",4
"sim_45",4
"sim_45",4
"sim_45",4
"sim_45",4
"sim_45",4
"sim_45",4
"sim_45",4
"sim_45",4
"sim_45",4
"sim_45",4
"sim_45",4
"sim_45",4
"sim_45",4
"sim_45",4
"sim_45",4
"sim_45",4
"sim_45",4
"sim_45",4
"sim_45",4
"sim_45",4
"sim_45",4
"sim_45",4
"sim_45",4
"sim_45",4
"sim_45",4
"sim_45",4
"sim_45",4
"sim_45",4
"sim_45",4
"sim_45",4
"sim_45",4
"sim_45",4
"sim_45",4
"sim_45",4
"sim_45",4
"sim_45",4
"sim_45",4
"sim_45",4
"sim_45",4
"sim_45",4
"sim_45",4
"sim_45",4
"sim_45",4
"sim_45",4
"sim_45",4
"sim_45",4
"sim_45",4
"sim_45",4
"sim_45",4
"sim_45",4
"sim_45",4
"sim_45",4
"sim_45",4
"sim_45",4
"sim_45",4
"sim_45",4
"sim_45",4
"sim_45",4
"sim_45",4
"sim_45",4
"sim_45",4
"sim_45",4
"sim_45",4
"sim_45",4
"sim_45",4
"sim_45",4
"sim_45",4
"sim_45",4
"sim_45",4
"sim_45",4
"sim_45",4
"sim_45",4
"sim_45",4
"sim_45",4
"sim_45",4
"sim_45",4
"sim_45",4
"sim_45",4
"sim_45",4
"sim_45",4
"sim_45",4
"sim_45",4
"sim_45",4
"sim_45",4
"sim_45",4
"sim_45",4
"sim_45",4
"sim_45",4
"sim_45",4
"sim_45",4
"sim_45",4
"sim_45",4
"sim_45",4
"sim_45",4
"sim_45",4
"sim_45",4
"sim_45",4
"sim_45",4
"sim_45",4
"sim_45",4
"sim_45",4
"sim_45",4
"sim_45",4
"sim_45",4
"sim_45",4
"sim_45",4
"sim_45",4
"sim_45",4
"sim_45",4
"sim_45",4
"sim_45",4
"sim_45",4
"sim_45",4
"sim_45",4
"sim_45",4
"sim_45",4
"sim_45",4
"sim_45",4
"sim_45",4
"sim_45",4
"sim_45",4
"sim_45",4
"sim_45",4
"sim_45",4
"sim_45",4
"sim_45",4
"sim_45",4
"sim_45",4
"sim_45",4
"sim_45",4
"sim_45",4
"sim_45",4
"sim_45",4
"sim_45",4
"sim_45",4
"sim_45",4
"sim_45",4
"sim_45",4
"sim_45",4
"sim_45",4
"sim_45",4
"sim_45",4
"sim_45",4
"sim_45",4
"sim_45",4
"sim_45",4
"sim_45",4
"sim_45",4
"sim_45",4
"sim_45",4
"sim_45",4
"sim_45",4
"sim_45",4
"sim_45",4
"sim_45",4
"sim_45",4
"sim_45",4
"sim_45",4
"sim_45",4
"sim_45",4
"sim_45",4
"sim_45",4
"sim_45",4
"sim_45",4
"sim_45",4
"sim_45",4
"sim_45",4
"sim_45",4
"sim_45",4
"sim_45",4
"sim_45",4
"sim_45",4
"sim_45",4
"sim_45",4
"sim_45",4
"sim_45",4
"sim_45",4
"sim_45",4
"sim_45",4
"sim_45",4
"sim_45",4
"sim_45",4
"sim_45",4
"sim_45",4
"sim_45",4
"sim_45",4
"sim_45",4
"sim_45",4
"sim_45",4
"sim_45",4
"sim_45",4
"sim_45",4
"sim_45",4
"sim_45",4
"sim_45",4
"sim_45",4
"sim_45",4
"sim_45",4
"sim_45",4
"sim_45",4
"sim_45",4
"sim_45",4
"sim_45",4
"sim_45",4
"sim_45",4
"sim_45",4
"sim_45",4
"sim_45",4
"sim_45",4
"sim_45",4
"sim_45",4
"sim_45",4
"sim_45",4
"sim_45",4
"sim_45",4
"sim_45",4
"sim_45",4
"sim_45",4
"sim_45",4
"sim_45",4
"sim_45",4
"sim_45",4
"sim_45",4
"sim_45",4
"sim_45",4
"sim_45",4
"sim_45",4
"sim_45",4
"sim_45",4
"sim_45",4
"sim_45",4
"sim_45",4
"sim_45",4
"sim_45",4
"sim_45",4
"sim_45",4
"sim_45",4
"sim_45",4
"sim_45",4
"sim_45",4
"sim_45",4
"sim_45",4
"sim_45",4
"sim_45",4
"sim_45",4
"sim_45",4
"sim_45",4
"sim_45",4
"sim_45",4
"sim_45",4
"sim_45",4
"sim_45",4
"sim_45",4
"sim_45",4
"sim_45",4
"sim_45",4
"sim_45",4
"sim_45",4
"sim_45",4
"sim_45",5
"sim_45",5
"sim_45",5
"sim_45",5
"sim_45",5
"sim_45",5
"sim_45",5
"sim_45",5
"sim_45",5
"sim_45",5
"sim_45",5
"sim_45",5
"sim_45",5
"sim_45",5
"sim_45",5
"sim_45",5
"sim_45",5
"sim_45",5
"sim_45",5
"sim_45",5
"sim_45",5
"sim_45",5
"sim_45",5
"sim_45",5
"sim_45",5
"sim_45",5
"sim_45",5
"sim_45",5
"sim_45",5
"sim_45",5
"sim_45",5
"sim_45",5
"sim_45",5
"sim_45",5
"sim_45",5
"sim_45",5
"sim_45",5
"sim_45",5
"sim_45",5
"sim_45",5
"sim_45",5
"sim_45",5
"sim_45",5
"sim_45",5
"sim_45",5
"sim_45",5
"sim_45",5
"sim_45",5
"sim_45",5
"sim_45",5
"sim_45",5
"sim_45",5
"sim_45",5
"sim_45",5
"sim_45",5
"sim_45",5
"sim_45",5
"sim_45",5
"sim_45",5
"sim_45",5
"sim_45",5
"sim_45",5
"sim_45",5
"sim_45",5
"sim_45",5
"sim_45",5
"sim_45",5
"sim_45",5
"sim_45",5
"sim_45",5
"sim_45",5
"sim_45",5
"sim_45",5
"sim_45",5
"sim_45",5
"sim_45",5
"sim_45",5
"sim_45",5
"sim_45",5
"sim_45",5
"sim_45",5
"sim_45",5
"sim_45",5
"sim_45",5
"sim_45",5
"sim_45",5
"sim_45",5
"sim_45",5
"sim_45",5
"sim_45",5
"sim_45",5
"sim_45",5
"sim_45",5
"sim_45",5
"sim_45",5
"sim_45",5
"sim_45",5
"sim_45",5
"sim_45",5
"sim_45",5
"sim_45",5
"sim_45",5
"sim_45",5
"sim_45",5
"sim_45",5
"sim_45",5
"sim_45",5
"sim_45",5
"sim_45",5
"sim_45",5
"sim_45",5
"sim_45",5
"sim_45",5
"sim_45",5
"sim_45",5
"sim_45",6
"sim_45",6
"sim_45",6
"sim_45",6
"sim_45",6
"sim_45",6
"sim_45",6
"sim_45",6
"sim_45",6
"sim_45",6
"sim_45",6
"sim_45",6
"sim_45",6
"sim_45",6
"sim_45",6
"sim_45",6
"sim_45",6
"sim_45",6
"sim_45",6
"sim_45",6
"sim_45",6
"sim_45",6
"sim_45",6
"sim_45",6
"sim_45",6
"sim_45",6
"sim_45",6
"sim_45",6
"sim_45",6
"sim_45",7
"sim_45",7
"sim_45",7
"sim_45",7
"sim_45",7
"sim_45",7
"sim_45",7
"sim_45",7
"sim_45",7
"sim_45",7
"sim_45",7
"sim_45",7
"sim_45",7
"sim_45",7
"sim_45",7
"sim_45",7
"sim_45",7
"sim_45",7
"sim_45",7
"sim_45",7
"sim_45",7
"sim_45",7
"sim_45",7
"sim_45",7
"sim_45",7
"sim_45",8
"sim_45",8
"sim_45",8
"sim_45",8
"sim_45",8
"sim_45",8
"sim_45",8
"sim_45",8
"sim_45",8
"sim_45",8
"sim_45",8
"sim_45",8
"sim_45",8
"sim_45",8
"sim_45",8
"sim_45",8
"sim_45",9
"sim_45",9
"sim_45",9
"sim_45",9
"sim_45",9
"sim_45",9
"sim_45",9
"sim_45",9
"sim_45",10
"sim_45",10
"sim_45",10
"sim_45",10
"sim_45",11
"sim_45",11
"sim_46",4
"sim_46",4
"sim_46",4
"sim_46",4
"sim_46",4
"sim_46",4
"sim_46",4
"sim_46",4
"sim_46",4
"sim_46",4
"sim_46",4
"sim_46",4
"sim_46",4
"sim_46",4
"sim_46",4
"sim_46",4
"sim_46",4
"sim_46",4
"sim_46",4
"sim_46",4
"sim_46",4
"sim_46",4
"sim_46",4
"sim_46",4
"sim_46",4
"sim_46",4
"sim_46",4
"sim_46",4
"sim_46",4
"sim_46",4
"sim_46",4
"sim_46",4
"sim_46",4
"sim_46",4
"sim_46",4
"sim_46",4
"sim_46",4
"sim_46",4
"sim_46",4
"sim_46",4
"sim_46",4
"sim_46",4
"sim_46",4
"sim_46",4
"sim_46",4
"sim_46",4
"sim_46",4
"sim_46",4
"sim_46",4
"sim_46",4
"sim_46",4
"sim_46",4
"sim_46",4
"sim_46",4
"sim_46",4
"sim_46",4
"sim_46",4
"sim_46",4
"sim_46",4
"sim_46",4
"sim_46",4
"sim_46",4
"sim_46",4
"sim_46",4
"sim_46",4
"sim_46",4
"sim_46",4
"sim_46",4
"sim_46",4
"sim_46",4
"sim_46",4
"sim_46",4
"sim_46",4
"sim_46",4
"sim_46",4
"sim_46",4
"sim_46",4
"sim_46",4
"sim_46",4
"sim_46",4
"sim_46",4
"sim_46",4
"sim_46",4
"sim_46",4
"sim_46",4
"sim_46",4
"sim_46",4
"sim_46",4
"sim_46",4
"sim_46",4
"sim_46",4
"sim_46",4
"sim_46",4
"sim_46",4
"sim_46",4
"sim_46",4
"sim_46",4
"sim_46",4
"sim_46",4
"sim_46",4
"sim_46",4
"sim_46",4
"sim_46",4
"sim_46",4
"sim_46",4
"sim_46",4
"sim_46",4
"sim_46",4
"sim_46",4
"sim_46",4
"sim_46",4
"sim_46",4
"sim_46",4
"sim_46",4
"sim_46",4
"sim_46",4
"sim_46",4
"sim_46",4
"sim_46",4
"sim_46",4
"sim_46",4
"sim_46",4
"sim_46",4
"sim_46",4
"sim_46",4
"sim_46",4
"sim_46",4
"sim_46",4
"sim_46",4
"sim_46",4
"sim_46",4
"sim_46",4
"sim_46",4
"sim_46",4
"sim_46",4
"sim_46",4
"sim_46",4
"sim_46",4
"sim_46",4
"sim_46",4
"sim_46",4
"sim_46",4
"sim_46",4
"sim_46",4
"sim_46",4
"sim_46",4
"sim_46",4
"sim_46",4
"sim_46",4
"sim_46",4
"sim_46",4
"sim_46",4
"sim_46",4
"sim_46",4
"sim_46",4
"sim_46",4
"sim_46",4
"sim_46",4
"sim_46",4
"sim_46",4
"sim_46",4
"sim_46",4
"sim_46",4
"sim_46",4
"sim_46",4
"sim_46",4
"sim_46",4
"sim_46",4
"sim_46",4
"sim_46",4
"sim_46",4
"sim_46",4
"sim_46",4
"sim_46",4
"sim_46",4
"sim_46",4
"sim_46",4
"sim_46",4
"sim_46",4
"sim_46",4
"sim_46",4
"sim_46",4
"sim_46",4
"sim_46",4
"sim_46",4
"sim_46",4
"sim_46",4
"sim_46",4
"sim_46",4
"sim_46",4
"sim_46",4
"sim_46",4
"sim_46",4
"sim_46",4
"sim_46",4
"sim_46",4
"sim_46",4
"sim_46",4
"sim_46",4
"sim_46",4
"sim_46",4
"sim_46",4
"sim_46",4
"sim_46",4
"sim_46",4
"sim_46",4
"sim_46",4
"sim_46",4
"sim_46",4
"sim_46",4
"sim_46",4
"sim_46",4
"sim_46",4
"sim_46",4
"sim_46",4
"sim_46",4
"sim_46",4
"sim_46",4
"sim_46",4
"sim_46",4
"sim_46",4
"sim_46",4
"sim_46",4
"sim_46",4
"sim_46",4
"sim_46",4
"sim_46",4
"sim_46",4
"sim_46",4
"sim_46",4
"sim_46",4
"sim_46",4
"sim_46",4
"sim_46",4
"sim_46",4
"sim_46",4
"sim_46",4
"sim_46",4
"sim_46",4
"sim_46",4
"sim_46",4
"sim_46",4
"sim_46",4
"sim_46",4
"sim_46",4
"sim_46",4
"sim_46",4
"sim_46",4
"sim_46",4
"sim_46",4
"sim_46",4
"sim_46",4
"sim_46",4
"sim_46",4
"sim_46",4
"sim_46",4
"sim_46",4
"sim_46",4
"sim_46",4
"sim_46",4
"sim_46",4
"sim_46",4
"sim_46",4
"sim_46",4
"sim_46",4
"sim_46",4
"sim_46",4
"sim_46",4
"sim_46",4
"sim_46",4
"sim_46",4
"sim_46",4
"sim_46",4
"sim_46",4
"sim_46",4
"sim_46",4
"sim_46",4
"sim_46",4
"sim_46",4
"sim_46",4
"sim_46",4
"sim_46",4
"sim_46",4
"sim_46",4
"sim_46",4
"sim_46",4
"sim_46",4
"sim_46",4
"sim_46",4
"sim_46",4
"sim_46",4
"sim_46",4
"sim_46",4
"sim_46",4
"sim_46",4
"sim_46",4
"sim_46",4
"sim_46",4
"sim_46",4
"sim_46",4
"sim_46",4
"sim_46",4
"sim_46",4
"sim_46",4
"sim_46",4
"sim_46",4
"sim_46",4
"sim_46",4
"sim_46",4
"sim_46",4
"sim_46",4
"sim_46",4
"sim_46",4
"sim_46",4
"sim_46",4
"sim_46",4
"sim_46",4
"sim_46",4
"sim_46",4
"sim_46",4
"sim_46",4
"sim_46",4
"sim_46",4
"sim_46",4
"sim_46",4
"sim_46",4
"sim_46",4
"sim_46",4
"sim_46",4
"sim_46",4
"sim_46",4
"sim_46",4
"sim_46",4
"sim_46",4
"sim_46",4
"sim_46",4
"sim_46",4
"sim_46",4
"sim_46",4
"sim_46",4
"sim_46",4
"sim_46",4
"sim_46",4
"sim_46",4
"sim_46",4
"sim_46",4
"sim_46",4
"sim_46",4
"sim_46",4
"sim_46",4
"sim_46",4
"sim_46",4
"sim_46",4
"sim_46",4
"sim_46",4
"sim_46",4
"sim_46",4
"sim_46",4
"sim_46",4
"sim_46",4
"sim_46",4
"sim_46",4
"sim_46",4
"sim_46",4
"sim_46",4
"sim_46",4
"sim_46",4
"sim_46",4
"sim_46",4
"sim_46",4
"sim_46",4
"sim_46",4
"sim_46",4
"sim_46",4
"sim_46",4
"sim_46",5
"sim_46",5
"sim_46",5
"sim_46",5
"sim_46",5
"sim_46",5
"sim_46",5
"sim_46",5
"sim_46",5
"sim_46",5
"sim_46",5
"sim_46",5
"sim_46",5
"sim_46",5
"sim_46",5
"sim_46",5
"sim_46",5
"sim_46",5
"sim_46",5
"sim_46",5
"sim_46",5
"sim_46",5
"sim_46",5
"sim_46",5
"sim_46",5
"sim_46",5
"sim_46",5
"sim_46",5
"sim_46",5
"sim_46",5
"sim_46",5
"sim_46",5
"sim_46",5
"sim_46",5
"sim_46",5
"sim_46",5
"sim_46",5
"sim_46",5
"sim_46",5
"sim_46",5
"sim_46",5
"sim_46",5
"sim_46",5
"sim_46",5
"sim_46",5
"sim_46",5
"sim_46",5
"sim_46",5
"sim_46",5
"sim_46",5
"sim_46",5
"sim_46",5
"sim_46",5
"sim_46",5
"sim_46",5
"sim_46",5
"sim_46",5
"sim_46",5
"sim_46",5
"sim_46",5
"sim_46",5
"sim_46",5
"sim_46",5
"sim_46",5
"sim_46",5
"sim_46",5
"sim_46",5
"sim_46",5
"sim_46",5
"sim_46",5
"sim_46",5
"sim_46",5
"sim_46",5
"sim_46",5
"sim_46",5
"sim_46",5
"sim_46",5
"sim_46",5
"sim_46",5
"sim_46",5
"sim_46",5
"sim_46",5
"sim_46",5
"sim_46",5
"sim_46",5
"sim_46",5
"sim_46",5
"sim_46",5
"sim_46",5
"sim_46",5
"sim_46",5
"sim_46",5
"sim_46",5
"sim_46",5
"sim_46",5
"sim_46",6
"sim_46",6
"sim_46",6
"sim_46",6
"sim_46",6
"sim_46",6
"sim_46",6
"sim_46",6
"sim_46",6
"sim_46",6
"sim_46",6
"sim_46",6
"sim_46",6
"sim_46",6
"sim_46",6
"sim_46",6
"sim_46",6
"sim_46",6
"sim_46",6
"sim_46",6
"sim_46",6
"sim_46",6
"sim_46",6
"sim_46",6
"sim_46",6
"sim_46",6
"sim_46",6
"sim_46",6
"sim_46",6
"sim_46",6
"sim_46",6
"sim_46",6
"sim_46",6
"sim_46",6
"sim_46",6
"sim_46",6
"sim_46",6
"sim_46",6
"sim_46",6
"sim_46",6
"sim_46",6
"sim_46",6
"sim_46",6
"sim_46",6
"sim_46",6
"sim_46",6
"sim_46",6
"sim_46",6
"sim_46",6
"sim_46",6
"sim_46",6
"sim_46",7
"sim_46",7
"sim_46",7
"sim_46",7
"sim_46",7
"sim_46",7
"sim_46",7
"sim_46",7
"sim_46",7
"sim_46",7
"sim_46",7
"sim_46",7
"sim_46",7
"sim_46",7
"sim_46",7
"sim_46",7
"sim_46",8
"sim_46",8
"sim_46",8
"sim_46",8
"sim_46",8
"sim_46",8
"sim_46",8
"sim_46",8
"sim_46",8
"sim_46",8
"sim_46",8
"sim_46",8
"sim_46",8
"sim_46",8
"sim_46",8
"sim_46",8
"sim_46",8
"sim_46",8
"sim_46",8
"sim_46",8
"sim_46",9
"sim_46",9
"sim_46",9
"sim_46",9
"sim_46",10
"sim_46",10
"sim_46",11
"sim_46",11
"sim_46",11
"sim_47",4
"sim_47",4
"sim_47",4
"sim_47",4
"sim_47",4
"sim_47",4
"sim_47",4
"sim_47",4
"sim_47",4
"sim_47",4
"sim_47",4
"sim_47",4
"sim_47",4
"sim_47",4
"sim_47",4
"sim_47",4
"sim_47",4
"sim_47",4
"sim_47",4
"sim_47",4
"sim_47",4
"sim_47",4
"sim_47",4
"sim_47",4
"sim_47",4
"sim_47",4
"sim_47",4
"sim_47",4
"sim_47",4
"sim_47",4
"sim_47",4
"sim_47",4
"sim_47",4
"sim_47",4
"sim_47",4
"sim_47",4
"sim_47",4
"sim_47",4
"sim_47",4
"sim_47",4
"sim_47",4
"sim_47",4
"sim_47",4
"sim_47",4
"sim_47",4
"sim_47",4
"sim_47",4
"sim_47",4
"sim_47",4
"sim_47",4
"sim_47",4
"sim_47",4
"sim_47",4
"sim_47",4
"sim_47",4
"sim_47",4
"sim_47",4
"sim_47",4
"sim_47",4
"sim_47",4
"sim_47",4
"sim_47",4
"sim_47",4
"sim_47",4
"sim_47",4
"sim_47",4
"sim_47",4
"sim_47",4
"sim_47",4
"sim_47",4
"sim_47",4
"sim_47",4
"sim_47",4
"sim_47",4
"sim_47",4
"sim_47",4
"sim_47",4
"sim_47",4
"sim_47",4
"sim_47",4
"sim_47",4
"sim_47",4
"sim_47",4
"sim_47",4
"sim_47",4
"sim_47",4
"sim_47",4
"sim_47",4
"sim_47",4
"sim_47",4
"sim_47",4
"sim_47",4
"sim_47",4
"sim_47",4
"sim_47",4
"sim_47",4
"sim_47",4
"sim_47",4
"sim_47",4
"sim_47",4
"sim_47",4
"sim_47",4
"sim_47",4
"sim_47",4
"sim_47",4
"sim_47",4
"sim_47",4
"sim_47",4
"sim_47",4
"sim_47",4
"sim_47",4
"sim_47",4
"sim_47",4
"sim_47",4
"sim_47",4
"sim_47",4
"sim_47",4
"sim_47",4
"sim_47",4
"sim_47",4
"sim_47",4
"sim_47",4
"sim_47",4
"sim_47",4
"sim_47",4
"sim_47",4
"sim_47",4
"sim_47",4
"sim_47",4
"sim_47",4
"sim_47",4
"sim_47",4
"sim_47",4
"sim_47",4
"sim_47",4
"sim_47",4
"sim_47",4
"sim_47",4
"sim_47",4
"sim_47",4
"sim_47",4
"sim_47",4
"sim_47",4
"sim_47",4
"sim_47",4
"sim_47",4
"sim_47",4
"sim_47",4
"sim_47",4
"sim_47",4
"sim_47",4
"sim_47",4
"sim_47",4
"sim_47",4
"sim_47",4
"sim_47",4
"sim_47",4
"sim_47",4
"sim_47",4
"sim_47",4
"sim_47",4
"sim_47",4
"sim_47",4
"sim_47",4
"sim_47",4
"sim_47",4
"sim_47",4
"sim_47",4
"sim_47",4
"sim_47",4
"sim_47",4
"sim_47",4
"sim_47",4
"sim_47",4
"sim_47",4
"sim_47",4
"sim_47",4
"sim_47",4
"sim_47",4
"sim_47",4
"sim_47",4
"sim_47",4
"sim_47",4
"sim_47",4
"sim_47",4
"sim_47",4
"sim_47",4
"sim_47",4
"sim_47",4
"sim_47",4
"sim_47",4
"sim_47",4
"sim_47",4
"sim_47",4
"sim_47",4
"sim_47",4
"sim_47",4
"sim_47",4
"sim_47",4
"sim_47",4
"sim_47",4
"sim_47",4
"sim_47",4
"sim_47",4
"sim_47",4
"sim_47",4
"sim_47",4
"sim_47",4
"sim_47",4
"sim_47",4
"sim_47",4
"sim_47",4
"sim_47",4
"sim_47",4
"sim_47",4
"sim_47",4
"sim_47",4
"sim_47",4
"sim_47",4
"sim_47",4
"sim_47",4
"sim_47",4
"sim_47",4
"sim_47",4
"sim_47",4
"sim_47",4
"sim_47",4
"sim_47",4
"sim_47",4
"sim_47",4
"sim_47",4
"sim_47",4
"sim_47",4
"sim_47",4
"sim_47",4
"sim_47",4
"sim_47",4
"sim_47",4
"sim_47",4
"sim_47",4
"sim_47",4
"sim_47",4
"sim_47",4
"sim_47",4
"sim_47",4
"sim_47",4
"sim_47",4
"sim_47",4
"sim_47",4
"sim_47",4
"sim_47",4
"sim_47",4
"sim_47",4
"sim_47",4
"sim_47",4
"sim_47",4
"sim_47",4
"sim_47",4
"sim_47",4
"sim_47",4
"sim_47",4
"sim_47",4
"sim_47",4
"sim_47",4
"sim_47",4
"sim_47",4
"sim_47",4
"sim_47",4
"sim_47",4
"sim_47",4
"sim_47",4
"sim_47",4
"sim_47",4
"sim_47",4
"sim_47",4
"sim_47",4
"sim_47",4
"sim_47",4
"sim_47",4
"sim_47",4
"sim_47",4
"sim_47",4
"sim_47",4
"sim_47",4
"sim_47",4
"sim_47",4
"sim_47",4
"sim_47",4
"sim_47",4
"sim_47",4
"sim_47",4
"sim_47",4
"sim_47",4
"sim_47",4
"sim_47",4
"sim_47",4
"sim_47",4
"sim_47",4
"sim_47",4
"sim_47",4
"sim_47",4
"sim_47",4
"sim_47",4
"sim_47",4
"sim_47",4
"sim_47",4
"sim_47",4
"sim_47",4
"sim_47",4
"sim_47",4
"sim_47",4
"sim_47",4
"sim_47",4
"sim_47",4
"sim_47",4
"sim_47",4
"sim_47",4
"sim_47",4
"sim_47",4
"sim_47",4
"sim_47",4
"sim_47",4
"sim_47",4
"sim_47",4
"sim_47",4
"sim_47",4
"sim_47",4
"sim_47",4
"sim_47",4
"sim_47",4
"sim_47",4
"sim_47",4
"sim_47",4
"sim_47",4
"sim_47",4
"sim_47",4
"sim_47",4
"sim_47",4
"sim_47",4
"sim_47",4
"sim_47",4
"sim_47",4
"sim_47",4
"sim_47",4
"sim_47",4
"sim_47",4
"sim_47",4
"sim_47",4
"sim_47",4
"sim_47",4
"sim_47",4
"sim_47",4
"sim_47",4
"sim_47",4
"sim_47",4
"sim_47",4
"sim_47",4
"sim_47",4
"sim_47",4
"sim_47",4
"sim_47",4
"sim_47",4
"sim_47",4
"sim_47",4
"sim_47",4
"sim_47",4
"sim_47",4
"sim_47",4
"sim_47",4
"sim_47",4
"sim_47",4
"sim_47",4
"sim_47",4
"sim_47",4
"sim_47",4
"sim_47",4
"sim_47",4
"sim_47",4
"sim_47",4
"sim_47",4
"sim_47",4
"sim_47",4
"sim_47",4
"sim_47",4
"sim_47",4
"sim_47",4
"sim_47",4
"sim_47",4
"sim_47",4
"sim_47",5
"sim_47",5
"sim_47",5
"sim_47",5
"sim_47",5
"sim_47",5
"sim_47",5
"sim_47",5
"sim_47",5
"sim_47",5
"sim_47",5
"sim_47",5
"sim_47",5
"sim_47",5
"sim_47",5
"sim_47",5
"sim_47",5
"sim_47",5
"sim_47",5
"sim_47",5
"sim_47",5
"sim_47",5
"sim_47",5
"sim_47",5
"sim_47",5
"sim_47",5
"sim_47",5
"sim_47",5
"sim_47",5
"sim_47",5
"sim_47",5
"sim_47",5
"sim_47",5
"sim_47",5
"sim_47",5
"sim_47",5
"sim_47",5
"sim_47",5
"sim_47",5
"sim_47",5
"sim_47",5
"sim_47",5
"sim_47",5
"sim_47",5
"sim_47",5
"sim_47",5
"sim_47",5
"sim_47",5
"sim_47",5
"sim_47",5
"sim_47",5
"sim_47",5
"sim_47",5
"sim_47",5
"sim_47",5
"sim_47",5
"sim_47",5
"sim_47",5
"sim_47",5
"sim_47",5
"sim_47",5
"sim_47",5
"sim_47",5
"sim_47",5
"sim_47",5
"sim_47",5
"sim_47",5
"sim_47",5
"sim_47",5
"sim_47",5
"sim_47",5
"sim_47",5
"sim_47",5
"sim_47",5
"sim_47",5
"sim_47",5
"sim_47",5
"sim_47",5
"sim_47",6
"sim_47",6
"sim_47",6
"sim_47",6
"sim_47",6
"sim_47",6
"sim_47",6
"sim_47",6
"sim_47",6
"sim_47",6
"sim_47",6
"sim_47",6
"sim_47",6
"sim_47",6
"sim_47",6
"sim_47",6
"sim_47",6
"sim_47",6
"sim_47",6
"sim_47",6
"sim_47",6
"sim_47",6
"sim_47",6
"sim_47",6
"sim_47",6
"sim_47",6
"sim_47",6
"sim_47",6
"sim_47",6
"sim_47",6
"sim_47",6
"sim_47",6
"sim_47",6
"sim_47",6
"sim_47",6
"sim_47",6
"sim_47",6
"sim_47",7
"sim_47",7
"sim_47",7
"sim_47",7
"sim_47",7
"sim_47",7
"sim_47",7
"sim_47",7
"sim_47",7
"sim_47",7
"sim_47",7
"sim_47",7
"sim_47",7
"sim_47",7
"sim_47",7
"sim_47",7
"sim_47",7
"sim_47",7
"sim_47",7
"sim_47",7
"sim_47",7
"sim_47",7
"sim_47",7
"sim_47",7
"sim_47",7
"sim_47",7
"sim_47",7
"sim_47",7
"sim_47",7
"sim_47",7
"sim_47",7
"sim_47",7
"sim_47",7
"sim_47",8
"sim_47",8
"sim_47",8
"sim_47",8
"sim_47",8
"sim_47",8
"sim_47",8
"sim_47",8
"sim_47",8
"sim_47",8
"sim_47",8
"sim_47",8
"sim_47",8
"sim_47",8
"sim_47",8
"sim_47",8
"sim_47",9
"sim_47",9
"sim_47",10
"sim_47",10
"sim_47",11
"sim_47",12
"sim_47",12
"sim_47",12
"sim_47",13
"sim_47",14
"sim_47",14
"sim_47",14
"sim_47",15
"sim_48",4
"sim_48",4
"sim_48",4
"sim_48",4
"sim_48",4
"sim_48",4
"sim_48",4
"sim_48",4
"sim_48",4
"sim_48",4
"sim_48",4
"sim_48",4
"sim_48",4
"sim_48",4
"sim_48",4
"sim_48",4
"sim_48",4
"sim_48",4
"sim_48",4
"sim_48",4
"sim_48",4
"sim_48",4
"sim_48",4
"sim_48",4
"sim_48",4
"sim_48",4
"sim_48",4
"sim_48",4
"sim_48",4
"sim_48",4
"sim_48",4
"sim_48",4
"sim_48",4
"sim_48",4
"sim_48",4
"sim_48",4
"sim_48",4
"sim_48",4
"sim_48",4
"sim_48",4
"sim_48",4
"sim_48",4
"sim_48",4
"sim_48",4
"sim_48",4
"sim_48",4
"sim_48",4
"sim_48",4
"sim_48",4
"sim_48",4
"sim_48",4
"sim_48",4
"sim_48",4
"sim_48",4
"sim_48",4
"sim_48",4
"sim_48",4
"sim_48",4
"sim_48",4
"sim_48",4
"sim_48",4
"sim_48",4
"sim_48",4
"sim_48",4
"sim_48",4
"sim_48",4
"sim_48",4
"sim_48",4
"sim_48",4
"sim_48",4
"sim_48",4
"sim_48",4
"sim_48",4
"sim_48",4
"sim_48",4
"sim_48",4
"sim_48",4
"sim_48",4
"sim_48",4
"sim_48",4
"sim_48",4
"sim_48",4
"sim_48",4
"sim_48",4
"sim_48",4
"sim_48",4
"sim_48",4
"sim_48",4
"sim_48",4
"sim_48",4
"sim_48",4
"sim_48",4
"sim_48",4
"sim_48",4
"sim_48",4
"sim_48",4
"sim_48",4
"sim_48",4
"sim_48",4
"sim_48",4
"sim_48",4
"sim_48",4
"sim_48",4
"sim_48",4
"sim_48",4
"sim_48",4
"sim_48",4
"sim_48",4
"sim_48",4
"sim_48",4
"sim_48",4
"sim_48",4
"sim_48",4
"sim_48",4
"sim_48",4
"sim_48",4
"sim_48",4
"sim_48",4
"sim_48",4
"sim_48",4
"sim_48",4
"sim_48",4
"sim_48",4
"sim_48",4
"sim_48",4
"sim_48",4
"sim_48",4
"sim_48",4
"sim_48",4
"sim_48",4
"sim_48",4
"sim_48",4
"sim_48",4
"sim_48",4
"sim_48",4
"sim_48",4
"sim_48",4
"sim_48",4
"sim_48",4
"sim_48",4
"sim_48",4
"sim_48",4
"sim_48",4
"sim_48",4
"sim_48",4
"sim_48",4
"sim_48",4
"sim_48",4
"sim_48",4
"sim_48",4
"sim_48",4
"sim_48",4
"sim_48",4
"sim_48",4
"sim_48",4
"sim_48",4
"sim_48",4
"sim_48",4
"sim_48",4
"sim_48",4
"sim_48",4
"sim_48",4
"sim_48",4
"sim_48",4
"sim_48",4
"sim_48",4
"sim_48",4
"sim_48",4
"sim_48",4
"sim_48",4
"sim_48",4
"sim_48",4
"sim_48",4
"sim_48",4
"sim_48",4
"sim_48",4
"sim_48",4
"sim_48",4
"sim_48",4
"sim_48",4
"sim_48",4
"sim_48",4
"sim_48",4
"sim_48",4
"sim_48",4
"sim_48",4
"sim_48",4
"sim_48",4
"sim_48",4
"sim_48",4
"sim_48",4
"sim_48",4
"sim_48",4
"sim_48",4
"sim_48",4
"sim_48",4
"sim_48",4
"sim_48",4
"sim_48",4
"sim_48",4
"sim_48",4
"sim_48",4
"sim_48",4
"sim_48",4
"sim_48",4
"sim_48",4
"sim_48",4
"sim_48",4
"sim_48",4
"sim_48",4
"sim_48",4
"sim_48",4
"sim_48",4
"sim_48",4
"sim_48",4
"sim_48",4
"sim_48",4
"sim_48",4
"sim_48",4
"sim_48",4
"sim_48",4
"sim_48",4
"sim_48",4
"sim_48",4
"sim_48",4
"sim_48",4
"sim_48",4
"sim_48",4
"sim_48",4
"sim_48",4
"sim_48",4
"sim_48",4
"sim_48",4
"sim_48",4
"sim_48",4
"sim_48",4
"sim_48",4
"sim_48",4
"sim_48",4
"sim_48",4
"sim_48",4
"sim_48",4
"sim_48",4
"sim_48",4
"sim_48",4
"sim_48",4
"sim_48",4
"sim_48",4
"sim_48",4
"sim_48",4
"sim_48",4
"sim_48",4
"sim_48",4
"sim_48",4
"sim_48",4
"sim_48",4
"sim_48",4
"sim_48",4
"sim_48",4
"sim_48",4
"sim_48",4
"sim_48",4
"sim_48",4
"sim_48",4
"sim_48",4
"sim_48",4
"sim_48",4
"sim_48",4
"sim_48",4
"sim_48",4
"sim_48",4
"sim_48",4
"sim_48",4
"sim_48",4
"sim_48",4
"sim_48",4
"sim_48",4
"sim_48",4
"sim_48",4
"sim_48",4
"sim_48",4
"sim_48",4
"sim_48",4
"sim_48",4
"sim_48",4
"sim_48",4
"sim_48",4
"sim_48",4
"sim_48",4
"sim_48",4
"sim_48",4
"sim_48",4
"sim_48",4
"sim_48",4
"sim_48",4
"sim_48",4
"sim_48",4
"sim_48",4
"sim_48",4
"sim_48",4
"sim_48",4
"sim_48",4
"sim_48",4
"sim_48",4
"sim_48",4
"sim_48",4
"sim_48",4
"sim_48",4
"sim_48",4
"sim_48",4
"sim_48",4
"sim_48",4
"sim_48",4
"sim_48",4
"sim_48",4
"sim_48",4
"sim_48",4
"sim_48",4
"sim_48",4
"sim_48",4
"sim_48",4
"sim_48",4
"sim_48",4
"sim_48",4
"sim_48",4
"sim_48",4
"sim_48",4
"sim_48",4
"sim_48",4
"sim_48",4
"sim_48",4
"sim_48",4
"sim_48",4
"sim_48",4
"sim_48",4
"sim_48",4
"sim_48",4
"sim_48",4
"sim_48",4
"sim_48",4
"sim_48",4
"sim_48",4
"sim_48",4
"sim_48",4
"sim_48",4
"sim_48",4
"sim_48",4
"sim_48",4
"sim_48",4
"sim_48",4
"sim_48",4
"sim_48",4
"sim_48",4
"sim_48",4
"sim_48",4
"sim_48",4
"sim_48",4
"sim_48",4
"sim_48",4
"sim_48",4
"sim_48",4
"sim_48",4
"sim_48",4
"sim_48",4
"sim_48",4
"sim_48",4
"sim_48",4
"sim_48",4
"sim_48",4
"sim_48",4
"sim_48",4
"sim_48",4
"sim_48",4
"sim_48",4
"sim_48",4
"sim_48",4
"sim_48",4
"sim_48",4
"sim_48",4
"sim_48",4
"sim_48",4
"sim_48",4
"sim_48",4
"sim_48",4
"sim_48",4
"sim_48",4
"sim_48",4
"sim_48",4
"sim_48",4
"sim_48",4
"sim_48",4
"sim_48",4
"sim_48",4
"sim_48",4
"sim_48",4
"sim_48",4
"sim_48",4
"sim_48",4
"sim_48",4
"sim_48",5
"sim_48",5
"sim_48",5
"sim_48",5
"sim_48",5
"sim_48",5
"sim_48",5
"sim_48",5
"sim_48",5
"sim_48",5
"sim_48",5
"sim_48",5
"sim_48",5
"sim_48",5
"sim_48",5
"sim_48",5
"sim_48",5
"sim_48",5
"sim_48",5
"sim_48",5
"sim_48",5
"sim_48",5
"sim_48",5
"sim_48",5
"sim_48",5
"sim_48",5
"sim_48",5
"sim_48",5
"sim_48",5
"sim_48",5
"sim_48",5
"sim_48",5
"sim_48",5
"sim_48",5
"sim_48",5
"sim_48",5
"sim_48",5
"sim_48",5
"sim_48",5
"sim_48",5
"sim_48",5
"sim_48",5
"sim_48",5
"sim_48",5
"sim_48",5
"sim_48",5
"sim_48",5
"sim_48",5
"sim_48",5
"sim_48",5
"sim_48",5
"sim_48",5
"sim_48",5
"sim_48",5
"sim_48",5
"sim_48",5
"sim_48",5
"sim_48",5
"sim_48",5
"sim_48",5
"sim_48",5
"sim_48",5
"sim_48",5
"sim_48",5
"sim_48",5
"sim_48",5
"sim_48",5
"sim_48",5
"sim_48",5
"sim_48",6
"sim_48",6
"sim_48",6
"sim_48",6
"sim_48",6
"sim_48",6
"sim_48",6
"sim_48",6
"sim_48",6
"sim_48",6
"sim_48",6
"sim_48",6
"sim_48",6
"sim_48",6
"sim_48",6
"sim_48",6
"sim_48",6
"sim_48",6
"sim_48",6
"sim_48",6
"sim_48",6
"sim_48",6
"sim_48",6
"sim_48",6
"sim_48",6
"sim_48",6
"sim_48",6
"sim_48",6
"sim_48",6
"sim_48",6
"sim_48",6
"sim_48",6
"sim_48",6
"sim_48",6
"sim_48",6
"sim_48",6
"sim_48",6
"sim_48",6
"sim_48",6
"sim_48",6
"sim_48",6
"sim_48",7
"sim_48",7
"sim_48",7
"sim_48",7
"sim_48",7
"sim_48",7
"sim_48",7
"sim_48",7
"sim_48",7
"sim_48",7
"sim_48",7
"sim_48",7
"sim_48",7
"sim_48",7
"sim_48",7
"sim_48",7
"sim_48",7
"sim_48",7
"sim_48",7
"sim_48",7
"sim_48",7
"sim_48",7
"sim_48",7
"sim_48",8
"sim_48",8
"sim_48",8
"sim_48",8
"sim_48",8
"sim_48",8
"sim_48",8
"sim_48",8
"sim_48",8
"sim_48",8
"sim_48",8
"sim_48",9
"sim_48",9
"sim_48",9
"sim_48",9
"sim_48",9
"sim_48",9
"sim_48",9
"sim_48",9
"sim_48",10
"sim_48",10
"sim_48",10
"sim_48",11
"sim_48",11
"sim_48",12
"sim_48",12
"sim_48",12
"sim_48",13
"sim_48",13
"sim_48",14
"sim_48",14
"sim_48",14
"sim_48",14
"sim_48",14
"sim_49",4
"sim_49",4
"sim_49",4
"sim_49",4
"sim_49",4
"sim_49",4
"sim_49",4
"sim_49",4
"sim_49",4
"sim_49",4
"sim_49",4
"sim_49",4
"sim_49",4
"sim_49",4
"sim_49",4
"sim_49",4
"sim_49",4
"sim_49",4
"sim_49",4
"sim_49",4
"sim_49",4
"sim_49",4
"sim_49",4
"sim_49",4
"sim_49",4
"sim_49",4
"sim_49",4
"sim_49",4
"sim_49",4
"sim_49",4
"sim_49",4
"sim_49",4
"sim_49",4
"sim_49",4
"sim_49",4
"sim_49",4
"sim_49",4
"sim_49",4
"sim_49",4
"sim_49",4
"sim_49",4
"sim_49",4
"sim_49",4
"sim_49",4
"sim_49",4
"sim_49",4
"sim_49",4
"sim_49",4
"sim_49",4
"sim_49",4
"sim_49",4
"sim_49",4
"sim_49",4
"sim_49",4
"sim_49",4
"sim_49",4
"sim_49",4
"sim_49",4
"sim_49",4
"sim_49",4
"sim_49",4
"sim_49",4
"sim_49",4
"sim_49",4
"sim_49",4
"sim_49",4
"sim_49",4
"sim_49",4
"sim_49",4
"sim_49",4
"sim_49",4
"sim_49",4
"sim_49",4
"sim_49",4
"sim_49",4
"sim_49",4
"sim_49",4
"sim_49",4
"sim_49",4
"sim_49",4
"sim_49",4
"sim_49",4
"sim_49",4
"sim_49",4
"sim_49",4
"sim_49",4
"sim_49",4
"sim_49",4
"sim_49",4
"sim_49",4
"sim_49",4
"sim_49",4
"sim_49",4
"sim_49",4
"sim_49",4
"sim_49",4
"sim_49",4
"sim_49",4
"sim_49",4
"sim_49",4
"sim_49",4
"sim_49",4
"sim_49",4
"sim_49",4
"sim_49",4
"sim_49",4
"sim_49",4
"sim_49",4
"sim_49",4
"sim_49",4
"sim_49",4
"sim_49",4
"sim_49",4
"sim_49",4
"sim_49",4
"sim_49",4
"sim_49",4
"sim_49",4
"sim_49",4
"sim_49",4
"sim_49",4
"sim_49",4
"sim_49",4
"sim_49",4
"sim_49",4
"sim_49",4
"sim_49",4
"sim_49",4
"sim_49",4
"sim_49",4
"sim_49",4
"sim_49",4
"sim_49",4
"sim_49",4
"sim_49",4
"sim_49",4
"sim_49",4
"sim_49",4
"sim_49",4
"sim_49",4
"sim_49",4
"sim_49",4
"sim_49",4
"sim_49",4
"sim_49",4
"sim_49",4
"sim_49",4
"sim_49",4
"sim_49",4
"sim_49",4
"sim_49",4
"sim_49",4
"sim_49",4
"sim_49",4
"sim_49",4
"sim_49",4
"sim_49",4
"sim_49",4
"sim_49",4
"sim_49",4
"sim_49",4
"sim_49",4
"sim_49",4
"sim_49",4
"sim_49",4
"sim_49",4
"sim_49",4
"sim_49",4
"sim_49",4
"sim_49",4
"sim_49",4
"sim_49",4
"sim_49",4
"sim_49",4
"sim_49",4
"sim_49",4
"sim_49",4
"sim_49",4
"sim_49",4
"sim_49",4
"sim_49",4
"sim_49",4
"sim_49",4
"sim_49",4
"sim_49",4
"sim_49",4
"sim_49",4
"sim_49",4
"sim_49",4
"sim_49",4
"sim_49",4
"sim_49",4
"sim_49",4
"sim_49",4
"sim_49",4
"sim_49",4
"sim_49",4
"sim_49",4
"sim_49",4
"sim_49",4
"sim_49",4
"sim_49",4
"sim_49",4
"sim_49",4
"sim_49",4
"sim_49",4
"sim_49",4
"sim_49",4
"sim_49",4
"sim_49",4
"sim_49",4
"sim_49",4
"sim_49",4
"sim_49",4
"sim_49",4
"sim_49",4
"sim_49",4
"sim_49",4
"sim_49",4
"sim_49",4
"sim_49",4
"sim_49",4
"sim_49",4
"sim_49",4
"sim_49",4
"sim_49",4
"sim_49",4
"sim_49",4
"sim_49",4
"sim_49",4
"sim_49",4
"sim_49",4
"sim_49",4
"sim_49",4
"sim_49",4
"sim_49",4
"sim_49",4
"sim_49",4
"sim_49",4
"sim_49",4
"sim_49",4
"sim_49",4
"sim_49",4
"sim_49",4
"sim_49",4
"sim_49",4
"sim_49",4
"sim_49",4
"sim_49",4
"sim_49",4
"sim_49",4
"sim_49",4
"sim_49",4
"sim_49",4
"sim_49",4
"sim_49",4
"sim_49",4
"sim_49",4
"sim_49",4
"sim_49",4
"sim_49",4
"sim_49",4
"sim_49",4
"sim_49",4
"sim_49",4
"sim_49",4
"sim_49",4
"sim_49",4
"sim_49",4
"sim_49",4
"sim_49",4
"sim_49",4
"sim_49",4
"sim_49",4
"sim_49",4
"sim_49",4
"sim_49",4
"sim_49",4
"sim_49",4
"sim_49",4
"sim_49",4
"sim_49",4
"sim_49",4
"sim_49",4
"sim_49",4
"sim_49",4
"sim_49",4
"sim_49",4
"sim_49",4
"sim_49",4
"sim_49",4
"sim_49",4
"sim_49",4
"sim_49",4
"sim_49",4
"sim_49",4
"sim_49",4
"sim_49",4
"sim_49",4
"sim_49",4
"sim_49",4
"sim_49",4
"sim_49",4
"sim_49",4
"sim_49",4
"sim_49",4
"sim_49",4
"sim_49",4
"sim_49",4
"sim_49",4
"sim_49",4
"sim_49",4
"sim_49",4
"sim_49",4
"sim_49",4
"sim_49",4
"sim_49",4
"sim_49",4
"sim_49",4
"sim_49",4
"sim_49",4
"sim_49",4
"sim_49",4
"sim_49",4
"sim_49",4
"sim_49",4
"sim_49",4
"sim_49",4
"sim_49",4
"sim_49",4
"sim_49",4
"sim_49",4
"sim_49",4
"sim_49",4
"sim_49",4
"sim_49",4
"sim_49",4
"sim_49",4
"sim_49",4
"sim_49",4
"sim_49",4
"sim_49",4
"sim_49",4
"sim_49",4
"sim_49",4
"sim_49",4
"sim_49",4
"sim_49",4
"sim_49",4
"sim_49",4
"sim_49",4
"sim_49",4
"sim_49",4
"sim_49",4
"sim_49",4
"sim_49",4
"sim_49",4
"sim_49",4
"sim_49",4
"sim_49",4
"sim_49",4
"sim_49",4
"sim_49",4
"sim_49",4
"sim_49",4
"sim_49",4
"sim_49",5
"sim_49",5
"sim_49",5
"sim_49",5
"sim_49",5
"sim_49",5
"sim_49",5
"sim_49",5
"sim_49",5
"sim_49",5
"sim_49",5
"sim_49",5
"sim_49",5
"sim_49",5
"sim_49",5
"sim_49",5
"sim_49",5
"sim_49",5
"sim_49",5
"sim_49",5
"sim_49",5
"sim_49",5
"sim_49",5
"sim_49",5
"sim_49",5
"sim_49",5
"sim_49",5
"sim_49",5
"sim_49",5
"sim_49",5
"sim_49",5
"sim_49",5
"sim_49",5
"sim_49",5
"sim_49",5
"sim_49",5
"sim_49",5
"sim_49",5
"sim_49",5
"sim_49",5
"sim_49",5
"sim_49",5
"sim_49",5
"sim_49",5
"sim_49",5
"sim_49",5
"sim_49",5
"sim_49",5
"sim_49",5
"sim_49",5
"sim_49",5
"sim_49",5
"sim_49",5
"sim_49",5
"sim_49",5
"sim_49",5
"sim_49",5
"sim_49",5
"sim_49",5
"sim_49",5
"sim_49",5
"sim_49",5
"sim_49",5
"sim_49",5
"sim_49",5
"sim_49",5
"sim_49",5
"sim_49",5
"sim_49",5
"sim_49",5
"sim_49",5
"sim_49",5
"sim_49",5
"sim_49",5
"sim_49",5
"sim_49",5
"sim_49",5
"sim_49",5
"sim_49",5
"sim_49",5
"sim_49",5
"sim_49",5
"sim_49",5
"sim_49",5
"sim_49",5
"sim_49",5
"sim_49",5
"sim_49",5
"sim_49",5
"sim_49",5
"sim_49",5
"sim_49",6
"sim_49",6
"sim_49",6
"sim_49",6
"sim_49",6
"sim_49",6
"sim_49",6
"sim_49",6
"sim_49",6
"sim_49",6
"sim_49",6
"sim_49",6
"sim_49",6
"sim_49",6
"sim_49",6
"sim_49",6
"sim_49",6
"sim_49",6
"sim_49",6
"sim_49",6
"sim_49",6
"sim_49",6
"sim_49",6
"sim_49",6
"sim_49",6
"sim_49",6
"sim_49",6
"sim_49",6
"sim_49",6
"sim_49",6
"sim_49",6
"sim_49",7
"sim_49",7
"sim_49",7
"sim_49",7
"sim_49",7
"sim_49",7
"sim_49",7
"sim_49",7
"sim_49",7
"sim_49",7
"sim_49",7
"sim_49",7
"sim_49",7
"sim_49",7
"sim_49",7
"sim_49",7
"sim_49",7
"sim_49",7
"sim_49",7
"sim_49",7
"sim_49",7
"sim_49",7
"sim_49",7
"sim_49",7
"sim_49",7
"sim_49",7
"sim_49",7
"sim_49",7
"sim_49",7
"sim_49",7
"sim_49",7
"sim_49",7
"sim_49",7
"sim_49",7
"sim_49",8
"sim_49",8
"sim_49",8
"sim_49",8
"sim_49",8
"sim_49",8
"sim_49",8
"sim_49",8
"sim_49",8
"sim_49",8
"sim_49",8
"sim_49",8
"sim_49",8
"sim_49",8
"sim_49",8
"sim_49",9
"sim_49",9
"sim_49",9
"sim_49",9
"sim_49",9
"sim_49",9
"sim_49",9
"sim_49",9
"sim_49",10
"sim_49",10
"sim_49",10
"sim_49",10
"sim_49",10
"sim_49",11
"sim_49",11
"sim_49",12
"sim_49",12
"sim_49",12
"sim_49",13
"sim_49",13
"sim_49",13
"sim_49",14
"sim_49",14
"sim_49",14
"sim_49",14
"sim_49",15
"sim_49",15
"sim_49",15
"sim_49",15
"sim_50",4
"sim_50",4
"sim_50",4
"sim_50",4
"sim_50",4
"sim_50",4
"sim_50",4
"sim_50",4
"sim_50",4
"sim_50",4
"sim_50",4
"sim_50",4
"sim_50",4
"sim_50",4
"sim_50",4
"sim_50",4
"sim_50",4
"sim_50",4
"sim_50",4
"sim_50",4
"sim_50",4
"sim_50",4
"sim_50",4
"sim_50",4
"sim_50",4
"sim_50",4
"sim_50",4
"sim_50",4
"sim_50",4
"sim_50",4
"sim_50",4
"sim_50",4
"sim_50",4
"sim_50",4
"sim_50",4
"sim_50",4
"sim_50",4
"sim_50",4
"sim_50",4
"sim_50",4
"sim_50",4
"sim_50",4
"sim_50",4
"sim_50",4
"sim_50",4
"sim_50",4
"sim_50",4
"sim_50",4
"sim_50",4
"sim_50",4
"sim_50",4
"sim_50",4
"sim_50",4
"sim_50",4
"sim_50",4
"sim_50",4
"sim_50",4
"sim_50",4
"sim_50",4
"sim_50",4
"sim_50",4
"sim_50",4
"sim_50",4
"sim_50",4
"sim_50",4
"sim_50",4
"sim_50",4
"sim_50",4
"sim_50",4
"sim_50",4
"sim_50",4
"sim_50",4
"sim_50",4
"sim_50",4
"sim_50",4
"sim_50",4
"sim_50",4
"sim_50",4
"sim_50",4
"sim_50",4
"sim_50",4
"sim_50",4
"sim_50",4
"sim_50",4
"sim_50",4
"sim_50",4
"sim_50",4
"sim_50",4
"sim_50",4
"sim_50",4
"sim_50",4
"sim_50",4
"sim_50",4
"sim_50",4
"sim_50",4
"sim_50",4
"sim_50",4
"sim_50",4
"sim_50",4
"sim_50",4
"sim_50",4
"sim_50",4
"sim_50",4
"sim_50",4
"sim_50",4
"sim_50",4
"sim_50",4
"sim_50",4
"sim_50",4
"sim_50",4
"sim_50",4
"sim_50",4
"sim_50",4
"sim_50",4
"sim_50",4
"sim_50",4
"sim_50",4
"sim_50",4
"sim_50",4
"sim_50",4
"sim_50",4
"sim_50",4
"sim_50",4
"sim_50",4
"sim_50",4
"sim_50",4
"sim_50",4
"sim_50",4
"sim_50",4
"sim_50",4
"sim_50",4
"sim_50",4
"sim_50",4
"sim_50",4
"sim_50",4
"sim_50",4
"sim_50",4
"sim_50",4
"sim_50",4
"sim_50",4
"sim_50",4
"sim_50",4
"sim_50",4
"sim_50",4
"sim_50",4
"sim_50",4
"sim_50",4
"sim_50",4
"sim_50",4
"sim_50",4
"sim_50",4
"sim_50",4
"sim_50",4
"sim_50",4
"sim_50",4
"sim_50",4
"sim_50",4
"sim_50",4
"sim_50",4
"sim_50",4
"sim_50",4
"sim_50",4
"sim_50",4
"sim_50",4
"sim_50",4
"sim_50",4
"sim_50",4
"sim_50",4
"sim_50",4
"sim_50",4
"sim_50",4
"sim_50",4
"sim_50",4
"sim_50",4
"sim_50",4
"sim_50",4
"sim_50",4
"sim_50",4
"sim_50",4
"sim_50",4
"sim_50",4
"sim_50",4
"sim_50",4
"sim_50",4
"sim_50",4
"sim_50",4
"sim_50",4
"sim_50",4
"sim_50",4
"sim_50",4
"sim_50",4
"sim_50",4
"sim_50",4
"sim_50",4
"sim_50",4
"sim_50",4
"sim_50",4
"sim_50",4
"sim_50",4
"sim_50",4
"sim_50",4
"sim_50",4
"sim_50",4
"sim_50",4
"sim_50",4
"sim_50",4
"sim_50",4
"sim_50",4
"sim_50",4
"sim_50",4
"sim_50",4
"sim_50",4
"sim_50",4
"sim_50",4
"sim_50",4
"sim_50",4
"sim_50",4
"sim_50",4
"sim_50",4
"sim_50",4
"sim_50",4
"sim_50",4
"sim_50",4
"sim_50",4
"sim_50",4
"sim_50",4
"sim_50",4
"sim_50",4
"sim_50",4
"sim_50",4
"sim_50",4
"sim_50",4
"sim_50",4
"sim_50",4
"sim_50",4
"sim_50",4
"sim_50",4
"sim_50",4
"sim_50",4
"sim_50",4
"sim_50",4
"sim_50",4
"sim_50",4
"sim_50",4
"sim_50",4
"sim_50",4
"sim_50",4
"sim_50",4
"sim_50",4
"sim_50",4
"sim_50",4
"sim_50",4
"sim_50",4
"sim_50",4
"sim_50",4
"sim_50",4
"sim_50",4
"sim_50",4
"sim_50",4
"sim_50",4
"sim_50",4
"sim_50",4
"sim_50",4
"sim_50",4
"sim_50",4
"sim_50",4
"sim_50",4
"sim_50",4
"sim_50",4
"sim_50",4
"sim_50",4
"sim_50",4
"sim_50",4
"sim_50",4
"sim_50",4
"sim_50",4
"sim_50",4
"sim_50",4
"sim_50",4
"sim_50",4
"sim_50",4
"sim_50",4
"sim_50",4
"sim_50",4
"sim_50",4
"sim_50",4
"sim_50",4
"sim_50",4
"sim_50",4
"sim_50",4
"sim_50",4
"sim_50",4
"sim_50",4
"sim_50",4
"sim_50",4
"sim_50",4
"sim_50",4
"sim_50",4
"sim_50",4
"sim_50",4
"sim_50",4
"sim_50",4
"sim_50",4
"sim_50",4
"sim_50",4
"sim_50",4
"sim_50",4
"sim_50",4
"sim_50",4
"sim_50",4
"sim_50",4
"sim_50",4
"sim_50",4
"sim_50",4
"sim_50",4
"sim_50",4
"sim_50",4
"sim_50",4
"sim_50",4
"sim_50",4
"sim_50",4
"sim_50",4
"sim_50",4
"sim_50",4
"sim_50",4
"sim_50",4
"sim_50",4
"sim_50",4
"sim_50",4
"sim_50",4
"sim_50",4
"sim_50",4
"sim_50",4
"sim_50",4
"sim_50",4
"sim_50",4
"sim_50",4
"sim_50",4
"sim_50",4
"sim_50",4
"sim_50",4
"sim_50",4
"sim_50",4
"sim_50",4
"sim_50",4
"sim_50",4
"sim_50",4
"sim_50",4
"sim_50",4
"sim_50",4
"sim_50",4
"sim_50",4
"sim_50",4
"sim_50",4
"sim_50",4
"sim_50",4
"sim_50",4
"sim_50",4
"sim_50",4
"sim_50",4
"sim_50",4
"sim_50",4
"sim_50",4
"sim_50",4
"sim_50",4
"sim_50",4
"sim_50",4
"sim_50",4
"sim_50",4
"sim_50",4
"sim_50",4
"sim_50",4
"sim_50",4
"sim_50",4
"sim_50",4
"sim_50",4
"sim_50",4
"sim_50",4
"sim_50",4
"sim_50",4
"sim_50",4
"sim_50",4
"sim_50",4
"sim_50",4
"sim_50",4
"sim_50",4
"sim_50",4
"sim_50",4
"sim_50",4
"sim_50",4
"sim_50",4
"sim_50",4
"sim_50",4
"sim_50",4
"sim_50",4
"sim_50",5
"sim_50",5
"sim_50",5
"sim_50",5
"sim_50",5
"sim_50",5
"sim_50",5
"sim_50",5
"sim_50",5
"sim_50",5
"sim_50",5
"sim_50",5
"sim_50",5
"sim_50",5
"sim_50",5
"sim_50",5
"sim_50",5
"sim_50",5
"sim_50",5
"sim_50",5
"sim_50",5
"sim_50",5
"sim_50",5
"sim_50",5
"sim_50",5
"sim_50",5
"sim_50",5
"sim_50",5
"sim_50",5
"sim_50",5
"sim_50",5
"sim_50",5
"sim_50",5
"sim_50",5
"sim_50",5
"sim_50",5
"sim_50",5
"sim_50",5
"sim_50",5
"sim_50",5
"sim_50",5
"sim_50",5
"sim_50",5
"sim_50",5
"sim_50",5
"sim_50",5
"sim_50",5
"sim_50",5
"sim_50",5
"sim_50",5
"sim_50",5
"sim_50",5
"sim_50",5
"sim_50",5
"sim_50",5
"sim_50",5
"sim_50",5
"sim_50",5
"sim_50",5
"sim_50",5
"sim_50",5
"sim_50",5
"sim_50",5
"sim_50",5
"sim_50",5
"sim_50",5
"sim_50",5
"sim_50",5
"sim_50",5
"sim_50",5
"sim_50",5
"sim_50",5
"sim_50",5
"sim_50",5
"sim_50",5
"sim_50",5
"sim_50",5
"sim_50",5
"sim_50",5
"sim_50",5
"sim_50",5
"sim_50",5
"sim_50",5
"sim_50",5
"sim_50",5
"sim_50",5
"sim_50",5
"sim_50",5
"sim_50",6
"sim_50",6
"sim_50",6
"sim_50",6
"sim_50",6
"sim_50",6
"sim_50",6
"sim_50",6
"sim_50",6
"sim_50",6
"sim_50",6
"sim_50",6
"sim_50",6
"sim_50",6
"sim_50",6
"sim_50",6
"sim_50",6
"sim_50",6
"sim_50",6
"sim_50",6
"sim_50",6
"sim_50",6
"sim_50",6
"sim_50",6
"sim_50",6
"sim_50",6
"sim_50",6
"sim_50",6
"sim_50",6
"sim_50",6
"sim_50",6
"sim_50",6
"sim_50",6
"sim_50",6
"sim_50",6
"sim_50",7
"sim_50",7
"sim_50",7
"sim_50",7
"sim_50",7
"sim_50",7
"sim_50",7
"sim_50",7
"sim_50",7
"sim_50",7
"sim_50",7
"sim_50",7
"sim_50",7
"sim_50",7
"sim_50",7
"sim_50",7
"sim_50",7
"sim_50",7
"sim_50",7
"sim_50",8
"sim_50",8
"sim_50",8
"sim_50",8
"sim_50",8
"sim_50",8
"sim_50",8
"sim_50",8
"sim_50",8
"sim_50",8
"sim_50",8
"sim_50",8
"sim_50",8
"sim_50",8
"sim_50",8
"sim_50",8
"sim_50",8
"sim_50",8
"sim_50",8
"sim_50",8
"sim_50",8
"sim_50",8
"sim_50",9
"sim_50",9
"sim_50",9
"sim_50",10
"sim_50",10
"sim_50",10
"sim_50",10
"sim_51",4
"sim_51",4
"sim_51",4
"sim_51",4
"sim_51",4
"sim_51",4
"sim_51",4
"sim_51",4
"sim_51",4
"sim_51",4
"sim_51",4
"sim_51",4
"sim_51",4
"sim_51",4
"sim_51",4
"sim_51",4
"sim_51",4
"sim_51",4
"sim_51",4
"sim_51",4
"sim_51",4
"sim_51",4
"sim_51",4
"sim_51",4
"sim_51",4
"sim_51",4
"sim_51",4
"sim_51",4
"sim_51",4
"sim_51",4
"sim_51",4
"sim_51",4
"sim_51",4
"sim_51",4
"sim_51",4
"sim_51",4
"sim_51",4
"sim_51",4
"sim_51",4
"sim_51",4
"sim_51",4
"sim_51",4
"sim_51",4
"sim_51",4
"sim_51",4
"sim_51",4
"sim_51",4
"sim_51",4
"sim_51",4
"sim_51",4
"sim_51",4
"sim_51",4
"sim_51",4
"sim_51",4
"sim_51",4
"sim_51",4
"sim_51",4
"sim_51",4
"sim_51",4
"sim_51",4
"sim_51",4
"sim_51",4
"sim_51",4
"sim_51",4
"sim_51",4
"sim_51",4
"sim_51",4
"sim_51",4
"sim_51",4
"sim_51",4
"sim_51",4
"sim_51",4
"sim_51",4
"sim_51",4
"sim_51",4
"sim_51",4
"sim_51",4
"sim_51",4
"sim_51",4
"sim_51",4
"sim_51",4
"sim_51",4
"sim_51",4
"sim_51",4
"sim_51",4
"sim_51",4
"sim_51",4
"sim_51",4
"sim_51",4
"sim_51",4
"sim_51",4
"sim_51",4
"sim_51",4
"sim_51",4
"sim_51",4
"sim_51",4
"sim_51",4
"sim_51",4
"sim_51",4
"sim_51",4
"sim_51",4
"sim_51",4
"sim_51",4
"sim_51",4
"sim_51",4
"sim_51",4
"sim_51",4
"sim_51",4
"sim_51",4
"sim_51",4
"sim_51",4
"sim_51",4
"sim_51",4
"sim_51",4
"sim_51",4
"sim_51",4
"sim_51",4
"sim_51",4
"sim_51",4
"sim_51",4
"sim_51",4
"sim_51",4
"sim_51",4
"sim_51",4
"sim_51",4
"sim_51",4
"sim_51",4
"sim_51",4
"sim_51",4
"sim_51",4
"sim_51",4
"sim_51",4
"sim_51",4
"sim_51",4
"sim_51",4
"sim_51",4
"sim_51",4
"sim_51",4
"sim_51",4
"sim_51",4
"sim_51",4
"sim_51",4
"sim_51",4
"sim_51",4
"sim_51",4
"sim_51",4
"sim_51",4
"sim_51",4
"sim_51",4
"sim_51",4
"sim_51",4
"sim_51",4
"sim_51",4
"sim_51",4
"sim_51",4
"sim_51",4
"sim_51",4
"sim_51",4
"sim_51",4
"sim_51",4
"sim_51",4
"sim_51",4
"sim_51",4
"sim_51",4
"sim_51",4
"sim_51",4
"sim_51",4
"sim_51",4
"sim_51",4
"sim_51",4
"sim_51",4
"sim_51",4
"sim_51",4
"sim_51",4
"sim_51",4
"sim_51",4
"sim_51",4
"sim_51",4
"sim_51",4
"sim_51",4
"sim_51",4
"sim_51",4
"sim_51",4
"sim_51",4
"sim_51",4
"sim_51",4
"sim_51",4
"sim_51",4
"sim_51",4
"sim_51",4
"sim_51",4
"sim_51",4
"sim_51",4
"sim_51",4
"sim_51",4
"sim_51",4
"sim_51",4
"sim_51",4
"sim_51",4
"sim_51",4
"sim_51",4
"sim_51",4
"sim_51",4
"sim_51",4
"sim_51",4
"sim_51",4
"sim_51",4
"sim_51",4
"sim_51",4
"sim_51",4
"sim_51",4
"sim_51",4
"sim_51",4
"sim_51",4
"sim_51",4
"sim_51",4
"sim_51",4
"sim_51",4
"sim_51",4
"sim_51",4
"sim_51",4
"sim_51",4
"sim_51",4
"sim_51",4
"sim_51",4
"sim_51",4
"sim_51",4
"sim_51",4
"sim_51",4
"sim_51",4
"sim_51",4
"sim_51",4
"sim_51",4
"sim_51",4
"sim_51",4
"sim_51",4
"sim_51",4
"sim_51",4
"sim_51",4
"sim_51",4
"sim_51",4
"sim_51",4
"sim_51",4
"sim_51",4
"sim_51",4
"sim_51",4
"sim_51",4
"sim_51",4
"sim_51",4
"sim_51",4
"sim_51",4
"sim_51",4
"sim_51",4
"sim_51",4
"sim_51",4
"sim_51",4
"sim_51",4
"sim_51",4
"sim_51",4
"sim_51",4
"sim_51",4
"sim_51",4
"sim_51",4
"sim_51",4
"sim_51",4
"sim_51",4
"sim_51",4
"sim_51",4
"sim_51",4
"sim_51",4
"sim_51",4
"sim_51",4
"sim_51",4
"sim_51",4
"sim_51",4
"sim_51",4
"sim_51",4
"sim_51",4
"sim_51",4
"sim_51",4
"sim_51",4
"sim_51",4
"sim_51",4
"sim_51",4
"sim_51",4
"sim_51",4
"sim_51",4
"sim_51",4
"sim_51",4
"sim_51",4
"sim_51",4
"sim_51",4
"sim_51",4
"sim_51",4
"sim_51",4
"sim_51",4
"sim_51",4
"sim_51",4
"sim_51",4
"sim_51",4
"sim_51",4
"sim_51",4
"sim_51",4
"sim_51",4
"sim_51",4
"sim_51",4
"sim_51",4
"sim_51",4
"sim_51",4
"sim_51",4
"sim_51",4
"sim_51",4
"sim_51",4
"sim_51",4
"sim_51",4
"sim_51",4
"sim_51",4
"sim_51",4
"sim_51",4
"sim_51",4
"sim_51",4
"sim_51",4
"sim_51",4
"sim_51",4
"sim_51",4
"sim_51",4
"sim_51",4
"sim_51",4
"sim_51",4
"sim_51",4
"sim_51",4
"sim_51",4
"sim_51",4
"sim_51",4
"sim_51",4
"sim_51",4
"sim_51",4
"sim_51",4
"sim_51",4
"sim_51",4
"sim_51",4
"sim_51",4
"sim_51",4
"sim_51",4
"sim_51",4
"sim_51",4
"sim_51",4
"sim_51",4
"sim_51",4
"sim_51",4
"sim_51",4
"sim_51",4
"sim_51",4
"sim_51",4
"sim_51",4
"sim_51",4
"sim_51",4
"sim_51",4
"sim_51",4
"sim_51",4
"sim_51",4
"sim_51",4
"sim_51",4
"sim_51",4
"sim_51",4
"sim_51",4
"sim_51",4
"sim_51",4
"sim_51",4
"sim_51",4
"sim_51",4
"sim_51",4
"sim_51",5
"sim_51",5
"sim_51",5
"sim_51",5
"sim_51",5
"sim_51",5
"sim_51",5
"sim_51",5
"sim_51",5
"sim_51",5
"sim_51",5
"sim_51",5
"sim_51",5
"sim_51",5
"sim_51",5
"sim_51",5
"sim_51",5
"sim_51",5
"sim_51",5
"sim_51",5
"sim_51",5
"sim_51",5
"sim_51",5
"sim_51",5
"sim_51",5
"sim_51",5
"sim_51",5
"sim_51",5
"sim_51",5
"sim_51",5
"sim_51",5
"sim_51",5
"sim_51",5
"sim_51",5
"sim_51",5
"sim_51",5
"sim_51",5
"sim_51",5
"sim_51",5
"sim_51",5
"sim_51",5
"sim_51",5
"sim_51",5
"sim_51",5
"sim_51",5
"sim_51",5
"sim_51",5
"sim_51",5
"sim_51",5
"sim_51",5
"sim_51",5
"sim_51",5
"sim_51",5
"sim_51",5
"sim_51",5
"sim_51",5
"sim_51",5
"sim_51",5
"sim_51",5
"sim_51",5
"sim_51",5
"sim_51",5
"sim_51",5
"sim_51",5
"sim_51",5
"sim_51",5
"sim_51",5
"sim_51",5
"sim_51",5
"sim_51",5
"sim_51",5
"sim_51",5
"sim_51",5
"sim_51",5
"sim_51",5
"sim_51",5
"sim_51",5
"sim_51",5
"sim_51",5
"sim_51",5
"sim_51",5
"sim_51",5
"sim_51",5
"sim_51",5
"sim_51",5
"sim_51",5
"sim_51",5
"sim_51",5
"sim_51",5
"sim_51",5
"sim_51",5
"sim_51",5
"sim_51",5
"sim_51",5
"sim_51",5
"sim_51",5
"sim_51",5
"sim_51",5
"sim_51",5
"sim_51",5
"sim_51",5
"sim_51",5
"sim_51",6
"sim_51",6
"sim_51",6
"sim_51",6
"sim_51",6
"sim_51",6
"sim_51",6
"sim_51",6
"sim_51",6
"sim_51",6
"sim_51",6
"sim_51",6
"sim_51",6
"sim_51",6
"sim_51",6
"sim_51",6
"sim_51",6
"sim_51",6
"sim_51",6
"sim_51",6
"sim_51",6
"sim_51",6
"sim_51",6
"sim_51",6
"sim_51",6
"sim_51",6
"sim_51",6
"sim_51",6
"sim_51",6
"sim_51",6
"sim_51",6
"sim_51",6
"sim_51",6
"sim_51",6
"sim_51",6
"sim_51",6
"sim_51",6
"sim_51",6
"sim_51",6
"sim_51",6
"sim_51",6
"sim_51",6
"sim_51",6
"sim_51",6
"sim_51",6
"sim_51",6
"sim_51",7
"sim_51",7
"sim_51",7
"sim_51",7
"sim_51",7
"sim_51",7
"sim_51",7
"sim_51",7
"sim_51",7
"sim_51",7
"sim_51",7
"sim_51",7
"sim_51",7
"sim_51",8
"sim_51",8
"sim_51",8
"sim_51",8
"sim_51",8
"sim_51",8
"sim_51",8
"sim_51",8
"sim_51",8
"sim_51",8
"sim_51",8
"sim_51",8
"sim_51",8
"sim_51",8
"sim_51",8
"sim_51",8
"sim_51",8
"sim_51",8
"sim_51",8
"sim_51",8
"sim_51",8
"sim_51",8
"sim_51",8
"sim_51",9
"sim_51",9
"sim_51",9
"sim_51",9
"sim_51",9
"sim_51",9
"sim_51",10
"sim_51",11
"sim_51",13
"sim_51",13
"sim_52",4
"sim_52",4
"sim_52",4
"sim_52",4
"sim_52",4
"sim_52",4
"sim_52",4
"sim_52",4
"sim_52",4
"sim_52",4
"sim_52",4
"sim_52",4
"sim_52",4
"sim_52",4
"sim_52",4
"sim_52",4
"sim_52",4
"sim_52",4
"sim_52",4
"sim_52",4
"sim_52",4
"sim_52",4
"sim_52",4
"sim_52",4
"sim_52",4
"sim_52",4
"sim_52",4
"sim_52",4
"sim_52",4
"sim_52",4
"sim_52",4
"sim_52",4
"sim_52",4
"sim_52",4
"sim_52",4
"sim_52",4
"sim_52",4
"sim_52",4
"sim_52",4
"sim_52",4
"sim_52",4
"sim_52",4
"sim_52",4
"sim_52",4
"sim_52",4
"sim_52",4
"sim_52",4
"sim_52",4
"sim_52",4
"sim_52",4
"sim_52",4
"sim_52",4
"sim_52",4
"sim_52",4
"sim_52",4
"sim_52",4
"sim_52",4
"sim_52",4
"sim_52",4
"sim_52",4
"sim_52",4
"sim_52",4
"sim_52",4
"sim_52",4
"sim_52",4
"sim_52",4
"sim_52",4
"sim_52",4
"sim_52",4
"sim_52",4
"sim_52",4
"sim_52",4
"sim_52",4
"sim_52",4
"sim_52",4
"sim_52",4
"sim_52",4
"sim_52",4
"sim_52",4
"sim_52",4
"sim_52",4
"sim_52",4
"sim_52",4
"sim_52",4
"sim_52",4
"sim_52",4
"sim_52",4
"sim_52",4
"sim_52",4
"sim_52",4
"sim_52",4
"sim_52",4
"sim_52",4
"sim_52",4
"sim_52",4
"sim_52",4
"sim_52",4
"sim_52",4
"sim_52",4
"sim_52",4
"sim_52",4
"sim_52",4
"sim_52",4
"sim_52",4
"sim_52",4
"sim_52",4
"sim_52",4
"sim_52",4
"sim_52",4
"sim_52",4
"sim_52",4
"sim_52",4
"sim_52",4
"sim_52",4
"sim_52",4
"sim_52",4
"sim_52",4
"sim_52",4
"sim_52",4
"sim_52",4
"sim_52",4
"sim_52",4
"sim_52",4
"sim_52",4
"sim_52",4
"sim_52",4
"sim_52",4
"sim_52",4
"sim_52",4
"sim_52",4
"sim_52",4
"sim_52",4
"sim_52",4
"sim_52",4
"sim_52",4
"sim_52",4
"sim_52",4
"sim_52",4
"sim_52",4
"sim_52",4
"sim_52",4
"sim_52",4
"sim_52",4
"sim_52",4
"sim_52",4
"sim_52",4
"sim_52",4
"sim_52",4
"sim_52",4
"sim_52",4
"sim_52",4
"sim_52",4
"sim_52",4
"sim_52",4
"sim_52",4
"sim_52",4
"sim_52",4
"sim_52",4
"sim_52",4
"sim_52",4
"sim_52",4
"sim_52",4
"sim_52",4
"sim_52",4
"sim_52",4
"sim_52",4
"sim_52",4
"sim_52",4
"sim_52",4
"sim_52",4
"sim_52",4
"sim_52",4
"sim_52",4
"sim_52",4
"sim_52",4
"sim_52",4
"sim_52",4
"sim_52",4
"sim_52",4
"sim_52",4
"sim_52",4
"sim_52",4
"sim_52",4
"sim_52",4
"sim_52",4
"sim_52",4
"sim_52",4
"sim_52",4
"sim_52",4
"sim_52",4
"sim_52",4
"sim_52",4
"sim_52",4
"sim_52",4
"sim_52",4
"sim_52",4
"sim_52",4
"sim_52",4
"sim_52",4
"sim_52",4
"sim_52",4
"sim_52",4
"sim_52",4
"sim_52",4
"sim_52",4
"sim_52",4
"sim_52",4
"sim_52",4
"sim_52",4
"sim_52",4
"sim_52",4
"sim_52",4
"sim_52",4
"sim_52",4
"sim_52",4
"sim_52",4
"sim_52",4
"sim_52",4
"sim_52",4
"sim_52",4
"sim_52",4
"sim_52",4
"sim_52",4
"sim_52",4
"sim_52",4
"sim_52",4
"sim_52",4
"sim_52",4
"sim_52",4
"sim_52",4
"sim_52",4
"sim_52",4
"sim_52",4
"sim_52",4
"sim_52",4
"sim_52",4
"sim_52",4
"sim_52",4
"sim_52",4
"sim_52",4
"sim_52",4
"sim_52",4
"sim_52",4
"sim_52",4
"sim_52",4
"sim_52",4
"sim_52",4
"sim_52",4
"sim_52",4
"sim_52",4
"sim_52",4
"sim_52",4
"sim_52",4
"sim_52",4
"sim_52",4
"sim_52",4
"sim_52",4
"sim_52",4
"sim_52",4
"sim_52",4
"sim_52",4
"sim_52",4
"sim_52",4
"sim_52",4
"sim_52",4
"sim_52",4
"sim_52",4
"sim_52",4
"sim_52",4
"sim_52",4
"sim_52",4
"sim_52",4
"sim_52",4
"sim_52",4
"sim_52",4
"sim_52",4
"sim_52",4
"sim_52",4
"sim_52",4
"sim_52",4
"sim_52",4
"sim_52",4
"sim_52",4
"sim_52",4
"sim_52",4
"sim_52",4
"sim_52",4
"sim_52",4
"sim_52",4
"sim_52",4
"sim_52",4
"sim_52",4
"sim_52",4
"sim_52",4
"sim_52",4
"sim_52",4
"sim_52",4
"sim_52",4
"sim_52",4
"sim_52",4
"sim_52",4
"sim_52",4
"sim_52",4
"sim_52",4
"sim_52",4
"sim_52",4
"sim_52",4
"sim_52",4
"sim_52",4
"sim_52",4
"sim_52",4
"sim_52",4
"sim_52",4
"sim_52",4
"sim_52",4
"sim_52",4
"sim_52",4
"sim_52",4
"sim_52",4
"sim_52",4
"sim_52",4
"sim_52",4
"sim_52",4
"sim_52",4
"sim_52",4
"sim_52",4
"sim_52",4
"sim_52",4
"sim_52",4
"sim_52",4
"sim_52",4
"sim_52",4
"sim_52",4
"sim_52",4
"sim_52",4
"sim_52",4
"sim_52",4
"sim_52",4
"sim_52",4
"sim_52",4
"sim_52",4
"sim_52",4
"sim_52",4
"sim_52",4
"sim_52",4
"sim_52",4
"sim_52",4
"sim_52",4
"sim_52",4
"sim_52",4
"sim_52",4
"sim_52",4
"sim_52",4
"sim_52",4
"sim_52",4
"sim_52",4
"sim_52",4
"sim_52",4
"sim_52",4
"sim_52",4
"sim_52",4
"sim_52",4
"sim_52",4
"sim_52",4
"sim_52",4
"sim_52",4
"sim_52",4
"sim_52",4
"sim_52",4
"sim_52",4
"sim_52",4
"sim_52",4
"sim_52",4
"sim_52",4
"sim_52",4
"sim_52",5
"sim_52",5
"sim_52",5
"sim_52",5
"sim_52",5
"sim_52",5
"sim_52",5
"sim_52",5
"sim_52",5
"sim_52",5
"sim_52",5
"sim_52",5
"sim_52",5
"sim_52",5
"sim_52",5
"sim_52",5
"sim_52",5
"sim_52",5
"sim_52",5
"sim_52",5
"sim_52",5
"sim_52",5
"sim_52",5
"sim_52",5
"sim_52",5
"sim_52",5
"sim_52",5
"sim_52",5
"sim_52",5
"sim_52",5
"sim_52",5
"sim_52",5
"sim_52",5
"sim_52",5
"sim_52",5
"sim_52",5
"sim_52",5
"sim_52",5
"sim_52",5
"sim_52",5
"sim_52",5
"sim_52",5
"sim_52",5
"sim_52",5
"sim_52",5
"sim_52",5
"sim_52",5
"sim_52",5
"sim_52",5
"sim_52",5
"sim_52",5
"sim_52",5
"sim_52",5
"sim_52",5
"sim_52",5
"sim_52",5
"sim_52",5
"sim_52",5
"sim_52",5
"sim_52",5
"sim_52",5
"sim_52",5
"sim_52",5
"sim_52",5
"sim_52",5
"sim_52",5
"sim_52",5
"sim_52",5
"sim_52",5
"sim_52",5
"sim_52",5
"sim_52",5
"sim_52",5
"sim_52",5
"sim_52",5
"sim_52",5
"sim_52",5
"sim_52",5
"sim_52",5
"sim_52",5
"sim_52",5
"sim_52",5
"sim_52",5
"sim_52",5
"sim_52",5
"sim_52",5
"sim_52",5
"sim_52",5
"sim_52",5
"sim_52",5
"sim_52",5
"sim_52",5
"sim_52",5
"sim_52",5
"sim_52",5
"sim_52",5
"sim_52",5
"sim_52",5
"sim_52",5
"sim_52",5
"sim_52",5
"sim_52",6
"sim_52",6
"sim_52",6
"sim_52",6
"sim_52",6
"sim_52",6
"sim_52",6
"sim_52",6
"sim_52",6
"sim_52",6
"sim_52",6
"sim_52",6
"sim_52",6
"sim_52",6
"sim_52",6
"sim_52",6
"sim_52",6
"sim_52",6
"sim_52",6
"sim_52",6
"sim_52",6
"sim_52",6
"sim_52",6
"sim_52",6
"sim_52",6
"sim_52",6
"sim_52",6
"sim_52",6
"sim_52",6
"sim_52",6
"sim_52",6
"sim_52",6
"sim_52",6
"sim_52",6
"sim_52",6
"sim_52",6
"sim_52",6
"sim_52",6
"sim_52",6
"sim_52",6
"sim_52",6
"sim_52",6
"sim_52",6
"sim_52",6
"sim_52",6
"sim_52",6
"sim_52",7
"sim_52",7
"sim_52",7
"sim_52",7
"sim_52",7
"sim_52",7
"sim_52",7
"sim_52",7
"sim_52",7
"sim_52",7
"sim_52",7
"sim_52",7
"sim_52",7
"sim_52",7
"sim_52",7
"sim_52",7
"sim_52",8
"sim_52",8
"sim_52",8
"sim_52",8
"sim_52",8
"sim_52",8
"sim_52",8
"sim_52",8
"sim_52",8
"sim_52",8
"sim_52",8
"sim_52",8
"sim_52",8
"sim_52",8
"sim_52",9
"sim_52",9
"sim_52",9
"sim_52",9
"sim_52",9
"sim_52",9
"sim_52",9
"sim_52",9
"sim_52",10
"sim_52",10
"sim_52",11
"sim_52",11
"sim_52",12
"sim_52",13
"sim_53",4
"sim_53",4
"sim_53",4
"sim_53",4
"sim_53",4
"sim_53",4
"sim_53",4
"sim_53",4
"sim_53",4
"sim_53",4
"sim_53",4
"sim_53",4
"sim_53",4
"sim_53",4
"sim_53",4
"sim_53",4
"sim_53",4
"sim_53",4
"sim_53",4
"sim_53",4
"sim_53",4
"sim_53",4
"sim_53",4
"sim_53",4
"sim_53",4
"sim_53",4
"sim_53",4
"sim_53",4
"sim_53",4
"sim_53",4
"sim_53",4
"sim_53",4
"sim_53",4
"sim_53",4
"sim_53",4
"sim_53",4
"sim_53",4
"sim_53",4
"sim_53",4
"sim_53",4
"sim_53",4
"sim_53",4
"sim_53",4
"sim_53",4
"sim_53",4
"sim_53",4
"sim_53",4
"sim_53",4
"sim_53",4
"sim_53",4
"sim_53",4
"sim_53",4
"sim_53",4
"sim_53",4
"sim_53",4
"sim_53",4
"sim_53",4
"sim_53",4
"sim_53",4
"sim_53",4
"sim_53",4
"sim_53",4
"sim_53",4
"sim_53",4
"sim_53",4
"sim_53",4
"sim_53",4
"sim_53",4
"sim_53",4
"sim_53",4
"sim_53",4
"sim_53",4
"sim_53",4
"sim_53",4
"sim_53",4
"sim_53",4
"sim_53",4
"sim_53",4
"sim_53",4
"sim_53",4
"sim_53",4
"sim_53",4
"sim_53",4
"sim_53",4
"sim_53",4
"sim_53",4
"sim_53",4
"sim_53",4
"sim_53",4
"sim_53",4
"sim_53",4
"sim_53",4
"sim_53",4
"sim_53",4
"sim_53",4
"sim_53",4
"sim_53",4
"sim_53",4
"sim_53",4
"sim_53",4
"sim_53",4
"sim_53",4
"sim_53",4
"sim_53",4
"sim_53",4
"sim_53",4
"sim_53",4
"sim_53",4
"sim_53",4
"sim_53",4
"sim_53",4
"sim_53",4
"sim_53",4
"sim_53",4
"sim_53",4
"sim_53",4
"sim_53",4
"sim_53",4
"sim_53",4
"sim_53",4
"sim_53",4
"sim_53",4
"sim_53",4
"sim_53",4
"sim_53",4
"sim_53",4
"sim_53",4
"sim_53",4
"sim_53",4
"sim_53",4
"sim_53",4
"sim_53",4
"sim_53",4
"sim_53",4
"sim_53",4
"sim_53",4
"sim_53",4
"sim_53",4
"sim_53",4
"sim_53",4
"sim_53",4
"sim_53",4
"sim_53",4
"sim_53",4
"sim_53",4
"sim_53",4
"sim_53",4
"sim_53",4
"sim_53",4
"sim_53",4
"sim_53",4
"sim_53",4
"sim_53",4
"sim_53",4
"sim_53",4
"sim_53",4
"sim_53",4
"sim_53",4
"sim_53",4
"sim_53",4
"sim_53",4
"sim_53",4
"sim_53",4
"sim_53",4
"sim_53",4
"sim_53",4
"sim_53",4
"sim_53",4
"sim_53",4
"sim_53",4
"sim_53",4
"sim_53",4
"sim_53",4
"sim_53",4
"sim_53",4
"sim_53",4
"sim_53",4
"sim_53",4
"sim_53",4
"sim_53",4
"sim_53",4
"sim_53",4
"sim_53",4
"sim_53",4
"sim_53",4
"sim_53",4
"sim_53",4
"sim_53",4
"sim_53",4
"sim_53",4
"sim_53",4
"sim_53",4
"sim_53",4
"sim_53",4
"sim_53",4
"sim_53",4
"sim_53",4
"sim_53",4
"sim_53",4
"sim_53",4
"sim_53",4
"sim_53",4
"sim_53",4
"sim_53",4
"sim_53",4
"sim_53",4
"sim_53",4
"sim_53",4
"sim_53",4
"sim_53",4
"sim_53",4
"sim_53",4
"sim_53",4
"sim_53",4
"sim_53",4
"sim_53",4
"sim_53",4
"sim_53",4
"sim_53",4
"sim_53",4
"sim_53",4
"sim_53",4
"sim_53",4
"sim_53",4
"sim_53",4
"sim_53",4
"sim_53",4
"sim_53",4
"sim_53",4
"sim_53",4
"sim_53",4
"sim_53",4
"sim_53",4
"sim_53",4
"sim_53",4
"sim_53",4
"sim_53",4
"sim_53",4
"sim_53",4
"sim_53",4
"sim_53",4
"sim_53",4
"sim_53",4
"sim_53",4
"sim_53",4
"sim_53",4
"sim_53",4
"sim_53",4
"sim_53",4
"sim_53",4
"sim_53",4
"sim_53",4
"sim_53",4
"sim_53",4
"sim_53",4
"sim_53",4
"sim_53",4
"sim_53",4
"sim_53",4
"sim_53",4
"sim_53",4
"sim_53",4
"sim_53",4
"sim_53",4
"sim_53",4
"sim_53",4
"sim_53",4
"sim_53",4
"sim_53",4
"sim_53",4
"sim_53",4
"sim_53",4
"sim_53",4
"sim_53",4
"sim_53",4
"sim_53",4
"sim_53",4
"sim_53",4
"sim_53",4
"sim_53",4
"sim_53",4
"sim_53",4
"sim_53",4
"sim_53",4
"sim_53",4
"sim_53",4
"sim_53",4
"sim_53",4
"sim_53",4
"sim_53",4
"sim_53",4
"sim_53",4
"sim_53",4
"sim_53",4
"sim_53",4
"sim_53",4
"sim_53",4
"sim_53",4
"sim_53",4
"sim_53",4
"sim_53",4
"sim_53",4
"sim_53",4
"sim_53",4
"sim_53",4
"sim_53",4
"sim_53",4
"sim_53",4
"sim_53",4
"sim_53",4
"sim_53",4
"sim_53",4
"sim_53",4
"sim_53",4
"sim_53",4
"sim_53",4
"sim_53",4
"sim_53",4
"sim_53",4
"sim_53",4
"sim_53",4
"sim_53",4
"sim_53",4
"sim_53",4
"sim_53",4
"sim_53",4
"sim_53",4
"sim_53",4
"sim_53",4
"sim_53",4
"sim_53",4
"sim_53",4
"sim_53",4
"sim_53",4
"sim_53",4
"sim_53",4
"sim_53",4
"sim_53",4
"sim_53",4
"sim_53",4
"sim_53",4
"sim_53",4
"sim_53",4
"sim_53",4
"sim_53",4
"sim_53",4
"sim_53",4
"sim_53",4
"sim_53",4
"sim_53",4
"sim_53",4
"sim_53",4
"sim_53",4
"sim_53",4
"sim_53",4
"sim_53",4
"sim_53",4
"sim_53",4
"sim_53",4
"sim_53",4
"sim_53",4
"sim_53",4
"sim_53",4
"sim_53",4
"sim_53",4
"sim_53",4
"sim_53",4
"sim_53",4
"sim_53",4
"sim_53",4
"sim_53",4
"sim_53",4
"sim_53",5
"sim_53",5
"sim_53",5
"sim_53",5
"sim_53",5
"sim_53",5
"sim_53",5
"sim_53",5
"sim_53",5
"sim_53",5
"sim_53",5
"sim_53",5
"sim_53",5
"sim_53",5
"sim_53",5
"sim_53",5
"sim_53",5
"sim_53",5
"sim_53",5
"sim_53",5
"sim_53",5
"sim_53",5
"sim_53",5
"sim_53",5
"sim_53",5
"sim_53",5
"sim_53",5
"sim_53",5
"sim_53",5
"sim_53",5
"sim_53",5
"sim_53",5
"sim_53",5
"sim_53",5
"sim_53",5
"sim_53",5
"sim_53",5
"sim_53",5
"sim_53",5
"sim_53",5
"sim_53",5
"sim_53",5
"sim_53",5
"sim_53",5
"sim_53",5
"sim_53",5
"sim_53",5
"sim_53",5
"sim_53",5
"sim_53",5
"sim_53",5
"sim_53",5
"sim_53",5
"sim_53",5
"sim_53",5
"sim_53",5
"sim_53",5
"sim_53",5
"sim_53",5
"sim_53",5
"sim_53",5
"sim_53",5
"sim_53",5
"sim_53",5
"sim_53",5
"sim_53",5
"sim_53",5
"sim_53",5
"sim_53",5
"sim_53",5
"sim_53",5
"sim_53",5
"sim_53",5
"sim_53",5
"sim_53",5
"sim_53",5
"sim_53",5
"sim_53",5
"sim_53",5
"sim_53",5
"sim_53",5
"sim_53",5
"sim_53",5
"sim_53",5
"sim_53",6
"sim_53",6
"sim_53",6
"sim_53",6
"sim_53",6
"sim_53",6
"sim_53",6
"sim_53",6
"sim_53",6
"sim_53",6
"sim_53",6
"sim_53",6
"sim_53",6
"sim_53",6
"sim_53",6
"sim_53",6
"sim_53",6
"sim_53",6
"sim_53",6
"sim_53",6
"sim_53",6
"sim_53",6
"sim_53",6
"sim_53",6
"sim_53",6
"sim_53",6
"sim_53",6
"sim_53",6
"sim_53",6
"sim_53",6
"sim_53",6
"sim_53",6
"sim_53",6
"sim_53",6
"sim_53",6
"sim_53",6
"sim_53",6
"sim_53",6
"sim_53",6
"sim_53",6
"sim_53",6
"sim_53",6
"sim_53",6
"sim_53",6
"sim_53",6
"sim_53",6
"sim_53",6
"sim_53",6
"sim_53",6
"sim_53",6
"sim_53",6
"sim_53",7
"sim_53",7
"sim_53",7
"sim_53",7
"sim_53",7
"sim_53",7
"sim_53",7
"sim_53",7
"sim_53",7
"sim_53",7
"sim_53",7
"sim_53",7
"sim_53",7
"sim_53",7
"sim_53",7
"sim_53",7
"sim_53",7
"sim_53",7
"sim_53",7
"sim_53",7
"sim_53",7
"sim_53",7
"sim_53",7
"sim_53",7
"sim_53",7
"sim_53",7
"sim_53",7
"sim_53",7
"sim_53",7
"sim_53",7
"sim_53",7
"sim_53",7
"sim_53",8
"sim_53",8
"sim_53",8
"sim_53",8
"sim_53",8
"sim_53",8
"sim_53",8
"sim_53",8
"sim_53",8
"sim_53",8
"sim_53",8
"sim_53",9
"sim_53",9
"sim_53",9
"sim_53",9
"sim_53",9
"sim_53",9
"sim_53",9
"sim_53",10
"sim_53",10
"sim_53",11
"sim_53",12
"sim_53",12
"sim_53",12
"sim_53",12
"sim_53",13
"sim_53",13
"sim_54",4
"sim_54",4
"sim_54",4
"sim_54",4
"sim_54",4
"sim_54",4
"sim_54",4
"sim_54",4
"sim_54",4
"sim_54",4
"sim_54",4
"sim_54",4
"sim_54",4
"sim_54",4
"sim_54",4
"sim_54",4
"sim_54",4
"sim_54",4
"sim_54",4
"sim_54",4
"sim_54",4
"sim_54",4
"sim_54",4
"sim_54",4
"sim_54",4
"sim_54",4
"sim_54",4
"sim_54",4
"sim_54",4
"sim_54",4
"sim_54",4
"sim_54",4
"sim_54",4
"sim_54",4
"sim_54",4
"sim_54",4
"sim_54",4
"sim_54",4
"sim_54",4
"sim_54",4
"sim_54",4
"sim_54",4
"sim_54",4
"sim_54",4
"sim_54",4
"sim_54",4
"sim_54",4
"sim_54",4
"sim_54",4
"sim_54",4
"sim_54",4
"sim_54",4
"sim_54",4
"sim_54",4
"sim_54",4
"sim_54",4
"sim_54",4
"sim_54",4
"sim_54",4
"sim_54",4
"sim_54",4
"sim_54",4
"sim_54",4
"sim_54",4
"sim_54",4
"sim_54",4
"sim_54",4
"sim_54",4
"sim_54",4
"sim_54",4
"sim_54",4
"sim_54",4
"sim_54",4
"sim_54",4
"sim_54",4
"sim_54",4
"sim_54",4
"sim_54",4
"sim_54",4
"sim_54",4
"sim_54",4
"sim_54",4
"sim_54",4
"sim_54",4
"sim_54",4
"sim_54",4
"sim_54",4
"sim_54",4
"sim_54",4
"sim_54",4
"sim_54",4
"sim_54",4
"sim_54",4
"sim_54",4
"sim_54",4
"sim_54",4
"sim_54",4
"sim_54",4
"sim_54",4
"sim_54",4
"sim_54",4
"sim_54",4
"sim_54",4
"sim_54",4
"sim_54",4
"sim_54",4
"sim_54",4
"sim_54",4
"sim_54",4
"sim_54",4
"sim_54",4
"sim_54",4
"sim_54",4
"sim_54",4
"sim_54",4
"sim_54",4
"sim_54",4
"sim_54",4
"sim_54",4
"sim_54",4
"sim_54",4
"sim_54",4
"sim_54",4
"sim_54",4
"sim_54",4
"sim_54",4
"sim_54",4
"sim_54",4
"sim_54",4
"sim_54",4
"sim_54",4
"sim_54",4
"sim_54",4
"sim_54",4
"sim_54",4
"sim_54",4
"sim_54",4
"sim_54",4
"sim_54",4
"sim_54",4
"sim_54",4
"sim_54",4
"sim_54",4
"sim_54",4
"sim_54",4
"sim_54",4
"sim_54",4
"sim_54",4
"sim_54",4
"sim_54",4
"sim_54",4
"sim_54",4
"sim_54",4
"sim_54",4
"sim_54",4
"sim_54",4
"sim_54",4
"sim_54",4
"sim_54",4
"sim_54",4
"sim_54",4
"sim_54",4
"sim_54",4
"sim_54",4
"sim_54",4
"sim_54",4
"sim_54",4
"sim_54",4
"sim_54",4
"sim_54",4
"sim_54",4
"sim_54",4
"sim_54",4
"sim_54",4
"sim_54",4
"sim_54",4
"sim_54",4
"sim_54",4
"sim_54",4
"sim_54",4
"sim_54",4
"sim_54",4
"sim_54",4
"sim_54",4
"sim_54",4
"sim_54",4
"sim_54",4
"sim_54",4
"sim_54",4
"sim_54",4
"sim_54",4
"sim_54",4
"sim_54",4
"sim_54",4
"sim_54",4
"sim_54",4
"sim_54",4
"sim_54",4
"sim_54",4
"sim_54",4
"sim_54",4
"sim_54",4
"sim_54",4
"sim_54",4
"sim_54",4
"sim_54",4
"sim_54",4
"sim_54",4
"sim_54",4
"sim_54",4
"sim_54",4
"sim_54",4
"sim_54",4
"sim_54",4
"sim_54",4
"sim_54",4
"sim_54",4
"sim_54",4
"sim_54",4
"sim_54",4
"sim_54",4
"sim_54",4
"sim_54",4
"sim_54",4
"sim_54",4
"sim_54",4
"sim_54",4
"sim_54",4
"sim_54",4
"sim_54",4
"sim_54",4
"sim_54",4
"sim_54",4
"sim_54",4
"sim_54",4
"sim_54",4
"sim_54",4
"sim_54",4
"sim_54",4
"sim_54",4
"sim_54",4
"sim_54",4
"sim_54",4
"sim_54",4
"sim_54",4
"sim_54",4
"sim_54",4
"sim_54",4
"sim_54",4
"sim_54",4
"sim_54",4
"sim_54",4
"sim_54",4
"sim_54",4
"sim_54",4
"sim_54",4
"sim_54",4
"sim_54",4
"sim_54",4
"sim_54",4
"sim_54",4
"sim_54",4
"sim_54",4
"sim_54",4
"sim_54",4
"sim_54",4
"sim_54",4
"sim_54",4
"sim_54",4
"sim_54",4
"sim_54",4
"sim_54",4
"sim_54",4
"sim_54",4
"sim_54",4
"sim_54",4
"sim_54",4
"sim_54",4
"sim_54",4
"sim_54",4
"sim_54",4
"sim_54",4
"sim_54",4
"sim_54",4
"sim_54",4
"sim_54",4
"sim_54",4
"sim_54",4
"sim_54",4
"sim_54",4
"sim_54",4
"sim_54",4
"sim_54",4
"sim_54",4
"sim_54",4
"sim_54",4
"sim_54",4
"sim_54",4
"sim_54",4
"sim_54",4
"sim_54",4
"sim_54",4
"sim_54",4
"sim_54",4
"sim_54",4
"sim_54",4
"sim_54",4
"sim_54",4
"sim_54",4
"sim_54",4
"sim_54",4
"sim_54",4
"sim_54",4
"sim_54",4
"sim_54",4
"sim_54",4
"sim_54",4
"sim_54",4
"sim_54",4
"sim_54",4
"sim_54",4
"sim_54",4
"sim_54",4
"sim_54",4
"sim_54",4
"sim_54",4
"sim_54",4
"sim_54",4
"sim_54",4
"sim_54",4
"sim_54",4
"sim_54",4
"sim_54",4
"sim_54",4
"sim_54",4
"sim_54",4
"sim_54",4
"sim_54",4
"sim_54",4
"sim_54",4
"sim_54",4
"sim_54",4
"sim_54",4
"sim_54",4
"sim_54",4
"sim_54",4
"sim_54",4
"sim_54",4
"sim_54",4
"sim_54",4
"sim_54",4
"sim_54",4
"sim_54",4
"sim_54",4
"sim_54",4
"sim_54",4
"sim_54",4
"sim_54",4
"sim_54",4
"sim_54",4
"sim_54",4
"sim_54",4
"sim_54",4
"sim_54",4
"sim_54",4
"sim_54",4
"sim_54",4
"sim_54",4
"sim_54",4
"sim_54",4
"sim_54",4
"sim_54",4
"sim_54",4
"sim_54",4
"sim_54",4
"sim_54",4
"sim_54",4
"sim_54",4
"sim_54",4
"sim_54",4
"sim_54",4
"sim_54",4
"sim_54",4
"sim_54",4
"sim_54",4
"sim_54",4
"sim_54",4
"sim_54",4
"sim_54",4
"sim_54",4
"sim_54",4
"sim_54",4
"sim_54",5
"sim_54",5
"sim_54",5
"sim_54",5
"sim_54",5
"sim_54",5
"sim_54",5
"sim_54",5
"sim_54",5
"sim_54",5
"sim_54",5
"sim_54",5
"sim_54",5
"sim_54",5
"sim_54",5
"sim_54",5
"sim_54",5
"sim_54",5
"sim_54",5
"sim_54",5
"sim_54",5
"sim_54",5
"sim_54",5
"sim_54",5
"sim_54",5
"sim_54",5
"sim_54",5
"sim_54",5
"sim_54",5
"sim_54",5
"sim_54",5
"sim_54",5
"sim_54",5
"sim_54",5
"sim_54",5
"sim_54",5
"sim_54",5
"sim_54",5
"sim_54",5
"sim_54",5
"sim_54",5
"sim_54",5
"sim_54",5
"sim_54",5
"sim_54",5
"sim_54",5
"sim_54",5
"sim_54",5
"sim_54",5
"sim_54",5
"sim_54",5
"sim_54",5
"sim_54",5
"sim_54",5
"sim_54",5
"sim_54",5
"sim_54",5
"sim_54",5
"sim_54",5
"sim_54",5
"sim_54",5
"sim_54",5
"sim_54",5
"sim_54",5
"sim_54",5
"sim_54",5
"sim_54",5
"sim_54",5
"sim_54",5
"sim_54",5
"sim_54",5
"sim_54",5
"sim_54",5
"sim_54",5
"sim_54",5
"sim_54",5
"sim_54",5
"sim_54",5
"sim_54",5
"sim_54",5
"sim_54",5
"sim_54",5
"sim_54",5
"sim_54",5
"sim_54",5
"sim_54",5
"sim_54",6
"sim_54",6
"sim_54",6
"sim_54",6
"sim_54",6
"sim_54",6
"sim_54",6
"sim_54",6
"sim_54",6
"sim_54",6
"sim_54",6
"sim_54",6
"sim_54",6
"sim_54",6
"sim_54",6
"sim_54",6
"sim_54",6
"sim_54",6
"sim_54",6
"sim_54",6
"sim_54",6
"sim_54",6
"sim_54",6
"sim_54",6
"sim_54",6
"sim_54",6
"sim_54",6
"sim_54",6
"sim_54",6
"sim_54",6
"sim_54",6
"sim_54",6
"sim_54",6
"sim_54",6
"sim_54",6
"sim_54",7
"sim_54",7
"sim_54",7
"sim_54",7
"sim_54",7
"sim_54",7
"sim_54",7
"sim_54",7
"sim_54",7
"sim_54",7
"sim_54",7
"sim_54",7
"sim_54",7
"sim_54",7
"sim_54",7
"sim_54",7
"sim_54",7
"sim_54",7
"sim_54",7
"sim_54",7
"sim_54",8
"sim_54",8
"sim_54",8
"sim_54",8
"sim_54",8
"sim_54",8
"sim_54",8
"sim_54",8
"sim_54",8
"sim_54",8
"sim_54",8
"sim_54",9
"sim_54",9
"sim_54",9
"sim_54",9
"sim_54",9
"sim_54",9
"sim_54",9
"sim_54",9
"sim_54",9
"sim_54",10
"sim_54",10
"sim_54",10
"sim_54",10
"sim_54",11
"sim_54",11
"sim_54",11
"sim_54",11
"sim_54",11
"sim_54",12
"sim_54",12
"sim_54",12
"sim_54",12
"sim_55",4
"sim_55",4
"sim_55",4
"sim_55",4
"sim_55",4
"sim_55",4
"sim_55",4
"sim_55",4
"sim_55",4
"sim_55",4
"sim_55",4
"sim_55",4
"sim_55",4
"sim_55",4
"sim_55",4
"sim_55",4
"sim_55",4
"sim_55",4
"sim_55",4
"sim_55",4
"sim_55",4
"sim_55",4
"sim_55",4
"sim_55",4
"sim_55",4
"sim_55",4
"sim_55",4
"sim_55",4
"sim_55",4
"sim_55",4
"sim_55",4
"sim_55",4
"sim_55",4
"sim_55",4
"sim_55",4
"sim_55",4
"sim_55",4
"sim_55",4
"sim_55",4
"sim_55",4
"sim_55",4
"sim_55",4
"sim_55",4
"sim_55",4
"sim_55",4
"sim_55",4
"sim_55",4
"sim_55",4
"sim_55",4
"sim_55",4
"sim_55",4
"sim_55",4
"sim_55",4
"sim_55",4
"sim_55",4
"sim_55",4
"sim_55",4
"sim_55",4
"sim_55",4
"sim_55",4
"sim_55",4
"sim_55",4
"sim_55",4
"sim_55",4
"sim_55",4
"sim_55",4
"sim_55",4
"sim_55",4
"sim_55",4
"sim_55",4
"sim_55",4
"sim_55",4
"sim_55",4
"sim_55",4
"sim_55",4
"sim_55",4
"sim_55",4
"sim_55",4
"sim_55",4
"sim_55",4
"sim_55",4
"sim_55",4
"sim_55",4
"sim_55",4
"sim_55",4
"sim_55",4
"sim_55",4
"sim_55",4
"sim_55",4
"sim_55",4
"sim_55",4
"sim_55",4
"sim_55",4
"sim_55",4
"sim_55",4
"sim_55",4
"sim_55",4
"sim_55",4
"sim_55",4
"sim_55",4
"sim_55",4
"sim_55",4
"sim_55",4
"sim_55",4
"sim_55",4
"sim_55",4
"sim_55",4
"sim_55",4
"sim_55",4
"sim_55",4
"sim_55",4
"sim_55",4
"sim_55",4
"sim_55",4
"sim_55",4
"sim_55",4
"sim_55",4
"sim_55",4
"sim_55",4
"sim_55",4
"sim_55",4
"sim_55",4
"sim_55",4
"sim_55",4
"sim_55",4
"sim_55",4
"sim_55",4
"sim_55",4
"sim_55",4
"sim_55",4
"sim_55",4
"sim_55",4
"sim_55",4
"sim_55",4
"sim_55",4
"sim_55",4
"sim_55",4
"sim_55",4
"sim_55",4
"sim_55",4
"sim_55",4
"sim_55",4
"sim_55",4
"sim_55",4
"sim_55",4
"sim_55",4
"sim_55",4
"sim_55",4
"sim_55",4
"sim_55",4
"sim_55",4
"sim_55",4
"sim_55",4
"sim_55",4
"sim_55",4
"sim_55",4
"sim_55",4
"sim_55",4
"sim_55",4
"sim_55",4
"sim_55",4
"sim_55",4
"sim_55",4
"sim_55",4
"sim_55",4
"sim_55",4
"sim_55",4
"sim_55",4
"sim_55",4
"sim_55",4
"sim_55",4
"sim_55",4
"sim_55",4
"sim_55",4
"sim_55",4
"sim_55",4
"sim_55",4
"sim_55",4
"sim_55",4
"sim_55",4
"sim_55",4
"sim_55",4
"sim_55",4
"sim_55",4
"sim_55",4
"sim_55",4
"sim_55",4
"sim_55",4
"sim_55",4
"sim_55",4
"sim_55",4
"sim_55",4
"sim_55",4
"sim_55",4
"sim_55",4
"sim_55",4
"sim_55",4
"sim_55",4
"sim_55",4
"sim_55",4
"sim_55",4
"sim_55",4
"sim_55",4
"sim_55",4
"sim_55",4
"sim_55",4
"sim_55",4
"sim_55",4
"sim_55",4
"sim_55",4
"sim_55",4
"sim_55",4
"sim_55",4
"sim_55",4
"sim_55",4
"sim_55",4
"sim_55",4
"sim_55",4
"sim_55",4
"sim_55",4
"sim_55",4
"sim_55",4
"sim_55",4
"sim_55",4
"sim_55",4
"sim_55",4
"sim_55",4
"sim_55",4
"sim_55",4
"sim_55",4
"sim_55",4
"sim_55",4
"sim_55",4
"sim_55",4
"sim_55",4
"sim_55",4
"sim_55",4
"sim_55",4
"sim_55",4
"sim_55",4
"sim_55",4
"sim_55",4
"sim_55",4
"sim_55",4
"sim_55",4
"sim_55",4
"sim_55",4
"sim_55",4
"sim_55",4
"sim_55",4
"sim_55",4
"sim_55",4
"sim_55",4
"sim_55",4
"sim_55",4
"sim_55",4
"sim_55",4
"sim_55",4
"sim_55",4
"sim_55",4
"sim_55",4
"sim_55",4
"sim_55",4
"sim_55",4
"sim_55",4
"sim_55",4
"sim_55",4
"sim_55",4
"sim_55",4
"sim_55",4
"sim_55",4
"sim_55",4
"sim_55",4
"sim_55",4
"sim_55",4
"sim_55",4
"sim_55",4
"sim_55",4
"sim_55",4
"sim_55",4
"sim_55",4
"sim_55",4
"sim_55",4
"sim_55",4
"sim_55",4
"sim_55",4
"sim_55",4
"sim_55",4
"sim_55",4
"sim_55",4
"sim_55",4
"sim_55",4
"sim_55",4
"sim_55",4
"sim_55",4
"sim_55",4
"sim_55",4
"sim_55",4
"sim_55",4
"sim_55",4
"sim_55",4
"sim_55",4
"sim_55",4
"sim_55",4
"sim_55",4
"sim_55",4
"sim_55",4
"sim_55",4
"sim_55",4
"sim_55",4
"sim_55",4
"sim_55",4
"sim_55",4
"sim_55",4
"sim_55",4
"sim_55",4
"sim_55",4
"sim_55",4
"sim_55",4
"sim_55",4
"sim_55",4
"sim_55",4
"sim_55",4
"sim_55",4
"sim_55",4
"sim_55",4
"sim_55",4
"sim_55",4
"sim_55",4
"sim_55",4
"sim_55",4
"sim_55",4
"sim_55",4
"sim_55",4
"sim_55",4
"sim_55",4
"sim_55",4
"sim_55",4
"sim_55",4
"sim_55",4
"sim_55",4
"sim_55",4
"sim_55",4
"sim_55",4
"sim_55",4
"sim_55",4
"sim_55",4
"sim_55",4
"sim_55",4
"sim_55",4
"sim_55",4
"sim_55",4
"sim_55",4
"sim_55",4
"sim_55",4
"sim_55",4
"sim_55",4
"sim_55",4
"sim_55",4
"sim_55",4
"sim_55",4
"sim_55",4
"sim_55",4
"sim_55",4
"sim_55",4
"sim_55",4
"sim_55",4
"sim_55",4
"sim_55",4
"sim_55",4
"sim_55",4
"sim_55",4
"sim_55",5
"sim_55",5
"sim_55",5
"sim_55",5
"sim_55",5
"sim_55",5
"sim_55",5
"sim_55",5
"sim_55",5
"sim_55",5
"sim_55",5
"sim_55",5
"sim_55",5
"sim_55",5
"sim_55",5
"sim_55",5
"sim_55",5
"sim_55",5
"sim_55",5
"sim_55",5
"sim_55",5
"sim_55",5
"sim_55",5
"sim_55",5
"sim_55",5
"sim_55",5
"sim_55",5
"sim_55",5
"sim_55",5
"sim_55",5
"sim_55",5
"sim_55",5
"sim_55",5
"sim_55",5
"sim_55",5
"sim_55",5
"sim_55",5
"sim_55",5
"sim_55",5
"sim_55",5
"sim_55",5
"sim_55",5
"sim_55",5
"sim_55",5
"sim_55",5
"sim_55",5
"sim_55",5
"sim_55",5
"sim_55",5
"sim_55",5
"sim_55",5
"sim_55",5
"sim_55",5
"sim_55",5
"sim_55",5
"sim_55",5
"sim_55",5
"sim_55",5
"sim_55",5
"sim_55",5
"sim_55",5
"sim_55",5
"sim_55",5
"sim_55",5
"sim_55",5
"sim_55",5
"sim_55",5
"sim_55",5
"sim_55",5
"sim_55",5
"sim_55",5
"sim_55",5
"sim_55",5
"sim_55",5
"sim_55",5
"sim_55",5
"sim_55",5
"sim_55",5
"sim_55",5
"sim_55",5
"sim_55",5
"sim_55",5
"sim_55",5
"sim_55",5
"sim_55",5
"sim_55",5
"sim_55",5
"sim_55",5
"sim_55",5
"sim_55",5
"sim_55",5
"sim_55",5
"sim_55",5
"sim_55",5
"sim_55",6
"sim_55",6
"sim_55",6
"sim_55",6
"sim_55",6
"sim_55",6
"sim_55",6
"sim_55",6
"sim_55",6
"sim_55",6
"sim_55",6
"sim_55",6
"sim_55",6
"sim_55",6
"sim_55",6
"sim_55",6
"sim_55",6
"sim_55",6
"sim_55",6
"sim_55",6
"sim_55",6
"sim_55",6
"sim_55",6
"sim_55",6
"sim_55",6
"sim_55",6
"sim_55",6
"sim_55",6
"sim_55",6
"sim_55",6
"sim_55",6
"sim_55",6
"sim_55",6
"sim_55",6
"sim_55",6
"sim_55",7
"sim_55",7
"sim_55",7
"sim_55",7
"sim_55",7
"sim_55",7
"sim_55",7
"sim_55",7
"sim_55",7
"sim_55",7
"sim_55",7
"sim_55",7
"sim_55",7
"sim_55",7
"sim_55",7
"sim_55",7
"sim_55",7
"sim_55",7
"sim_55",7
"sim_55",7
"sim_55",7
"sim_55",7
"sim_55",7
"sim_55",7
"sim_55",7
"sim_55",7
"sim_55",7
"sim_55",7
"sim_55",8
"sim_55",8
"sim_55",8
"sim_55",8
"sim_55",8
"sim_55",8
"sim_55",8
"sim_55",8
"sim_55",8
"sim_55",8
"sim_55",8
"sim_55",8
"sim_55",8
"sim_55",8
"sim_55",8
"sim_55",8
"sim_55",8
"sim_55",9
"sim_55",9
"sim_55",9
"sim_55",9
"sim_55",9
"sim_55",9
"sim_55",9
"sim_55",9
"sim_55",9
"sim_55",9
"sim_55",10
"sim_55",10
"sim_55",10
"sim_55",10
"sim_55",10
"sim_55",10
"sim_55",11
"sim_55",11
"sim_55",11
"sim_55",11
"sim_56",4
"sim_56",4
"sim_56",4
"sim_56",4
"sim_56",4
"sim_56",4
"sim_56",4
"sim_56",4
"sim_56",4
"sim_56",4
"sim_56",4
"sim_56",4
"sim_56",4
"sim_56",4
"sim_56",4
"sim_56",4
"sim_56",4
"sim_56",4
"sim_56",4
"sim_56",4
"sim_56",4
"sim_56",4
"sim_56",4
"sim_56",4
"sim_56",4
"sim_56",4
"sim_56",4
"sim_56",4
"sim_56",4
"sim_56",4
"sim_56",4
"sim_56",4
"sim_56",4
"sim_56",4
"sim_56",4
"sim_56",4
"sim_56",4
"sim_56",4
"sim_56",4
"sim_56",4
"sim_56",4
"sim_56",4
"sim_56",4
"sim_56",4
"sim_56",4
"sim_56",4
"sim_56",4
"sim_56",4
"sim_56",4
"sim_56",4
"sim_56",4
"sim_56",4
"sim_56",4
"sim_56",4
"sim_56",4
"sim_56",4
"sim_56",4
"sim_56",4
"sim_56",4
"sim_56",4
"sim_56",4
"sim_56",4
"sim_56",4
"sim_56",4
"sim_56",4
"sim_56",4
"sim_56",4
"sim_56",4
"sim_56",4
"sim_56",4
"sim_56",4
"sim_56",4
"sim_56",4
"sim_56",4
"sim_56",4
"sim_56",4
"sim_56",4
"sim_56",4
"sim_56",4
"sim_56",4
"sim_56",4
"sim_56",4
"sim_56",4
"sim_56",4
"sim_56",4
"sim_56",4
"sim_56",4
"sim_56",4
"sim_56",4
"sim_56",4
"sim_56",4
"sim_56",4
"sim_56",4
"sim_56",4
"sim_56",4
"sim_56",4
"sim_56",4
"sim_56",4
"sim_56",4
"sim_56",4
"sim_56",4
"sim_56",4
"sim_56",4
"sim_56",4
"sim_56",4
"sim_56",4
"sim_56",4
"sim_56",4
"sim_56",4
"sim_56",4
"sim_56",4
"sim_56",4
"sim_56",4
"sim_56",4
"sim_56",4
"sim_56",4
"sim_56",4
"sim_56",4
"sim_56",4
"sim_56",4
"sim_56",4
"sim_56",4
"sim_56",4
"sim_56",4
"sim_56",4
"sim_56",4
"sim_56",4
"sim_56",4
"sim_56",4
"sim_56",4
"sim_56",4
"sim_56",4
"sim_56",4
"sim_56",4
"sim_56",4
"sim_56",4
"sim_56",4
"sim_56",4
"sim_56",4
"sim_56",4
"sim_56",4
"sim_56",4
"sim_56",4
"sim_56",4
"sim_56",4
"sim_56",4
"sim_56",4
"sim_56",4
"sim_56",4
"sim_56",4
"sim_56",4
"sim_56",4
"sim_56",4
"sim_56",4
"sim_56",4
"sim_56",4
"sim_56",4
"sim_56",4
"sim_56",4
"sim_56",4
"sim_56",4
"sim_56",4
"sim_56",4
"sim_56",4
"sim_56",4
"sim_56",4
"sim_56",4
"sim_56",4
"sim_56",4
"sim_56",4
"sim_56",4
"sim_56",4
"sim_56",4
"sim_56",4
"sim_56",4
"sim_56",4
"sim_56",4
"sim_56",4
"sim_56",4
"sim_56",4
"sim_56",4
"sim_56",4
"sim_56",4
"sim_56",4
"sim_56",4
"sim_56",4
"sim_56",4
"sim_56",4
"sim_56",4
"sim_56",4
"sim_56",4
"sim_56",4
"sim_56",4
"sim_56",4
"sim_56",4
"sim_56",4
"sim_56",4
"sim_56",4
"sim_56",4
"sim_56",4
"sim_56",4
"sim_56",4
"sim_56",4
"sim_56",4
"sim_56",4
"sim_56",4
"sim_56",4
"sim_56",4
"sim_56",4
"sim_56",4
"sim_56",4
"sim_56",4
"sim_56",4
"sim_56",4
"sim_56",4
"sim_56",4
"sim_56",4
"sim_56",4
"sim_56",4
"sim_56",4
"sim_56",4
"sim_56",4
"sim_56",4
"sim_56",4
"sim_56",4
"sim_56",4
"sim_56",4
"sim_56",4
"sim_56",4
"sim_56",4
"sim_56",4
"sim_56",4
"sim_56",4
"sim_56",4
"sim_56",4
"sim_56",4
"sim_56",4
"sim_56",4
"sim_56",4
"sim_56",4
"sim_56",4
"sim_56",4
"sim_56",4
"sim_56",4
"sim_56",4
"sim_56",4
"sim_56",4
"sim_56",4
"sim_56",4
"sim_56",4
"sim_56",4
"sim_56",4
"sim_56",4
"sim_56",4
"sim_56",4
"sim_56",4
"sim_56",4
"sim_56",4
"sim_56",4
"sim_56",4
"sim_56",4
"sim_56",4
"sim_56",4
"sim_56",4
"sim_56",4
"sim_56",4
"sim_56",4
"sim_56",4
"sim_56",4
"sim_56",4
"sim_56",4
"sim_56",4
"sim_56",4
"sim_56",4
"sim_56",4
"sim_56",4
"sim_56",4
"sim_56",4
"sim_56",4
"sim_56",4
"sim_56",4
"sim_56",4
"sim_56",4
"sim_56",4
"sim_56",4
"sim_56",4
"sim_56",4
"sim_56",4
"sim_56",4
"sim_56",4
"sim_56",4
"sim_56",4
"sim_56",4
"sim_56",4
"sim_56",4
"sim_56",4
"sim_56",4
"sim_56",4
"sim_56",4
"sim_56",4
"sim_56",4
"sim_56",4
"sim_56",4
"sim_56",4
"sim_56",4
"sim_56",4
"sim_56",4
"sim_56",4
"sim_56",4
"sim_56",4
"sim_56",4
"sim_56",4
"sim_56",4
"sim_56",4
"sim_56",4
"sim_56",4
"sim_56",4
"sim_56",4
"sim_56",4
"sim_56",4
"sim_56",4
"sim_56",4
"sim_56",4
"sim_56",4
"sim_56",4
"sim_56",4
"sim_56",4
"sim_56",4
"sim_56",4
"sim_56",4
"sim_56",4
"sim_56",4
"sim_56",4
"sim_56",4
"sim_56",4
"sim_56",4
"sim_56",4
"sim_56",4
"sim_56",4
"sim_56",4
"sim_56",4
"sim_56",4
"sim_56",4
"sim_56",4
"sim_56",4
"sim_56",4
"sim_56",4
"sim_56",4
"sim_56",4
"sim_56",4
"sim_56",4
"sim_56",4
"sim_56",4
"sim_56",4
"sim_56",4
"sim_56",4
"sim_56",4
"sim_56",4
"sim_56",4
"sim_56",4
"sim_56",4
"sim_56",4
"sim_56",4
"sim_56",4
"sim_56",4
"sim_56",4
"sim_56",4
"sim_56",5
"sim_56",5
"sim_56",5
"sim_56",5
"sim_56",5
"sim_56",5
"sim_56",5
"sim_56",5
"sim_56",5
"sim_56",5
"sim_56",5
"sim_56",5
"sim_56",5
"sim_56",5
"sim_56",5
"sim_56",5
"sim_56",5
"sim_56",5
"sim_56",5
"sim_56",5
"sim_56",5
"sim_56",5
"sim_56",5
"sim_56",5
"sim_56",5
"sim_56",5
"sim_56",5
"sim_56",5
"sim_56",5
"sim_56",5
"sim_56",5
"sim_56",5
"sim_56",5
"sim_56",5
"sim_56",5
"sim_56",5
"sim_56",5
"sim_56",5
"sim_56",5
"sim_56",5
"sim_56",5
"sim_56",5
"sim_56",5
"sim_56",5
"sim_56",5
"sim_56",5
"sim_56",5
"sim_56",5
"sim_56",5
"sim_56",5
"sim_56",5
"sim_56",5
"sim_56",5
"sim_56",5
"sim_56",5
"sim_56",5
"sim_56",5
"sim_56",5
"sim_56",5
"sim_56",5
"sim_56",5
"sim_56",5
"sim_56",5
"sim_56",5
"sim_56",5
"sim_56",5
"sim_56",5
"sim_56",5
"sim_56",5
"sim_56",5
"sim_56",5
"sim_56",5
"sim_56",5
"sim_56",5
"sim_56",5
"sim_56",5
"sim_56",5
"sim_56",5
"sim_56",5
"sim_56",5
"sim_56",5
"sim_56",5
"sim_56",5
"sim_56",5
"sim_56",5
"sim_56",5
"sim_56",5
"sim_56",5
"sim_56",5
"sim_56",5
"sim_56",5
"sim_56",5
"sim_56",5
"sim_56",5
"sim_56",5
"sim_56",5
"sim_56",5
"sim_56",5
"sim_56",5
"sim_56",5
"sim_56",5
"sim_56",5
"sim_56",5
"sim_56",5
"sim_56",5
"sim_56",5
"sim_56",5
"sim_56",6
"sim_56",6
"sim_56",6
"sim_56",6
"sim_56",6
"sim_56",6
"sim_56",6
"sim_56",6
"sim_56",6
"sim_56",6
"sim_56",6
"sim_56",6
"sim_56",6
"sim_56",6
"sim_56",6
"sim_56",6
"sim_56",6
"sim_56",6
"sim_56",6
"sim_56",6
"sim_56",6
"sim_56",6
"sim_56",6
"sim_56",6
"sim_56",6
"sim_56",6
"sim_56",6
"sim_56",6
"sim_56",6
"sim_56",6
"sim_56",6
"sim_56",6
"sim_56",6
"sim_56",6
"sim_56",6
"sim_56",6
"sim_56",6
"sim_56",6
"sim_56",6
"sim_56",6
"sim_56",7
"sim_56",7
"sim_56",7
"sim_56",7
"sim_56",7
"sim_56",7
"sim_56",7
"sim_56",7
"sim_56",7
"sim_56",7
"sim_56",7
"sim_56",7
"sim_56",7
"sim_56",7
"sim_56",7
"sim_56",7
"sim_56",7
"sim_56",7
"sim_56",7
"sim_56",7
"sim_56",7
"sim_56",7
"sim_56",7
"sim_56",7
"sim_56",7
"sim_56",7
"sim_56",7
"sim_56",7
"sim_56",7
"sim_56",7
"sim_56",7
"sim_56",7
"sim_56",7
"sim_56",7
"sim_56",8
"sim_56",8
"sim_56",8
"sim_56",8
"sim_56",8
"sim_56",8
"sim_56",8
"sim_56",8
"sim_56",8
"sim_56",8
"sim_56",8
"sim_56",8
"sim_56",9
"sim_56",9
"sim_56",10
"sim_56",11
"sim_56",12
"sim_56",12
"sim_57",4
"sim_57",4
"sim_57",4
"sim_57",4
"sim_57",4
"sim_57",4
"sim_57",4
"sim_57",4
"sim_57",4
"sim_57",4
"sim_57",4
"sim_57",4
"sim_57",4
"sim_57",4
"sim_57",4
"sim_57",4
"sim_57",4
"sim_57",4
"sim_57",4
"sim_57",4
"sim_57",4
"sim_57",4
"sim_57",4
"sim_57",4
"sim_57",4
"sim_57",4
"sim_57",4
"sim_57",4
"sim_57",4
"sim_57",4
"sim_57",4
"sim_57",4
"sim_57",4
"sim_57",4
"sim_57",4
"sim_57",4
"sim_57",4
"sim_57",4
"sim_57",4
"sim_57",4
"sim_57",4
"sim_57",4
"sim_57",4
"sim_57",4
"sim_57",4
"sim_57",4
"sim_57",4
"sim_57",4
"sim_57",4
"sim_57",4
"sim_57",4
"sim_57",4
"sim_57",4
"sim_57",4
"sim_57",4
"sim_57",4
"sim_57",4
"sim_57",4
"sim_57",4
"sim_57",4
"sim_57",4
"sim_57",4
"sim_57",4
"sim_57",4
"sim_57",4
"sim_57",4
"sim_57",4
"sim_57",4
"sim_57",4
"sim_57",4
"sim_57",4
"sim_57",4
"sim_57",4
"sim_57",4
"sim_57",4
"sim_57",4
"sim_57",4
"sim_57",4
"sim_57",4
"sim_57",4
"sim_57",4
"sim_57",4
"sim_57",4
"sim_57",4
"sim_57",4
"sim_57",4
"sim_57",4
"sim_57",4
"sim_57",4
"sim_57",4
"sim_57",4
"sim_57",4
"sim_57",4
"sim_57",4
"sim_57",4
"sim_57",4
"sim_57",4
"sim_57",4
"sim_57",4
"sim_57",4
"sim_57",4
"sim_57",4
"sim_57",4
"sim_57",4
"sim_57",4
"sim_57",4
"sim_57",4
"sim_57",4
"sim_57",4
"sim_57",4
"sim_57",4
"sim_57",4
"sim_57",4
"sim_57",4
"sim_57",4
"sim_57",4
"sim_57",4
"sim_57",4
"sim_57",4
"sim_57",4
"sim_57",4
"sim_57",4
"sim_57",4
"sim_57",4
"sim_57",4
"sim_57",4
"sim_57",4
"sim_57",4
"sim_57",4
"sim_57",4
"sim_57",4
"sim_57",4
"sim_57",4
"sim_57",4
"sim_57",4
"sim_57",4
"sim_57",4
"sim_57",4
"sim_57",4
"sim_57",4
"sim_57",4
"sim_57",4
"sim_57",4
"sim_57",4
"sim_57",4
"sim_57",4
"sim_57",4
"sim_57",4
"sim_57",4
"sim_57",4
"sim_57",4
"sim_57",4
"sim_57",4
"sim_57",4
"sim_57",4
"sim_57",4
"sim_57",4
"sim_57",4
"sim_57",4
"sim_57",4
"sim_57",4
"sim_57",4
"sim_57",4
"sim_57",4
"sim_57",4
"sim_57",4
"sim_57",4
"sim_57",4
"sim_57",4
"sim_57",4
"sim_57",4
"sim_57",4
"sim_57",4
"sim_57",4
"sim_57",4
"sim_57",4
"sim_57",4
"sim_57",4
"sim_57",4
"sim_57",4
"sim_57",4
"sim_57",4
"sim_57",4
"sim_57",4
"sim_57",4
"sim_57",4
"sim_57",4
"sim_57",4
"sim_57",4
"sim_57",4
"sim_57",4
"sim_57",4
"sim_57",4
"sim_57",4
"sim_57",4
"sim_57",4
"sim_57",4
"sim_57",4
"sim_57",4
"sim_57",4
"sim_57",4
"sim_57",4
"sim_57",4
"sim_57",4
"sim_57",4
"sim_57",4
"sim_57",4
"sim_57",4
"sim_57",4
"sim_57",4
"sim_57",4
"sim_57",4
"sim_57",4
"sim_57",4
"sim_57",4
"sim_57",4
"sim_57",4
"sim_57",4
"sim_57",4
"sim_57",4
"sim_57",4
"sim_57",4
"sim_57",4
"sim_57",4
"sim_57",4
"sim_57",4
"sim_57",4
"sim_57",4
"sim_57",4
"sim_57",4
"sim_57",4
"sim_57",4
"sim_57",4
"sim_57",4
"sim_57",4
"sim_57",4
"sim_57",4
"sim_57",4
"sim_57",4
"sim_57",4
"sim_57",4
"sim_57",4
"sim_57",4
"sim_57",4
"sim_57",4
"sim_57",4
"sim_57",4
"sim_57",4
"sim_57",4
"sim_57",4
"sim_57",4
"sim_57",4
"sim_57",4
"sim_57",4
"sim_57",4
"sim_57",4
"sim_57",4
"sim_57",4
"sim_57",4
"sim_57",4
"sim_57",4
"sim_57",4
"sim_57",4
"sim_57",4
"sim_57",4
"sim_57",4
"sim_57",4
"sim_57",4
"sim_57",4
"sim_57",4
"sim_57",4
"sim_57",4
"sim_57",4
"sim_57",4
"sim_57",4
"sim_57",4
"sim_57",4
"sim_57",4
"sim_57",4
"sim_57",4
"sim_57",4
"sim_57",4
"sim_57",4
"sim_57",4
"sim_57",4
"sim_57",4
"sim_57",4
"sim_57",4
"sim_57",4
"sim_57",4
"sim_57",4
"sim_57",4
"sim_57",4
"sim_57",4
"sim_57",4
"sim_57",4
"sim_57",4
"sim_57",4
"sim_57",4
"sim_57",4
"sim_57",4
"sim_57",4
"sim_57",4
"sim_57",4
"sim_57",4
"sim_57",4
"sim_57",4
"sim_57",4
"sim_57",4
"sim_57",4
"sim_57",4
"sim_57",4
"sim_57",4
"sim_57",4
"sim_57",4
"sim_57",4
"sim_57",4
"sim_57",4
"sim_57",4
"sim_57",4
"sim_57",4
"sim_57",4
"sim_57",4
"sim_57",4
"sim_57",4
"sim_57",4
"sim_57",4
"sim_57",4
"sim_57",4
"sim_57",4
"sim_57",4
"sim_57",4
"sim_57",4
"sim_57",4
"sim_57",4
"sim_57",4
"sim_57",4
"sim_57",4
"sim_57",4
"sim_57",4
"sim_57",4
"sim_57",4
"sim_57",4
"sim_57",4
"sim_57",4
"sim_57",4
"sim_57",4
"sim_57",4
"sim_57",4
"sim_57",4
"sim_57",4
"sim_57",4
"sim_57",4
"sim_57",4
"sim_57",4
"sim_57",4
"sim_57",4
"sim_57",4
"sim_57",4
"sim_57",4
"sim_57",4
"sim_57",4
"sim_57",4
"sim_57",4
"sim_57",4
"sim_57",4
"sim_57",4
"sim_57",4
"sim_57",4
"sim_57",4
"sim_57",4
"sim_57",4
"sim_57",4
"sim_57",4
"sim_57",4
"sim_57",4
"sim_57",4
"sim_57",4
"sim_57",4
"sim_57",4
"sim_57",4
"sim_57",4
"sim_57",4
"sim_57",4
"sim_57",4
"sim_57",4
"sim_57",5
"sim_57",5
"sim_57",5
"sim_57",5
"sim_57",5
"sim_57",5
"sim_57",5
"sim_57",5
"sim_57",5
"sim_57",5
"sim_57",5
"sim_57",5
"sim_57",5
"sim_57",5
"sim_57",5
"sim_57",5
"sim_57",5
"sim_57",5
"sim_57",5
"sim_57",5
"sim_57",5
"sim_57",5
"sim_57",5
"sim_57",5
"sim_57",5
"sim_57",5
"sim_57",5
"sim_57",5
"sim_57",5
"sim_57",5
"sim_57",5
"sim_57",5
"sim_57",5
"sim_57",5
"sim_57",5
"sim_57",5
"sim_57",5
"sim_57",5
"sim_57",5
"sim_57",5
"sim_57",5
"sim_57",5
"sim_57",5
"sim_57",5
"sim_57",5
"sim_57",5
"sim_57",5
"sim_57",5
"sim_57",5
"sim_57",5
"sim_57",5
"sim_57",5
"sim_57",5
"sim_57",5
"sim_57",5
"sim_57",5
"sim_57",5
"sim_57",5
"sim_57",5
"sim_57",5
"sim_57",5
"sim_57",5
"sim_57",5
"sim_57",5
"sim_57",5
"sim_57",5
"sim_57",5
"sim_57",5
"sim_57",5
"sim_57",5
"sim_57",5
"sim_57",5
"sim_57",5
"sim_57",5
"sim_57",5
"sim_57",5
"sim_57",5
"sim_57",5
"sim_57",5
"sim_57",5
"sim_57",5
"sim_57",5
"sim_57",5
"sim_57",5
"sim_57",5
"sim_57",5
"sim_57",5
"sim_57",5
"sim_57",5
"sim_57",5
"sim_57",5
"sim_57",5
"sim_57",5
"sim_57",5
"sim_57",5
"sim_57",5
"sim_57",5
"sim_57",5
"sim_57",5
"sim_57",6
"sim_57",6
"sim_57",6
"sim_57",6
"sim_57",6
"sim_57",6
"sim_57",6
"sim_57",6
"sim_57",6
"sim_57",6
"sim_57",6
"sim_57",6
"sim_57",6
"sim_57",6
"sim_57",6
"sim_57",6
"sim_57",6
"sim_57",6
"sim_57",6
"sim_57",6
"sim_57",6
"sim_57",6
"sim_57",6
"sim_57",6
"sim_57",6
"sim_57",6
"sim_57",6
"sim_57",6
"sim_57",6
"sim_57",6
"sim_57",6
"sim_57",6
"sim_57",6
"sim_57",6
"sim_57",6
"sim_57",6
"sim_57",7
"sim_57",7
"sim_57",7
"sim_57",7
"sim_57",7
"sim_57",7
"sim_57",7
"sim_57",7
"sim_57",7
"sim_57",7
"sim_57",7
"sim_57",7
"sim_57",7
"sim_57",7
"sim_57",7
"sim_57",7
"sim_57",7
"sim_57",7
"sim_57",7
"sim_57",7
"sim_57",7
"sim_57",8
"sim_57",8
"sim_57",9
"sim_57",9
"sim_57",9
"sim_57",9
"sim_57",9
"sim_57",9
"sim_57",9
"sim_57",9
"sim_57",9
"sim_57",9
"sim_57",10
"sim_57",10
"sim_57",10
"sim_57",10
"sim_57",11
"sim_57",11
"sim_57",12
"sim_57",12
"sim_57",12
"sim_57",13
"sim_57",13
"sim_57",14
"sim_58",4
"sim_58",4
"sim_58",4
"sim_58",4
"sim_58",4
"sim_58",4
"sim_58",4
"sim_58",4
"sim_58",4
"sim_58",4
"sim_58",4
"sim_58",4
"sim_58",4
"sim_58",4
"sim_58",4
"sim_58",4
"sim_58",4
"sim_58",4
"sim_58",4
"sim_58",4
"sim_58",4
"sim_58",4
"sim_58",4
"sim_58",4
"sim_58",4
"sim_58",4
"sim_58",4
"sim_58",4
"sim_58",4
"sim_58",4
"sim_58",4
"sim_58",4
"sim_58",4
"sim_58",4
"sim_58",4
"sim_58",4
"sim_58",4
"sim_58",4
"sim_58",4
"sim_58",4
"sim_58",4
"sim_58",4
"sim_58",4
"sim_58",4
"sim_58",4
"sim_58",4
"sim_58",4
"sim_58",4
"sim_58",4
"sim_58",4
"sim_58",4
"sim_58",4
"sim_58",4
"sim_58",4
"sim_58",4
"sim_58",4
"sim_58",4
"sim_58",4
"sim_58",4
"sim_58",4
"sim_58",4
"sim_58",4
"sim_58",4
"sim_58",4
"sim_58",4
"sim_58",4
"sim_58",4
"sim_58",4
"sim_58",4
"sim_58",4
"sim_58",4
"sim_58",4
"sim_58",4
"sim_58",4
"sim_58",4
"sim_58",4
"sim_58",4
"sim_58",4
"sim_58",4
"sim_58",4
"sim_58",4
"sim_58",4
"sim_58",4
"sim_58",4
"sim_58",4
"sim_58",4
"sim_58",4
"sim_58",4
"sim_58",4
"sim_58",4
"sim_58",4
"sim_58",4
"sim_58",4
"sim_58",4
"sim_58",4
"sim_58",4
"sim_58",4
"sim_58",4
"sim_58",4
"sim_58",4
"sim_58",4
"sim_58",4
"sim_58",4
"sim_58",4
"sim_58",4
"sim_58",4
"sim_58",4
"sim_58",4
"sim_58",4
"sim_58",4
"sim_58",4
"sim_58",4
"sim_58",4
"sim_58",4
"sim_58",4
"sim_58",4
"sim_58",4
"sim_58",4
"sim_58",4
"sim_58",4
"sim_58",4
"sim_58",4
"sim_58",4
"sim_58",4
"sim_58",4
"sim_58",4
"sim_58",4
"sim_58",4
"sim_58",4
"sim_58",4
"sim_58",4
"sim_58",4
"sim_58",4
"sim_58",4
"sim_58",4
"sim_58",4
"sim_58",4
"sim_58",4
"sim_58",4
"sim_58",4
"sim_58",4
"sim_58",4
"sim_58",4
"sim_58",4
"sim_58",4
"sim_58",4
"sim_58",4
"sim_58",4
"sim_58",4
"sim_58",4
"sim_58",4
"sim_58",4
"sim_58",4
"sim_58",4
"sim_58",4
"sim_58",4
"sim_58",4
"sim_58",4
"sim_58",4
"sim_58",4
"sim_58",4
"sim_58",4
"sim_58",4
"sim_58",4
"sim_58",4
"sim_58",4
"sim_58",4
"sim_58",4
"sim_58",4
"sim_58",4
"sim_58",4
"sim_58",4
"sim_58",4
"sim_58",4
"sim_58",4
"sim_58",4
"sim_58",4
"sim_58",4
"sim_58",4
"sim_58",4
"sim_58",4
"sim_58",4
"sim_58",4
"sim_58",4
"sim_58",4
"sim_58",4
"sim_58",4
"sim_58",4
"sim_58",4
"sim_58",4
"sim_58",4
"sim_58",4
"sim_58",4
"sim_58",4
"sim_58",4
"sim_58",4
"sim_58",4
"sim_58",4
"sim_58",4
"sim_58",4
"sim_58",4
"sim_58",4
"sim_58",4
"sim_58",4
"sim_58",4
"sim_58",4
"sim_58",4
"sim_58",4
"sim_58",4
"sim_58",4
"sim_58",4
"sim_58",4
"sim_58",4
"sim_58",4
"sim_58",4
"sim_58",4
"sim_58",4
"sim_58",4
"sim_58",4
"sim_58",4
"sim_58",4
"sim_58",4
"sim_58",4
"sim_58",4
"sim_58",4
"sim_58",4
"sim_58",4
"sim_58",4
"sim_58",4
"sim_58",4
"sim_58",4
"sim_58",4
"sim_58",4
"sim_58",4
"sim_58",4
"sim_58",4
"sim_58",4
"sim_58",4
"sim_58",4
"sim_58",4
"sim_58",4
"sim_58",4
"sim_58",4
"sim_58",4
"sim_58",4
"sim_58",4
"sim_58",4
"sim_58",4
"sim_58",4
"sim_58",4
"sim_58",4
"sim_58",4
"sim_58",4
"sim_58",4
"sim_58",4
"sim_58",4
"sim_58",4
"sim_58",4
"sim_58",4
"sim_58",4
"sim_58",4
"sim_58",4
"sim_58",4
"sim_58",4
"sim_58",4
"sim_58",4
"sim_58",4
"sim_58",4
"sim_58",4
"sim_58",4
"sim_58",4
"sim_58",4
"sim_58",4
"sim_58",4
"sim_58",4
"sim_58",4
"sim_58",4
"sim_58",4
"sim_58",4
"sim_58",4
"sim_58",4
"sim_58",4
"sim_58",4
"sim_58",4
"sim_58",4
"sim_58",4
"sim_58",4
"sim_58",4
"sim_58",4
"sim_58",4
"sim_58",4
"sim_58",4
"sim_58",4
"sim_58",4
"sim_58",4
"sim_58",4
"sim_58",4
"sim_58",4
"sim_58",4
"sim_58",4
"sim_58",4
"sim_58",4
"sim_58",4
"sim_58",4
"sim_58",4
"sim_58",4
"sim_58",4
"sim_58",4
"sim_58",4
"sim_58",4
"sim_58",4
"sim_58",4
"sim_58",4
"sim_58",4
"sim_58",4
"sim_58",4
"sim_58",4
"sim_58",4
"sim_58",4
"sim_58",4
"sim_58",4
"sim_58",4
"sim_58",4
"sim_58",4
"sim_58",4
"sim_58",4
"sim_58",4
"sim_58",4
"sim_58",4
"sim_58",4
"sim_58",4
"sim_58",4
"sim_58",4
"sim_58",4
"sim_58",4
"sim_58",4
"sim_58",4
"sim_58",4
"sim_58",4
"sim_58",4
"sim_58",4
"sim_58",4
"sim_58",4
"sim_58",4
"sim_58",4
"sim_58",4
"sim_58",4
"sim_58",4
"sim_58",4
"sim_58",4
"sim_58",4
"sim_58",4
"sim_58",4
"sim_58",4
"sim_58",4
"sim_58",4
"sim_58",4
"sim_58",4
"sim_58",4
"sim_58",4
"sim_58",4
"sim_58",4
"sim_58",4
"sim_58",4
"sim_58",4
"sim_58",4
"sim_58",4
"sim_58",4
"sim_58",4
"sim_58",4
"sim_58",4
"sim_58",4
"sim_58",4
"sim_58",4
"sim_58",4
"sim_58",4
"sim_58",4
"sim_58",4
"sim_58",4
"sim_58",5
"sim_58",5
"sim_58",5
"sim_58",5
"sim_58",5
"sim_58",5
"sim_58",5
"sim_58",5
"sim_58",5
"sim_58",5
"sim_58",5
"sim_58",5
"sim_58",5
"sim_58",5
"sim_58",5
"sim_58",5
"sim_58",5
"sim_58",5
"sim_58",5
"sim_58",5
"sim_58",5
"sim_58",5
"sim_58",5
"sim_58",5
"sim_58",5
"sim_58",5
"sim_58",5
"sim_58",5
"sim_58",5
"sim_58",5
"sim_58",5
"sim_58",5
"sim_58",5
"sim_58",5
"sim_58",5
"sim_58",5
"sim_58",5
"sim_58",5
"sim_58",5
"sim_58",5
"sim_58",5
"sim_58",5
"sim_58",5
"sim_58",5
"sim_58",5
"sim_58",5
"sim_58",5
"sim_58",5
"sim_58",5
"sim_58",5
"sim_58",5
"sim_58",5
"sim_58",5
"sim_58",5
"sim_58",5
"sim_58",5
"sim_58",5
"sim_58",5
"sim_58",5
"sim_58",5
"sim_58",5
"sim_58",5
"sim_58",5
"sim_58",5
"sim_58",5
"sim_58",5
"sim_58",5
"sim_58",5
"sim_58",5
"sim_58",5
"sim_58",5
"sim_58",5
"sim_58",5
"sim_58",5
"sim_58",5
"sim_58",5
"sim_58",5
"sim_58",5
"sim_58",5
"sim_58",5
"sim_58",5
"sim_58",5
"sim_58",5
"sim_58",5
"sim_58",5
"sim_58",5
"sim_58",5
"sim_58",5
"sim_58",5
"sim_58",5
"sim_58",5
"sim_58",5
"sim_58",6
"sim_58",6
"sim_58",6
"sim_58",6
"sim_58",6
"sim_58",6
"sim_58",6
"sim_58",6
"sim_58",6
"sim_58",6
"sim_58",6
"sim_58",6
"sim_58",6
"sim_58",6
"sim_58",6
"sim_58",6
"sim_58",6
"sim_58",6
"sim_58",6
"sim_58",6
"sim_58",6
"sim_58",6
"sim_58",6
"sim_58",6
"sim_58",6
"sim_58",6
"sim_58",6
"sim_58",6
"sim_58",6
"sim_58",6
"sim_58",6
"sim_58",6
"sim_58",6
"sim_58",6
"sim_58",6
"sim_58",6
"sim_58",6
"sim_58",7
"sim_58",7
"sim_58",7
"sim_58",7
"sim_58",7
"sim_58",7
"sim_58",7
"sim_58",7
"sim_58",7
"sim_58",7
"sim_58",7
"sim_58",7
"sim_58",7
"sim_58",7
"sim_58",7
"sim_58",7
"sim_58",7
"sim_58",7
"sim_58",7
"sim_58",7
"sim_58",7
"sim_58",7
"sim_58",7
"sim_58",7
"sim_58",7
"sim_58",7
"sim_58",7
"sim_58",7
"sim_58",7
"sim_58",7
"sim_58",7
"sim_58",7
"sim_58",7
"sim_58",7
"sim_58",7
"sim_58",7
"sim_58",8
"sim_58",8
"sim_58",8
"sim_58",8
"sim_58",8
"sim_58",8
"sim_58",9
"sim_58",9
"sim_58",9
"sim_58",9
"sim_58",9
"sim_58",9
"sim_58",9
"sim_58",9
"sim_58",10
"sim_58",10
"sim_58",10
"sim_58",11
"sim_58",13
"sim_58",13
"sim_58",13
"sim_58",14
"sim_59",4
"sim_59",4
"sim_59",4
"sim_59",4
"sim_59",4
"sim_59",4
"sim_59",4
"sim_59",4
"sim_59",4
"sim_59",4
"sim_59",4
"sim_59",4
"sim_59",4
"sim_59",4
"sim_59",4
"sim_59",4
"sim_59",4
"sim_59",4
"sim_59",4
"sim_59",4
"sim_59",4
"sim_59",4
"sim_59",4
"sim_59",4
"sim_59",4
"sim_59",4
"sim_59",4
"sim_59",4
"sim_59",4
"sim_59",4
"sim_59",4
"sim_59",4
"sim_59",4
"sim_59",4
"sim_59",4
"sim_59",4
"sim_59",4
"sim_59",4
"sim_59",4
"sim_59",4
"sim_59",4
"sim_59",4
"sim_59",4
"sim_59",4
"sim_59",4
"sim_59",4
"sim_59",4
"sim_59",4
"sim_59",4
"sim_59",4
"sim_59",4
"sim_59",4
"sim_59",4
"sim_59",4
"sim_59",4
"sim_59",4
"sim_59",4
"sim_59",4
"sim_59",4
"sim_59",4
"sim_59",4
"sim_59",4
"sim_59",4
"sim_59",4
"sim_59",4
"sim_59",4
"sim_59",4
"sim_59",4
"sim_59",4
"sim_59",4
"sim_59",4
"sim_59",4
"sim_59",4
"sim_59",4
"sim_59",4
"sim_59",4
"sim_59",4
"sim_59",4
"sim_59",4
"sim_59",4
"sim_59",4
"sim_59",4
"sim_59",4
"sim_59",4
"sim_59",4
"sim_59",4
"sim_59",4
"sim_59",4
"sim_59",4
"sim_59",4
"sim_59",4
"sim_59",4
"sim_59",4
"sim_59",4
"sim_59",4
"sim_59",4
"sim_59",4
"sim_59",4
"sim_59",4
"sim_59",4
"sim_59",4
"sim_59",4
"sim_59",4
"sim_59",4
"sim_59",4
"sim_59",4
"sim_59",4
"sim_59",4
"sim_59",4
"sim_59",4
"sim_59",4
"sim_59",4
"sim_59",4
"sim_59",4
"sim_59",4
"sim_59",4
"sim_59",4
"sim_59",4
"sim_59",4
"sim_59",4
"sim_59",4
"sim_59",4
"sim_59",4
"sim_59",4
"sim_59",4
"sim_59",4
"sim_59",4
"sim_59",4
"sim_59",4
"sim_59",4
"sim_59",4
"sim_59",4
"sim_59",4
"sim_59",4
"sim_59",4
"sim_59",4
"sim_59",4
"sim_59",4
"sim_59",4
"sim_59",4
"sim_59",4
"sim_59",4
"sim_59",4
"sim_59",4
"sim_59",4
"sim_59",4
"sim_59",4
"sim_59",4
"sim_59",4
"sim_59",4
"sim_59",4
"sim_59",4
"sim_59",4
"sim_59",4
"sim_59",4
"sim_59",4
"sim_59",4
"sim_59",4
"sim_59",4
"sim_59",4
"sim_59",4
"sim_59",4
"sim_59",4
"sim_59",4
"sim_59",4
"sim_59",4
"sim_59",4
"sim_59",4
"sim_59",4
"sim_59",4
"sim_59",4
"sim_59",4
"sim_59",4
"sim_59",4
"sim_59",4
"sim_59",4
"sim_59",4
"sim_59",4
"sim_59",4
"sim_59",4
"sim_59",4
"sim_59",4
"sim_59",4
"sim_59",4
"sim_59",4
"sim_59",4
"sim_59",4
"sim_59",4
"sim_59",4
"sim_59",4
"sim_59",4
"sim_59",4
"sim_59",4
"sim_59",4
"sim_59",4
"sim_59",4
"sim_59",4
"sim_59",4
"sim_59",4
"sim_59",4
"sim_59",4
"sim_59",4
"sim_59",4
"sim_59",4
"sim_59",4
"sim_59",4
"sim_59",4
"sim_59",4
"sim_59",4
"sim_59",4
"sim_59",4
"sim_59",4
"sim_59",4
"sim_59",4
"sim_59",4
"sim_59",4
"sim_59",4
"sim_59",4
"sim_59",4
"sim_59",4
"sim_59",4
"sim_59",4
"sim_59",4
"sim_59",4
"sim_59",4
"sim_59",4
"sim_59",4
"sim_59",4
"sim_59",4
"sim_59",4
"sim_59",4
"sim_59",4
"sim_59",4
"sim_59",4
"sim_59",4
"sim_59",4
"sim_59",4
"sim_59",4
"sim_59",4
"sim_59",4
"sim_59",4
"sim_59",4
"sim_59",4
"sim_59",4
"sim_59",4
"sim_59",4
"sim_59",4
"sim_59",4
"sim_59",4
"sim_59",4
"sim_59",4
"sim_59",4
"sim_59",4
"sim_59",4
"sim_59",4
"sim_59",4
"sim_59",4
"sim_59",4
"sim_59",4
"sim_59",4
"sim_59",4
"sim_59",4
"sim_59",4
"sim_59",4
"sim_59",4
"sim_59",4
"sim_59",4
"sim_59",4
"sim_59",4
"sim_59",4
"sim_59",4
"sim_59",4
"sim_59",4
"sim_59",4
"sim_59",4
"sim_59",4
"sim_59",4
"sim_59",4
"sim_59",4
"sim_59",4
"sim_59",4
"sim_59",4
"sim_59",4
"sim_59",4
"sim_59",4
"sim_59",4
"sim_59",4
"sim_59",4
"sim_59",4
"sim_59",4
"sim_59",4
"sim_59",4
"sim_59",4
"sim_59",4
"sim_59",4
"sim_59",4
"sim_59",4
"sim_59",4
"sim_59",4
"sim_59",4
"sim_59",4
"sim_59",4
"sim_59",4
"sim_59",4
"sim_59",4
"sim_59",4
"sim_59",4
"sim_59",4
"sim_59",4
"sim_59",4
"sim_59",4
"sim_59",4
"sim_59",4
"sim_59",4
"sim_59",4
"sim_59",4
"sim_59",4
"sim_59",4
"sim_59",4
"sim_59",4
"sim_59",4
"sim_59",4
"sim_59",4
"sim_59",4
"sim_59",4
"sim_59",4
"sim_59",4
"sim_59",4
"sim_59",4
"sim_59",4
"sim_59",4
"sim_59",4
"sim_59",4
"sim_59",4
"sim_59",4
"sim_59",4
"sim_59",4
"sim_59",4
"sim_59",4
"sim_59",4
"sim_59",4
"sim_59",4
"sim_59",4
"sim_59",4
"sim_59",4
"sim_59",4
"sim_59",4
"sim_59",4
"sim_59",4
"sim_59",4
"sim_59",4
"sim_59",4
"sim_59",4
"sim_59",4
"sim_59",4
"sim_59",4
"sim_59",4
"sim_59",4
"sim_59",4
"sim_59",4
"sim_59",4
"sim_59",4
"sim_59",4
"sim_59",4
"sim_59",4
"sim_59",4
"sim_59",4
"sim_59",4
"sim_59",4
"sim_59",4
"sim_59",4
"sim_59",4
"sim_59",4
"sim_59",4
"sim_59",4
"sim_59",4
"sim_59",4
"sim_59",4
"sim_59",4
"sim_59",4
"sim_59",4
"sim_59",4
"sim_59",4
"sim_59",4
"sim_59",4
"sim_59",4
"sim_59",4
"sim_59",4
"sim_59",4
"sim_59",5
"sim_59",5
"sim_59",5
"sim_59",5
"sim_59",5
"sim_59",5
"sim_59",5
"sim_59",5
"sim_59",5
"sim_59",5
"sim_59",5
"sim_59",5
"sim_59",5
"sim_59",5
"sim_59",5
"sim_59",5
"sim_59",5
"sim_59",5
"sim_59",5
"sim_59",5
"sim_59",5
"sim_59",5
"sim_59",5
"sim_59",5
"sim_59",5
"sim_59",5
"sim_59",5
"sim_59",5
"sim_59",5
"sim_59",5
"sim_59",5
"sim_59",5
"sim_59",5
"sim_59",5
"sim_59",5
"sim_59",5
"sim_59",5
"sim_59",5
"sim_59",5
"sim_59",5
"sim_59",5
"sim_59",5
"sim_59",5
"sim_59",5
"sim_59",5
"sim_59",5
"sim_59",5
"sim_59",5
"sim_59",5
"sim_59",5
"sim_59",5
"sim_59",5
"sim_59",5
"sim_59",5
"sim_59",5
"sim_59",5
"sim_59",5
"sim_59",5
"sim_59",5
"sim_59",5
"sim_59",5
"sim_59",5
"sim_59",5
"sim_59",5
"sim_59",5
"sim_59",5
"sim_59",5
"sim_59",5
"sim_59",5
"sim_59",5
"sim_59",5
"sim_59",5
"sim_59",5
"sim_59",5
"sim_59",5
"sim_59",5
"sim_59",5
"sim_59",5
"sim_59",5
"sim_59",5
"sim_59",5
"sim_59",5
"sim_59",5
"sim_59",5
"sim_59",5
"sim_59",5
"sim_59",5
"sim_59",5
"sim_59",5
"sim_59",5
"sim_59",5
"sim_59",6
"sim_59",6
"sim_59",6
"sim_59",6
"sim_59",6
"sim_59",6
"sim_59",6
"sim_59",6
"sim_59",6
"sim_59",6
"sim_59",6
"sim_59",6
"sim_59",6
"sim_59",6
"sim_59",6
"sim_59",6
"sim_59",6
"sim_59",6
"sim_59",6
"sim_59",6
"sim_59",6
"sim_59",6
"sim_59",6
"sim_59",6
"sim_59",6
"sim_59",6
"sim_59",6
"sim_59",6
"sim_59",6
"sim_59",6
"sim_59",6
"sim_59",6
"sim_59",6
"sim_59",6
"sim_59",6
"sim_59",6
"sim_59",6
"sim_59",6
"sim_59",6
"sim_59",7
"sim_59",7
"sim_59",7
"sim_59",7
"sim_59",7
"sim_59",7
"sim_59",7
"sim_59",7
"sim_59",7
"sim_59",7
"sim_59",7
"sim_59",7
"sim_59",7
"sim_59",7
"sim_59",7
"sim_59",7
"sim_59",7
"sim_59",7
"sim_59",7
"sim_59",7
"sim_59",8
"sim_59",8
"sim_59",8
"sim_59",8
"sim_59",8
"sim_59",8
"sim_59",8
"sim_59",8
"sim_59",8
"sim_59",8
"sim_59",8
"sim_59",8
"sim_59",8
"sim_59",9
"sim_59",9
"sim_59",9
"sim_59",9
"sim_59",10
"sim_59",10
"sim_59",10
"sim_59",10
"sim_59",10
"sim_59",10
"sim_59",10
"sim_59",10
"sim_59",11
"sim_59",12
"sim_60",4
"sim_60",4
"sim_60",4
"sim_60",4
"sim_60",4
"sim_60",4
"sim_60",4
"sim_60",4
"sim_60",4
"sim_60",4
"sim_60",4
"sim_60",4
"sim_60",4
"sim_60",4
"sim_60",4
"sim_60",4
"sim_60",4
"sim_60",4
"sim_60",4
"sim_60",4
"sim_60",4
"sim_60",4
"sim_60",4
"sim_60",4
"sim_60",4
"sim_60",4
"sim_60",4
"sim_60",4
"sim_60",4
"sim_60",4
"sim_60",4
"sim_60",4
"sim_60",4
"sim_60",4
"sim_60",4
"sim_60",4
"sim_60",4
"sim_60",4
"sim_60",4
"sim_60",4
"sim_60",4
"sim_60",4
"sim_60",4
"sim_60",4
"sim_60",4
"sim_60",4
"sim_60",4
"sim_60",4
"sim_60",4
"sim_60",4
"sim_60",4
"sim_60",4
"sim_60",4
"sim_60",4
"sim_60",4
"sim_60",4
"sim_60",4
"sim_60",4
"sim_60",4
"sim_60",4
"sim_60",4
"sim_60",4
"sim_60",4
"sim_60",4
"sim_60",4
"sim_60",4
"sim_60",4
"sim_60",4
"sim_60",4
"sim_60",4
"sim_60",4
"sim_60",4
"sim_60",4
"sim_60",4
"sim_60",4
"sim_60",4
"sim_60",4
"sim_60",4
"sim_60",4
"sim_60",4
"sim_60",4
"sim_60",4
"sim_60",4
"sim_60",4
"sim_60",4
"sim_60",4
"sim_60",4
"sim_60",4
"sim_60",4
"sim_60",4
"sim_60",4
"sim_60",4
"sim_60",4
"sim_60",4
"sim_60",4
"sim_60",4
"sim_60",4
"sim_60",4
"sim_60",4
"sim_60",4
"sim_60",4
"sim_60",4
"sim_60",4
"sim_60",4
"sim_60",4
"sim_60",4
"sim_60",4
"sim_60",4
"sim_60",4
"sim_60",4
"sim_60",4
"sim_60",4
"sim_60",4
"sim_60",4
"sim_60",4
"sim_60",4
"sim_60",4
"sim_60",4
"sim_60",4
"sim_60",4
"sim_60",4
"sim_60",4
"sim_60",4
"sim_60",4
"sim_60",4
"sim_60",4
"sim_60",4
"sim_60",4
"sim_60",4
"sim_60",4
"sim_60",4
"sim_60",4
"sim_60",4
"sim_60",4
"sim_60",4
"sim_60",4
"sim_60",4
"sim_60",4
"sim_60",4
"sim_60",4
"sim_60",4
"sim_60",4
"sim_60",4
"sim_60",4
"sim_60",4
"sim_60",4
"sim_60",4
"sim_60",4
"sim_60",4
"sim_60",4
"sim_60",4
"sim_60",4
"sim_60",4
"sim_60",4
"sim_60",4
"sim_60",4
"sim_60",4
"sim_60",4
"sim_60",4
"sim_60",4
"sim_60",4
"sim_60",4
"sim_60",4
"sim_60",4
"sim_60",4
"sim_60",4
"sim_60",4
"sim_60",4
"sim_60",4
"sim_60",4
"sim_60",4
"sim_60",4
"sim_60",4
"sim_60",4
"sim_60",4
"sim_60",4
"sim_60",4
"sim_60",4
"sim_60",4
"sim_60",4
"sim_60",4
"sim_60",4
"sim_60",4
"sim_60",4
"sim_60",4
"sim_60",4
"sim_60",4
"sim_60",4
"sim_60",4
"sim_60",4
"sim_60",4
"sim_60",4
"sim_60",4
"sim_60",4
"sim_60",4
"sim_60",4
"sim_60",4
"sim_60",4
"sim_60",4
"sim_60",4
"sim_60",4
"sim_60",4
"sim_60",4
"sim_60",4
"sim_60",4
"sim_60",4
"sim_60",4
"sim_60",4
"sim_60",4
"sim_60",4
"sim_60",4
"sim_60",4
"sim_60",4
"sim_60",4
"sim_60",4
"sim_60",4
"sim_60",4
"sim_60",4
"sim_60",4
"sim_60",4
"sim_60",4
"sim_60",4
"sim_60",4
"sim_60",4
"sim_60",4
"sim_60",4
"sim_60",4
"sim_60",4
"sim_60",4
"sim_60",4
"sim_60",4
"sim_60",4
"sim_60",4
"sim_60",4
"sim_60",4
"sim_60",4
"sim_60",4
"sim_60",4
"sim_60",4
"sim_60",4
"sim_60",4
"sim_60",4
"sim_60",4
"sim_60",4
"sim_60",4
"sim_60",4
"sim_60",4
"sim_60",4
"sim_60",4
"sim_60",4
"sim_60",4
"sim_60",4
"sim_60",4
"sim_60",4
"sim_60",4
"sim_60",4
"sim_60",4
"sim_60",4
"sim_60",4
"sim_60",4
"sim_60",4
"sim_60",4
"sim_60",4
"sim_60",4
"sim_60",4
"sim_60",4
"sim_60",4
"sim_60",4
"sim_60",4
"sim_60",4
"sim_60",4
"sim_60",4
"sim_60",4
"sim_60",4
"sim_60",4
"sim_60",4
"sim_60",4
"sim_60",4
"sim_60",4
"sim_60",4
"sim_60",4
"sim_60",4
"sim_60",4
"sim_60",4
"sim_60",4
"sim_60",4
"sim_60",4
"sim_60",4
"sim_60",4
"sim_60",4
"sim_60",4
"sim_60",4
"sim_60",4
"sim_60",4
"sim_60",4
"sim_60",4
"sim_60",4
"sim_60",4
"sim_60",4
"sim_60",4
"sim_60",4
"sim_60",4
"sim_60",4
"sim_60",4
"sim_60",4
"sim_60",4
"sim_60",4
"sim_60",4
"sim_60",4
"sim_60",4
"sim_60",4
"sim_60",4
"sim_60",4
"sim_60",4
"sim_60",4
"sim_60",4
"sim_60",4
"sim_60",4
"sim_60",4
"sim_60",4
"sim_60",4
"sim_60",4
"sim_60",4
"sim_60",4
"sim_60",4
"sim_60",4
"sim_60",4
"sim_60",4
"sim_60",4
"sim_60",4
"sim_60",4
"sim_60",4
"sim_60",4
"sim_60",4
"sim_60",4
"sim_60",4
"sim_60",4
"sim_60",4
"sim_60",4
"sim_60",4
"sim_60",4
"sim_60",4
"sim_60",4
"sim_60",4
"sim_60",4
"sim_60",4
"sim_60",4
"sim_60",4
"sim_60",4
"sim_60",4
"sim_60",4
"sim_60",4
"sim_60",4
"sim_60",4
"sim_60",4
"sim_60",4
"sim_60",4
"sim_60",4
"sim_60",4
"sim_60",4
"sim_60",4
"sim_60",4
"sim_60",4
"sim_60",4
"sim_60",4
"sim_60",4
"sim_60",4
"sim_60",4
"sim_60",4
"sim_60",4
"sim_60",4
"sim_60",4
"sim_60",4
"sim_60",4
"sim_60",4
"sim_60",4
"sim_60",4
"sim_60",4
"sim_60",4
"sim_60",5
"sim_60",5
"sim_60",5
"sim_60",5
"sim_60",5
"sim_60",5
"sim_60",5
"sim_60",5
"sim_60",5
"sim_60",5
"sim_60",5
"sim_60",5
"sim_60",5
"sim_60",5
"sim_60",5
"sim_60",5
"sim_60",5
"sim_60",5
"sim_60",5
"sim_60",5
"sim_60",5
"sim_60",5
"sim_60",5
"sim_60",5
"sim_60",5
"sim_60",5
"sim_60",5
"sim_60",5
"sim_60",5
"sim_60",5
"sim_60",5
"sim_60",5
"sim_60",5
"sim_60",5
"sim_60",5
"sim_60",5
"sim_60",5
"sim_60",5
"sim_60",5
"sim_60",5
"sim_60",5
"sim_60",5
"sim_60",5
"sim_60",5
"sim_60",5
"sim_60",5
"sim_60",5
"sim_60",5
"sim_60",5
"sim_60",5
"sim_60",5
"sim_60",5
"sim_60",5
"sim_60",5
"sim_60",5
"sim_60",5
"sim_60",5
"sim_60",5
"sim_60",5
"sim_60",5
"sim_60",5
"sim_60",5
"sim_60",5
"sim_60",5
"sim_60",5
"sim_60",5
"sim_60",5
"sim_60",5
"sim_60",5
"sim_60",5
"sim_60",5
"sim_60",5
"sim_60",5
"sim_60",5
"sim_60",5
"sim_60",5
"sim_60",5
"sim_60",5
"sim_60",5
"sim_60",5
"sim_60",5
"sim_60",5
"sim_60",5
"sim_60",5
"sim_60",5
"sim_60",5
"sim_60",5
"sim_60",5
"sim_60",5
"sim_60",5
"sim_60",5
"sim_60",5
"sim_60",5
"sim_60",5
"sim_60",5
"sim_60",5
"sim_60",5
"sim_60",5
"sim_60",5
"sim_60",6
"sim_60",6
"sim_60",6
"sim_60",6
"sim_60",6
"sim_60",6
"sim_60",6
"sim_60",6
"sim_60",6
"sim_60",6
"sim_60",6
"sim_60",6
"sim_60",6
"sim_60",6
"sim_60",6
"sim_60",6
"sim_60",6
"sim_60",6
"sim_60",6
"sim_60",6
"sim_60",6
"sim_60",6
"sim_60",6
"sim_60",6
"sim_60",6
"sim_60",6
"sim_60",6
"sim_60",6
"sim_60",6
"sim_60",6
"sim_60",6
"sim_60",6
"sim_60",6
"sim_60",6
"sim_60",6
"sim_60",6
"sim_60",6
"sim_60",6
"sim_60",6
"sim_60",6
"sim_60",6
"sim_60",6
"sim_60",6
"sim_60",6
"sim_60",6
"sim_60",6
"sim_60",6
"sim_60",6
"sim_60",6
"sim_60",6
"sim_60",6
"sim_60",6
"sim_60",6
"sim_60",6
"sim_60",6
"sim_60",6
"sim_60",6
"sim_60",7
"sim_60",7
"sim_60",7
"sim_60",7
"sim_60",7
"sim_60",7
"sim_60",7
"sim_60",7
"sim_60",7
"sim_60",7
"sim_60",7
"sim_60",7
"sim_60",7
"sim_60",8
"sim_60",8
"sim_60",8
"sim_60",9
"sim_60",9
"sim_60",9
"sim_60",9
"sim_60",9
"sim_60",9
"sim_60",9
"sim_60",9
"sim_60",9
"sim_60",9
"sim_60",9
"sim_60",9
"sim_60",10
"sim_60",10
"sim_60",12
"sim_61",4
"sim_61",4
"sim_61",4
"sim_61",4
"sim_61",4
"sim_61",4
"sim_61",4
"sim_61",4
"sim_61",4
"sim_61",4
"sim_61",4
"sim_61",4
"sim_61",4
"sim_61",4
"sim_61",4
"sim_61",4
"sim_61",4
"sim_61",4
"sim_61",4
"sim_61",4
"sim_61",4
"sim_61",4
"sim_61",4
"sim_61",4
"sim_61",4
"sim_61",4
"sim_61",4
"sim_61",4
"sim_61",4
"sim_61",4
"sim_61",4
"sim_61",4
"sim_61",4
"sim_61",4
"sim_61",4
"sim_61",4
"sim_61",4
"sim_61",4
"sim_61",4
"sim_61",4
"sim_61",4
"sim_61",4
"sim_61",4
"sim_61",4
"sim_61",4
"sim_61",4
"sim_61",4
"sim_61",4
"sim_61",4
"sim_61",4
"sim_61",4
"sim_61",4
"sim_61",4
"sim_61",4
"sim_61",4
"sim_61",4
"sim_61",4
"sim_61",4
"sim_61",4
"sim_61",4
"sim_61",4
"sim_61",4
"sim_61",4
"sim_61",4
"sim_61",4
"sim_61",4
"sim_61",4
"sim_61",4
"sim_61",4
"sim_61",4
"sim_61",4
"sim_61",4
"sim_61",4
"sim_61",4
"sim_61",4
"sim_61",4
"sim_61",4
"sim_61",4
"sim_61",4
"sim_61",4
"sim_61",4
"sim_61",4
"sim_61",4
"sim_61",4
"sim_61",4
"sim_61",4
"sim_61",4
"sim_61",4
"sim_61",4
"sim_61",4
"sim_61",4
"sim_61",4
"sim_61",4
"sim_61",4
"sim_61",4
"sim_61",4
"sim_61",4
"sim_61",4
"sim_61",4
"sim_61",4
"sim_61",4
"sim_61",4
"sim_61",4
"sim_61",4
"sim_61",4
"sim_61",4
"sim_61",4
"sim_61",4
"sim_61",4
"sim_61",4
"sim_61",4
"sim_61",4
"sim_61",4
"sim_61",4
"sim_61",4
"sim_61",4
"sim_61",4
"sim_61",4
"sim_61",4
"sim_61",4
"sim_61",4
"sim_61",4
"sim_61",4
"sim_61",4
"sim_61",4
"sim_61",4
"sim_61",4
"sim_61",4
"sim_61",4
"sim_61",4
"sim_61",4
"sim_61",4
"sim_61",4
"sim_61",4
"sim_61",4
"sim_61",4
"sim_61",4
"sim_61",4
"sim_61",4
"sim_61",4
"sim_61",4
"sim_61",4
"sim_61",4
"sim_61",4
"sim_61",4
"sim_61",4
"sim_61",4
"sim_61",4
"sim_61",4
"sim_61",4
"sim_61",4
"sim_61",4
"sim_61",4
"sim_61",4
"sim_61",4
"sim_61",4
"sim_61",4
"sim_61",4
"sim_61",4
"sim_61",4
"sim_61",4
"sim_61",4
"sim_61",4
"sim_61",4
"sim_61",4
"sim_61",4
"sim_61",4
"sim_61",4
"sim_61",4
"sim_61",4
"sim_61",4
"sim_61",4
"sim_61",4
"sim_61",4
"sim_61",4
"sim_61",4
"sim_61",4
"sim_61",4
"sim_61",4
"sim_61",4
"sim_61",4
"sim_61",4
"sim_61",4
"sim_61",4
"sim_61",4
"sim_61",4
"sim_61",4
"sim_61",4
"sim_61",4
"sim_61",4
"sim_61",4
"sim_61",4
"sim_61",4
"sim_61",4
"sim_61",4
"sim_61",4
"sim_61",4
"sim_61",4
"sim_61",4
"sim_61",4
"sim_61",4
"sim_61",4
"sim_61",4
"sim_61",4
"sim_61",4
"sim_61",4
"sim_61",4
"sim_61",4
"sim_61",4
"sim_61",4
"sim_61",4
"sim_61",4
"sim_61",4
"sim_61",4
"sim_61",4
"sim_61",4
"sim_61",4
"sim_61",4
"sim_61",4
"sim_61",4
"sim_61",4
"sim_61",4
"sim_61",4
"sim_61",4
"sim_61",4
"sim_61",4
"sim_61",4
"sim_61",4
"sim_61",4
"sim_61",4
"sim_61",4
"sim_61",4
"sim_61",4
"sim_61",4
"sim_61",4
"sim_61",4
"sim_61",4
"sim_61",4
"sim_61",4
"sim_61",4
"sim_61",4
"sim_61",4
"sim_61",4
"sim_61",4
"sim_61",4
"sim_61",4
"sim_61",4
"sim_61",4
"sim_61",4
"sim_61",4
"sim_61",4
"sim_61",4
"sim_61",4
"sim_61",4
"sim_61",4
"sim_61",4
"sim_61",4
"sim_61",4
"sim_61",4
"sim_61",4
"sim_61",4
"sim_61",4
"sim_61",4
"sim_61",4
"sim_61",4
"sim_61",4
"sim_61",4
"sim_61",4
"sim_61",4
"sim_61",4
"sim_61",4
"sim_61",4
"sim_61",4
"sim_61",4
"sim_61",4
"sim_61",4
"sim_61",4
"sim_61",4
"sim_61",4
"sim_61",4
"sim_61",4
"sim_61",4
"sim_61",4
"sim_61",4
"sim_61",4
"sim_61",4
"sim_61",4
"sim_61",4
"sim_61",4
"sim_61",4
"sim_61",4
"sim_61",4
"sim_61",4
"sim_61",4
"sim_61",4
"sim_61",4
"sim_61",4
"sim_61",4
"sim_61",4
"sim_61",4
"sim_61",4
"sim_61",4
"sim_61",4
"sim_61",4
"sim_61",4
"sim_61",4
"sim_61",4
"sim_61",4
"sim_61",4
"sim_61",4
"sim_61",4
"sim_61",4
"sim_61",4
"sim_61",4
"sim_61",4
"sim_61",4
"sim_61",4
"sim_61",4
"sim_61",4
"sim_61",4
"sim_61",4
"sim_61",4
"sim_61",4
"sim_61",4
"sim_61",4
"sim_61",4
"sim_61",4
"sim_61",4
"sim_61",4
"sim_61",4
"sim_61",4
"sim_61",4
"sim_61",4
"sim_61",4
"sim_61",4
"sim_61",4
"sim_61",4
"sim_61",4
"sim_61",4
"sim_61",4
"sim_61",4
"sim_61",4
"sim_61",4
"sim_61",4
"sim_61",4
"sim_61",4
"sim_61",4
"sim_61",4
"sim_61",4
"sim_61",4
"sim_61",4
"sim_61",4
"sim_61",4
"sim_61",4
"sim_61",4
"sim_61",4
"sim_61",4
"sim_61",4
"sim_61",4
"sim_61",4
"sim_61",4
"sim_61",4
"sim_61",4
"sim_61",4
"sim_61",4
"sim_61",4
"sim_61",4
"sim_61",4
"sim_61",4
"sim_61",4
"sim_61",4
"sim_61",4
"sim_61",4
"sim_61",4
"sim_61",4
"sim_61",4
"sim_61",4
"sim_61",4
"sim_61",4
"sim_61",4
"sim_61",4
"sim_61",4
"sim_61",4
"sim_61",4
"sim_61",4
"sim_61",4
"sim_61",5
"sim_61",5
"sim_61",5
"sim_61",5
"sim_61",5
"sim_61",5
"sim_61",5
"sim_61",5
"sim_61",5
"sim_61",5
"sim_61",5
"sim_61",5
"sim_61",5
"sim_61",5
"sim_61",5
"sim_61",5
"sim_61",5
"sim_61",5
"sim_61",5
"sim_61",5
"sim_61",5
"sim_61",5
"sim_61",5
"sim_61",5
"sim_61",5
"sim_61",5
"sim_61",5
"sim_61",5
"sim_61",5
"sim_61",5
"sim_61",5
"sim_61",5
"sim_61",5
"sim_61",5
"sim_61",5
"sim_61",5
"sim_61",5
"sim_61",5
"sim_61",5
"sim_61",5
"sim_61",5
"sim_61",5
"sim_61",5
"sim_61",5
"sim_61",5
"sim_61",5
"sim_61",5
"sim_61",5
"sim_61",5
"sim_61",5
"sim_61",5
"sim_61",5
"sim_61",5
"sim_61",5
"sim_61",5
"sim_61",5
"sim_61",5
"sim_61",5
"sim_61",5
"sim_61",5
"sim_61",5
"sim_61",5
"sim_61",5
"sim_61",5
"sim_61",5
"sim_61",5
"sim_61",5
"sim_61",5
"sim_61",5
"sim_61",5
"sim_61",5
"sim_61",5
"sim_61",5
"sim_61",5
"sim_61",5
"sim_61",5
"sim_61",5
"sim_61",5
"sim_61",5
"sim_61",5
"sim_61",5
"sim_61",5
"sim_61",5
"sim_61",5
"sim_61",5
"sim_61",5
"sim_61",5
"sim_61",5
"sim_61",5
"sim_61",5
"sim_61",5
"sim_61",5
"sim_61",5
"sim_61",5
"sim_61",5
"sim_61",5
"sim_61",6
"sim_61",6
"sim_61",6
"sim_61",6
"sim_61",6
"sim_61",6
"sim_61",6
"sim_61",6
"sim_61",6
"sim_61",6
"sim_61",6
"sim_61",6
"sim_61",6
"sim_61",6
"sim_61",6
"sim_61",6
"sim_61",6
"sim_61",6
"sim_61",6
"sim_61",6
"sim_61",6
"sim_61",6
"sim_61",6
"sim_61",6
"sim_61",6
"sim_61",6
"sim_61",6
"sim_61",6
"sim_61",6
"sim_61",6
"sim_61",6
"sim_61",6
"sim_61",6
"sim_61",6
"sim_61",6
"sim_61",6
"sim_61",6
"sim_61",6
"sim_61",6
"sim_61",6
"sim_61",7
"sim_61",7
"sim_61",7
"sim_61",7
"sim_61",7
"sim_61",7
"sim_61",7
"sim_61",7
"sim_61",7
"sim_61",7
"sim_61",7
"sim_61",7
"sim_61",7
"sim_61",7
"sim_61",7
"sim_61",7
"sim_61",7
"sim_61",7
"sim_61",7
"sim_61",8
"sim_61",8
"sim_61",8
"sim_61",8
"sim_61",8
"sim_61",8
"sim_61",8
"sim_61",8
"sim_61",8
"sim_61",8
"sim_61",8
"sim_61",8
"sim_61",8
"sim_61",9
"sim_61",9
"sim_61",9
"sim_61",9
"sim_61",9
"sim_61",10
"sim_61",10
"sim_61",10
"sim_61",10
"sim_61",11
"sim_61",12
"sim_61",13
"sim_62",4
"sim_62",4
"sim_62",4
"sim_62",4
"sim_62",4
"sim_62",4
"sim_62",4
"sim_62",4
"sim_62",4
"sim_62",4
"sim_62",4
"sim_62",4
"sim_62",4
"sim_62",4
"sim_62",4
"sim_62",4
"sim_62",4
"sim_62",4
"sim_62",4
"sim_62",4
"sim_62",4
"sim_62",4
"sim_62",4
"sim_62",4
"sim_62",4
"sim_62",4
"sim_62",4
"sim_62",4
"sim_62",4
"sim_62",4
"sim_62",4
"sim_62",4
"sim_62",4
"sim_62",4
"sim_62",4
"sim_62",4
"sim_62",4
"sim_62",4
"sim_62",4
"sim_62",4
"sim_62",4
"sim_62",4
"sim_62",4
"sim_62",4
"sim_62",4
"sim_62",4
"sim_62",4
"sim_62",4
"sim_62",4
"sim_62",4
"sim_62",4
"sim_62",4
"sim_62",4
"sim_62",4
"sim_62",4
"sim_62",4
"sim_62",4
"sim_62",4
"sim_62",4
"sim_62",4
"sim_62",4
"sim_62",4
"sim_62",4
"sim_62",4
"sim_62",4
"sim_62",4
"sim_62",4
"sim_62",4
"sim_62",4
"sim_62",4
"sim_62",4
"sim_62",4
"sim_62",4
"sim_62",4
"sim_62",4
"sim_62",4
"sim_62",4
"sim_62",4
"sim_62",4
"sim_62",4
"sim_62",4
"sim_62",4
"sim_62",4
"sim_62",4
"sim_62",4
"sim_62",4
"sim_62",4
"sim_62",4
"sim_62",4
"sim_62",4
"sim_62",4
"sim_62",4
"sim_62",4
"sim_62",4
"sim_62",4
"sim_62",4
"sim_62",4
"sim_62",4
"sim_62",4
"sim_62",4
"sim_62",4
"sim_62",4
"sim_62",4
"sim_62",4
"sim_62",4
"sim_62",4
"sim_62",4
"sim_62",4
"sim_62",4
"sim_62",4
"sim_62",4
"sim_62",4
"sim_62",4
"sim_62",4
"sim_62",4
"sim_62",4
"sim_62",4
"sim_62",4
"sim_62",4
"sim_62",4
"sim_62",4
"sim_62",4
"sim_62",4
"sim_62",4
"sim_62",4
"sim_62",4
"sim_62",4
"sim_62",4
"sim_62",4
"sim_62",4
"sim_62",4
"sim_62",4
"sim_62",4
"sim_62",4
"sim_62",4
"sim_62",4
"sim_62",4
"sim_62",4
"sim_62",4
"sim_62",4
"sim_62",4
"sim_62",4
"sim_62",4
"sim_62",4
"sim_62",4
"sim_62",4
"sim_62",4
"sim_62",4
"sim_62",4
"sim_62",4
"sim_62",4
"sim_62",4
"sim_62",4
"sim_62",4
"sim_62",4
"sim_62",4
"sim_62",4
"sim_62",4
"sim_62",4
"sim_62",4
"sim_62",4
"sim_62",4
"sim_62",4
"sim_62",4
"sim_62",4
"sim_62",4
"sim_62",4
"sim_62",4
"sim_62",4
"sim_62",4
"sim_62",4
"sim_62",4
"sim_62",4
"sim_62",4
"sim_62",4
"sim_62",4
"sim_62",4
"sim_62",4
"sim_62",4
"sim_62",4
"sim_62",4
"sim_62",4
"sim_62",4
"sim_62",4
"sim_62",4
"sim_62",4
"sim_62",4
"sim_62",4
"sim_62",4
"sim_62",4
"sim_62",4
"sim_62",4
"sim_62",4
"sim_62",4
"sim_62",4
"sim_62",4
"sim_62",4
"sim_62",4
"sim_62",4
"sim_62",4
"sim_62",4
"sim_62",4
"sim_62",4
"sim_62",4
"sim_62",4
"sim_62",4
"sim_62",4
"sim_62",4
"sim_62",4
"sim_62",4
"sim_62",4
"sim_62",4
"sim_62",4
"sim_62",4
"sim_62",4
"sim_62",4
"sim_62",4
"sim_62",4
"sim_62",4
"sim_62",4
"sim_62",4
"sim_62",4
"sim_62",4
"sim_62",4
"sim_62",4
"sim_62",4
"sim_62",4
"sim_62",4
"sim_62",4
"sim_62",4
"sim_62",4
"sim_62",4
"sim_62",4
"sim_62",4
"sim_62",4
"sim_62",4
"sim_62",4
"sim_62",4
"sim_62",4
"sim_62",4
"sim_62",4
"sim_62",4
"sim_62",4
"sim_62",4
"sim_62",4
"sim_62",4
"sim_62",4
"sim_62",4
"sim_62",4
"sim_62",4
"sim_62",4
"sim_62",4
"sim_62",4
"sim_62",4
"sim_62",4
"sim_62",4
"sim_62",4
"sim_62",4
"sim_62",4
"sim_62",4
"sim_62",4
"sim_62",4
"sim_62",4
"sim_62",4
"sim_62",4
"sim_62",4
"sim_62",4
"sim_62",4
"sim_62",4
"sim_62",4
"sim_62",4
"sim_62",4
"sim_62",4
"sim_62",4
"sim_62",4
"sim_62",4
"sim_62",4
"sim_62",4
"sim_62",4
"sim_62",4
"sim_62",4
"sim_62",4
"sim_62",4
"sim_62",4
"sim_62",4
"sim_62",4
"sim_62",4
"sim_62",4
"sim_62",4
"sim_62",4
"sim_62",4
"sim_62",4
"sim_62",4
"sim_62",4
"sim_62",4
"sim_62",4
"sim_62",4
"sim_62",4
"sim_62",4
"sim_62",4
"sim_62",4
"sim_62",4
"sim_62",4
"sim_62",4
"sim_62",4
"sim_62",4
"sim_62",4
"sim_62",4
"sim_62",4
"sim_62",4
"sim_62",4
"sim_62",4
"sim_62",4
"sim_62",4
"sim_62",4
"sim_62",4
"sim_62",4
"sim_62",4
"sim_62",4
"sim_62",4
"sim_62",4
"sim_62",4
"sim_62",4
"sim_62",4
"sim_62",4
"sim_62",4
"sim_62",4
"sim_62",4
"sim_62",4
"sim_62",4
"sim_62",4
"sim_62",4
"sim_62",4
"sim_62",4
"sim_62",4
"sim_62",4
"sim_62",4
"sim_62",4
"sim_62",4
"sim_62",4
"sim_62",4
"sim_62",4
"sim_62",4
"sim_62",4
"sim_62",4
"sim_62",4
"sim_62",4
"sim_62",4
"sim_62",4
"sim_62",4
"sim_62",4
"sim_62",4
"sim_62",4
"sim_62",4
"sim_62",4
"sim_62",4
"sim_62",4
"sim_62",4
"sim_62",4
"sim_62",4
"sim_62",4
"sim_62",4
"sim_62",4
"sim_62",4
"sim_62",4
"sim_62",4
"sim_62",4
"sim_62",5
"sim_62",5
"sim_62",5
"sim_62",5
"sim_62",5
"sim_62",5
"sim_62",5
"sim_62",5
"sim_62",5
"sim_62",5
"sim_62",5
"sim_62",5
"sim_62",5
"sim_62",5
"sim_62",5
"sim_62",5
"sim_62",5
"sim_62",5
"sim_62",5
"sim_62",5
"sim_62",5
"sim_62",5
"sim_62",5
"sim_62",5
"sim_62",5
"sim_62",5
"sim_62",5
"sim_62",5
"sim_62",5
"sim_62",5
"sim_62",5
"sim_62",5
"sim_62",5
"sim_62",5
"sim_62",5
"sim_62",5
"sim_62",5
"sim_62",5
"sim_62",5
"sim_62",5
"sim_62",5
"sim_62",5
"sim_62",5
"sim_62",5
"sim_62",5
"sim_62",5
"sim_62",5
"sim_62",5
"sim_62",5
"sim_62",5
"sim_62",5
"sim_62",5
"sim_62",5
"sim_62",5
"sim_62",5
"sim_62",5
"sim_62",5
"sim_62",5
"sim_62",5
"sim_62",5
"sim_62",5
"sim_62",5
"sim_62",5
"sim_62",5
"sim_62",5
"sim_62",5
"sim_62",5
"sim_62",5
"sim_62",5
"sim_62",5
"sim_62",5
"sim_62",5
"sim_62",5
"sim_62",5
"sim_62",5
"sim_62",5
"sim_62",5
"sim_62",5
"sim_62",5
"sim_62",5
"sim_62",5
"sim_62",5
"sim_62",5
"sim_62",5
"sim_62",5
"sim_62",5
"sim_62",5
"sim_62",5
"sim_62",5
"sim_62",5
"sim_62",5
"sim_62",5
"sim_62",5
"sim_62",5
"sim_62",5
"sim_62",5
"sim_62",5
"sim_62",5
"sim_62",5
"sim_62",5
"sim_62",5
"sim_62",5
"sim_62",5
"sim_62",5
"sim_62",5
"sim_62",5
"sim_62",5
"sim_62",5
"sim_62",5
"sim_62",5
"sim_62",5
"sim_62",5
"sim_62",5
"sim_62",5
"sim_62",5
"sim_62",6
"sim_62",6
"sim_62",6
"sim_62",6
"sim_62",6
"sim_62",6
"sim_62",6
"sim_62",6
"sim_62",6
"sim_62",6
"sim_62",6
"sim_62",6
"sim_62",6
"sim_62",6
"sim_62",6
"sim_62",6
"sim_62",6
"sim_62",6
"sim_62",6
"sim_62",6
"sim_62",6
"sim_62",6
"sim_62",6
"sim_62",6
"sim_62",6
"sim_62",6
"sim_62",6
"sim_62",6
"sim_62",6
"sim_62",6
"sim_62",6
"sim_62",6
"sim_62",6
"sim_62",6
"sim_62",6
"sim_62",6
"sim_62",6
"sim_62",6
"sim_62",6
"sim_62",6
"sim_62",6
"sim_62",7
"sim_62",7
"sim_62",7
"sim_62",7
"sim_62",7
"sim_62",7
"sim_62",7
"sim_62",7
"sim_62",7
"sim_62",7
"sim_62",7
"sim_62",7
"sim_62",7
"sim_62",7
"sim_62",7
"sim_62",7
"sim_62",7
"sim_62",7
"sim_62",7
"sim_62",7
"sim_62",7
"sim_62",7
"sim_62",7
"sim_62",7
"sim_62",7
"sim_62",7
"sim_62",7
"sim_62",7
"sim_62",7
"sim_62",7
"sim_62",8
"sim_62",8
"sim_62",8
"sim_62",8
"sim_62",8
"sim_62",8
"sim_62",8
"sim_62",9
"sim_62",9
"sim_62",9
"sim_62",9
"sim_62",10
"sim_62",11
"sim_63",4
"sim_63",4
"sim_63",4
"sim_63",4
"sim_63",4
"sim_63",4
"sim_63",4
"sim_63",4
"sim_63",4
"sim_63",4
"sim_63",4
"sim_63",4
"sim_63",4
"sim_63",4
"sim_63",4
"sim_63",4
"sim_63",4
"sim_63",4
"sim_63",4
"sim_63",4
"sim_63",4
"sim_63",4
"sim_63",4
"sim_63",4
"sim_63",4
"sim_63",4
"sim_63",4
"sim_63",4
"sim_63",4
"sim_63",4
"sim_63",4
"sim_63",4
"sim_63",4
"sim_63",4
"sim_63",4
"sim_63",4
"sim_63",4
"sim_63",4
"sim_63",4
"sim_63",4
"sim_63",4
"sim_63",4
"sim_63",4
"sim_63",4
"sim_63",4
"sim_63",4
"sim_63",4
"sim_63",4
"sim_63",4
"sim_63",4
"sim_63",4
"sim_63",4
"sim_63",4
"sim_63",4
"sim_63",4
"sim_63",4
"sim_63",4
"sim_63",4
"sim_63",4
"sim_63",4
"sim_63",4
"sim_63",4
"sim_63",4
"sim_63",4
"sim_63",4
"sim_63",4
"sim_63",4
"sim_63",4
"sim_63",4
"sim_63",4
"sim_63",4
"sim_63",4
"sim_63",4
"sim_63",4
"sim_63",4
"sim_63",4
"sim_63",4
"sim_63",4
"sim_63",4
"sim_63",4
"sim_63",4
"sim_63",4
"sim_63",4
"sim_63",4
"sim_63",4
"sim_63",4
"sim_63",4
"sim_63",4
"sim_63",4
"sim_63",4
"sim_63",4
"sim_63",4
"sim_63",4
"sim_63",4
"sim_63",4
"sim_63",4
"sim_63",4
"sim_63",4
"sim_63",4
"sim_63",4
"sim_63",4
"sim_63",4
"sim_63",4
"sim_63",4
"sim_63",4
"sim_63",4
"sim_63",4
"sim_63",4
"sim_63",4
"sim_63",4
"sim_63",4
"sim_63",4
"sim_63",4
"sim_63",4
"sim_63",4
"sim_63",4
"sim_63",4
"sim_63",4
"sim_63",4
"sim_63",4
"sim_63",4
"sim_63",4
"sim_63",4
"sim_63",4
"sim_63",4
"sim_63",4
"sim_63",4
"sim_63",4
"sim_63",4
"sim_63",4
"sim_63",4
"sim_63",4
"sim_63",4
"sim_63",4
"sim_63",4
"sim_63",4
"sim_63",4
"sim_63",4
"sim_63",4
"sim_63",4
"sim_63",4
"sim_63",4
"sim_63",4
"sim_63",4
"sim_63",4
"sim_63",4
"sim_63",4
"sim_63",4
"sim_63",4
"sim_63",4
"sim_63",4
"sim_63",4
"sim_63",4
"sim_63",4
"sim_63",4
"sim_63",4
"sim_63",4
"sim_63",4
"sim_63",4
"sim_63",4
"sim_63",4
"sim_63",4
"sim_63",4
"sim_63",4
"sim_63",4
"sim_63",4
"sim_63",4
"sim_63",4
"sim_63",4
"sim_63",4
"sim_63",4
"sim_63",4
"sim_63",4
"sim_63",4
"sim_63",4
"sim_63",4
"sim_63",4
"sim_63",4
"sim_63",4
"sim_63",4
"sim_63",4
"sim_63",4
"sim_63",4
"sim_63",4
"sim_63",4
"sim_63",4
"sim_63",4
"sim_63",4
"sim_63",4
"sim_63",4
"sim_63",4
"sim_63",4
"sim_63",4
"sim_63",4
"sim_63",4
"sim_63",4
"sim_63",4
"sim_63",4
"sim_63",4
"sim_63",4
"sim_63",4
"sim_63",4
"sim_63",4
"sim_63",4
"sim_63",4
"sim_63",4
"sim_63",4
"sim_63",4
"sim_63",4
"sim_63",4
"sim_63",4
"sim_63",4
"sim_63",4
"sim_63",4
"sim_63",4
"sim_63",4
"sim_63",4
"sim_63",4
"sim_63",4
"sim_63",4
"sim_63",4
"sim_63",4
"sim_63",4
"sim_63",4
"sim_63",4
"sim_63",4
"sim_63",4
"sim_63",4
"sim_63",4
"sim_63",4
"sim_63",4
"sim_63",4
"sim_63",4
"sim_63",4
"sim_63",4
"sim_63",4
"sim_63",4
"sim_63",4
"sim_63",4
"sim_63",4
"sim_63",4
"sim_63",4
"sim_63",4
"sim_63",4
"sim_63",4
"sim_63",4
"sim_63",4
"sim_63",4
"sim_63",4
"sim_63",4
"sim_63",4
"sim_63",4
"sim_63",4
"sim_63",4
"sim_63",4
"sim_63",4
"sim_63",4
"sim_63",4
"sim_63",4
"sim_63",4
"sim_63",4
"sim_63",4
"sim_63",4
"sim_63",4
"sim_63",4
"sim_63",4
"sim_63",4
"sim_63",4
"sim_63",4
"sim_63",4
"sim_63",4
"sim_63",4
"sim_63",4
"sim_63",4
"sim_63",4
"sim_63",4
"sim_63",4
"sim_63",4
"sim_63",4
"sim_63",4
"sim_63",4
"sim_63",4
"sim_63",4
"sim_63",4
"sim_63",4
"sim_63",4
"sim_63",4
"sim_63",4
"sim_63",4
"sim_63",4
"sim_63",4
"sim_63",4
"sim_63",4
"sim_63",4
"sim_63",4
"sim_63",4
"sim_63",4
"sim_63",4
"sim_63",4
"sim_63",4
"sim_63",4
"sim_63",4
"sim_63",4
"sim_63",4
"sim_63",4
"sim_63",4
"sim_63",4
"sim_63",4
"sim_63",4
"sim_63",4
"sim_63",4
"sim_63",4
"sim_63",4
"sim_63",4
"sim_63",4
"sim_63",4
"sim_63",4
"sim_63",4
"sim_63",4
"sim_63",4
"sim_63",4
"sim_63",4
"sim_63",4
"sim_63",4
"sim_63",4
"sim_63",4
"sim_63",4
"sim_63",4
"sim_63",4
"sim_63",4
"sim_63",4
"sim_63",4
"sim_63",4
"sim_63",4
"sim_63",4
"sim_63",4
"sim_63",4
"sim_63",4
"sim_63",4
"sim_63",4
"sim_63",4
"sim_63",4
"sim_63",4
"sim_63",4
"sim_63",4
"sim_63",4
"sim_63",4
"sim_63",4
"sim_63",4
"sim_63",4
"sim_63",4
"sim_63",4
"sim_63",4
"sim_63",4
"sim_63",4
"sim_63",4
"sim_63",4
"sim_63",4
"sim_63",4
"sim_63",4
"sim_63",4
"sim_63",4
"sim_63",4
"sim_63",4
"sim_63",4
"sim_63",4
"sim_63",4
"sim_63",4
"sim_63",4
"sim_63",4
"sim_63",4
"sim_63",4
"sim_63",4
"sim_63",4
"sim_63",4
"sim_63",4
"sim_63",4
"sim_63",4
"sim_63",4
"sim_63",4
"sim_63",4
"sim_63",4
"sim_63",4
"sim_63",4
"sim_63",4
"sim_63",5
"sim_63",5
"sim_63",5
"sim_63",5
"sim_63",5
"sim_63",5
"sim_63",5
"sim_63",5
"sim_63",5
"sim_63",5
"sim_63",5
"sim_63",5
"sim_63",5
"sim_63",5
"sim_63",5
"sim_63",5
"sim_63",5
"sim_63",5
"sim_63",5
"sim_63",5
"sim_63",5
"sim_63",5
"sim_63",5
"sim_63",5
"sim_63",5
"sim_63",5
"sim_63",5
"sim_63",5
"sim_63",5
"sim_63",5
"sim_63",5
"sim_63",5
"sim_63",5
"sim_63",5
"sim_63",5
"sim_63",5
"sim_63",5
"sim_63",5
"sim_63",5
"sim_63",5
"sim_63",5
"sim_63",5
"sim_63",5
"sim_63",5
"sim_63",5
"sim_63",5
"sim_63",5
"sim_63",5
"sim_63",5
"sim_63",5
"sim_63",5
"sim_63",5
"sim_63",5
"sim_63",5
"sim_63",5
"sim_63",5
"sim_63",5
"sim_63",5
"sim_63",5
"sim_63",5
"sim_63",5
"sim_63",5
"sim_63",5
"sim_63",5
"sim_63",5
"sim_63",5
"sim_63",5
"sim_63",5
"sim_63",5
"sim_63",5
"sim_63",5
"sim_63",5
"sim_63",5
"sim_63",5
"sim_63",5
"sim_63",5
"sim_63",5
"sim_63",5
"sim_63",5
"sim_63",5
"sim_63",5
"sim_63",5
"sim_63",5
"sim_63",5
"sim_63",5
"sim_63",5
"sim_63",5
"sim_63",5
"sim_63",5
"sim_63",5
"sim_63",5
"sim_63",5
"sim_63",5
"sim_63",5
"sim_63",5
"sim_63",5
"sim_63",5
"sim_63",5
"sim_63",5
"sim_63",5
"sim_63",5
"sim_63",5
"sim_63",5
"sim_63",6
"sim_63",6
"sim_63",6
"sim_63",6
"sim_63",6
"sim_63",6
"sim_63",6
"sim_63",6
"sim_63",6
"sim_63",6
"sim_63",6
"sim_63",6
"sim_63",6
"sim_63",6
"sim_63",6
"sim_63",6
"sim_63",6
"sim_63",6
"sim_63",6
"sim_63",6
"sim_63",6
"sim_63",6
"sim_63",6
"sim_63",6
"sim_63",6
"sim_63",6
"sim_63",6
"sim_63",6
"sim_63",6
"sim_63",6
"sim_63",6
"sim_63",6
"sim_63",6
"sim_63",6
"sim_63",6
"sim_63",6
"sim_63",6
"sim_63",6
"sim_63",6
"sim_63",7
"sim_63",7
"sim_63",7
"sim_63",7
"sim_63",7
"sim_63",7
"sim_63",7
"sim_63",7
"sim_63",8
"sim_63",8
"sim_63",8
"sim_63",8
"sim_63",8
"sim_63",8
"sim_63",8
"sim_63",8
"sim_63",8
"sim_63",8
"sim_63",8
"sim_63",8
"sim_63",8
"sim_63",8
"sim_63",8
"sim_63",8
"sim_63",8
"sim_63",8
"sim_63",8
"sim_63",8
"sim_63",9
"sim_63",9
"sim_63",9
"sim_63",9
"sim_63",9
"sim_63",10
"sim_63",10
"sim_63",10
"sim_63",11
"sim_63",11
"sim_63",12
"sim_64",4
"sim_64",4
"sim_64",4
"sim_64",4
"sim_64",4
"sim_64",4
"sim_64",4
"sim_64",4
"sim_64",4
"sim_64",4
"sim_64",4
"sim_64",4
"sim_64",4
"sim_64",4
"sim_64",4
"sim_64",4
"sim_64",4
"sim_64",4
"sim_64",4
"sim_64",4
"sim_64",4
"sim_64",4
"sim_64",4
"sim_64",4
"sim_64",4
"sim_64",4
"sim_64",4
"sim_64",4
"sim_64",4
"sim_64",4
"sim_64",4
"sim_64",4
"sim_64",4
"sim_64",4
"sim_64",4
"sim_64",4
"sim_64",4
"sim_64",4
"sim_64",4
"sim_64",4
"sim_64",4
"sim_64",4
"sim_64",4
"sim_64",4
"sim_64",4
"sim_64",4
"sim_64",4
"sim_64",4
"sim_64",4
"sim_64",4
"sim_64",4
"sim_64",4
"sim_64",4
"sim_64",4
"sim_64",4
"sim_64",4
"sim_64",4
"sim_64",4
"sim_64",4
"sim_64",4
"sim_64",4
"sim_64",4
"sim_64",4
"sim_64",4
"sim_64",4
"sim_64",4
"sim_64",4
"sim_64",4
"sim_64",4
"sim_64",4
"sim_64",4
"sim_64",4
"sim_64",4
"sim_64",4
"sim_64",4
"sim_64",4
"sim_64",4
"sim_64",4
"sim_64",4
"sim_64",4
"sim_64",4
"sim_64",4
"sim_64",4
"sim_64",4
"sim_64",4
"sim_64",4
"sim_64",4
"sim_64",4
"sim_64",4
"sim_64",4
"sim_64",4
"sim_64",4
"sim_64",4
"sim_64",4
"sim_64",4
"sim_64",4
"sim_64",4
"sim_64",4
"sim_64",4
"sim_64",4
"sim_64",4
"sim_64",4
"sim_64",4
"sim_64",4
"sim_64",4
"sim_64",4
"sim_64",4
"sim_64",4
"sim_64",4
"sim_64",4
"sim_64",4
"sim_64",4
"sim_64",4
"sim_64",4
"sim_64",4
"sim_64",4
"sim_64",4
"sim_64",4
"sim_64",4
"sim_64",4
"sim_64",4
"sim_64",4
"sim_64",4
"sim_64",4
"sim_64",4
"sim_64",4
"sim_64",4
"sim_64",4
"sim_64",4
"sim_64",4
"sim_64",4
"sim_64",4
"sim_64",4
"sim_64",4
"sim_64",4
"sim_64",4
"sim_64",4
"sim_64",4
"sim_64",4
"sim_64",4
"sim_64",4
"sim_64",4
"sim_64",4
"sim_64",4
"sim_64",4
"sim_64",4
"sim_64",4
"sim_64",4
"sim_64",4
"sim_64",4
"sim_64",4
"sim_64",4
"sim_64",4
"sim_64",4
"sim_64",4
"sim_64",4
"sim_64",4
"sim_64",4
"sim_64",4
"sim_64",4
"sim_64",4
"sim_64",4
"sim_64",4
"sim_64",4
"sim_64",4
"sim_64",4
"sim_64",4
"sim_64",4
"sim_64",4
"sim_64",4
"sim_64",4
"sim_64",4
"sim_64",4
"sim_64",4
"sim_64",4
"sim_64",4
"sim_64",4
"sim_64",4
"sim_64",4
"sim_64",4
"sim_64",4
"sim_64",4
"sim_64",4
"sim_64",4
"sim_64",4
"sim_64",4
"sim_64",4
"sim_64",4
"sim_64",4
"sim_64",4
"sim_64",4
"sim_64",4
"sim_64",4
"sim_64",4
"sim_64",4
"sim_64",4
"sim_64",4
"sim_64",4
"sim_64",4
"sim_64",4
"sim_64",4
"sim_64",4
"sim_64",4
"sim_64",4
"sim_64",4
"sim_64",4
"sim_64",4
"sim_64",4
"sim_64",4
"sim_64",4
"sim_64",4
"sim_64",4
"sim_64",4
"sim_64",4
"sim_64",4
"sim_64",4
"sim_64",4
"sim_64",4
"sim_64",4
"sim_64",4
"sim_64",4
"sim_64",4
"sim_64",4
"sim_64",4
"sim_64",4
"sim_64",4
"sim_64",4
"sim_64",4
"sim_64",4
"sim_64",4
"sim_64",4
"sim_64",4
"sim_64",4
"sim_64",4
"sim_64",4
"sim_64",4
"sim_64",4
"sim_64",4
"sim_64",4
"sim_64",4
"sim_64",4
"sim_64",4
"sim_64",4
"sim_64",4
"sim_64",4
"sim_64",4
"sim_64",4
"sim_64",4
"sim_64",4
"sim_64",4
"sim_64",4
"sim_64",4
"sim_64",4
"sim_64",4
"sim_64",4
"sim_64",4
"sim_64",4
"sim_64",4
"sim_64",4
"sim_64",4
"sim_64",4
"sim_64",4
"sim_64",4
"sim_64",4
"sim_64",4
"sim_64",4
"sim_64",4
"sim_64",4
"sim_64",4
"sim_64",4
"sim_64",4
"sim_64",4
"sim_64",4
"sim_64",4
"sim_64",4
"sim_64",4
"sim_64",4
"sim_64",4
"sim_64",4
"sim_64",4
"sim_64",4
"sim_64",4
"sim_64",4
"sim_64",4
"sim_64",4
"sim_64",4
"sim_64",4
"sim_64",4
"sim_64",4
"sim_64",4
"sim_64",4
"sim_64",4
"sim_64",4
"sim_64",4
"sim_64",4
"sim_64",4
"sim_64",4
"sim_64",4
"sim_64",4
"sim_64",4
"sim_64",4
"sim_64",4
"sim_64",4
"sim_64",4
"sim_64",4
"sim_64",4
"sim_64",4
"sim_64",4
"sim_64",4
"sim_64",4
"sim_64",4
"sim_64",4
"sim_64",4
"sim_64",4
"sim_64",4
"sim_64",4
"sim_64",4
"sim_64",4
"sim_64",4
"sim_64",4
"sim_64",4
"sim_64",4
"sim_64",4
"sim_64",4
"sim_64",4
"sim_64",4
"sim_64",4
"sim_64",4
"sim_64",4
"sim_64",4
"sim_64",4
"sim_64",4
"sim_64",4
"sim_64",4
"sim_64",4
"sim_64",4
"sim_64",4
"sim_64",4
"sim_64",4
"sim_64",4
"sim_64",4
"sim_64",4
"sim_64",4
"sim_64",4
"sim_64",4
"sim_64",4
"sim_64",4
"sim_64",4
"sim_64",4
"sim_64",4
"sim_64",4
"sim_64",4
"sim_64",4
"sim_64",4
"sim_64",4
"sim_64",4
"sim_64",4
"sim_64",4
"sim_64",4
"sim_64",4
"sim_64",4
"sim_64",4
"sim_64",4
"sim_64",4
"sim_64",4
"sim_64",4
"sim_64",4
"sim_64",4
"sim_64",4
"sim_64",4
"sim_64",4
"sim_64",4
"sim_64",4
"sim_64",4
"sim_64",4
"sim_64",4
"sim_64",4
"sim_64",4
"sim_64",4
"sim_64",4
"sim_64",4
"sim_64",4
"sim_64",4
"sim_64",4
"sim_64",4
"sim_64",4
"sim_64",4
"sim_64",4
"sim_64",4
"sim_64",4
"sim_64",4
"sim_64",4
"sim_64",4
"sim_64",5
"sim_64",5
"sim_64",5
"sim_64",5
"sim_64",5
"sim_64",5
"sim_64",5
"sim_64",5
"sim_64",5
"sim_64",5
"sim_64",5
"sim_64",5
"sim_64",5
"sim_64",5
"sim_64",5
"sim_64",5
"sim_64",5
"sim_64",5
"sim_64",5
"sim_64",5
"sim_64",5
"sim_64",5
"sim_64",5
"sim_64",5
"sim_64",5
"sim_64",5
"sim_64",5
"sim_64",5
"sim_64",5
"sim_64",5
"sim_64",5
"sim_64",5
"sim_64",5
"sim_64",5
"sim_64",5
"sim_64",5
"sim_64",5
"sim_64",5
"sim_64",5
"sim_64",5
"sim_64",5
"sim_64",5
"sim_64",5
"sim_64",5
"sim_64",5
"sim_64",5
"sim_64",5
"sim_64",5
"sim_64",5
"sim_64",5
"sim_64",5
"sim_64",5
"sim_64",5
"sim_64",5
"sim_64",5
"sim_64",5
"sim_64",5
"sim_64",5
"sim_64",5
"sim_64",5
"sim_64",5
"sim_64",5
"sim_64",5
"sim_64",5
"sim_64",5
"sim_64",5
"sim_64",5
"sim_64",5
"sim_64",5
"sim_64",5
"sim_64",5
"sim_64",5
"sim_64",5
"sim_64",5
"sim_64",5
"sim_64",5
"sim_64",5
"sim_64",5
"sim_64",5
"sim_64",5
"sim_64",5
"sim_64",5
"sim_64",5
"sim_64",5
"sim_64",5
"sim_64",5
"sim_64",5
"sim_64",5
"sim_64",5
"sim_64",6
"sim_64",6
"sim_64",6
"sim_64",6
"sim_64",6
"sim_64",6
"sim_64",6
"sim_64",6
"sim_64",6
"sim_64",6
"sim_64",6
"sim_64",6
"sim_64",6
"sim_64",6
"sim_64",6
"sim_64",6
"sim_64",6
"sim_64",6
"sim_64",6
"sim_64",6
"sim_64",6
"sim_64",6
"sim_64",6
"sim_64",6
"sim_64",6
"sim_64",6
"sim_64",6
"sim_64",6
"sim_64",6
"sim_64",6
"sim_64",6
"sim_64",6
"sim_64",6
"sim_64",6
"sim_64",6
"sim_64",6
"sim_64",6
"sim_64",7
"sim_64",7
"sim_64",7
"sim_64",7
"sim_64",7
"sim_64",7
"sim_64",7
"sim_64",7
"sim_64",7
"sim_64",7
"sim_64",7
"sim_64",7
"sim_64",7
"sim_64",7
"sim_64",7
"sim_64",7
"sim_64",7
"sim_64",8
"sim_64",8
"sim_64",8
"sim_64",8
"sim_64",8
"sim_64",8
"sim_64",8
"sim_64",8
"sim_64",8
"sim_64",9
"sim_64",9
"sim_64",9
"sim_64",9
"sim_64",10
"sim_64",10
"sim_64",10
"sim_64",11
"sim_64",12
"sim_64",12
"sim_64",12
"sim_64",13
"sim_64",13
"sim_64",13
"sim_64",13
"sim_64",14
"sim_64",14
"sim_64",14
"sim_64",14
"sim_64",14
"sim_64",15
"sim_65",4
"sim_65",4
"sim_65",4
"sim_65",4
"sim_65",4
"sim_65",4
"sim_65",4
"sim_65",4
"sim_65",4
"sim_65",4
"sim_65",4
"sim_65",4
"sim_65",4
"sim_65",4
"sim_65",4
"sim_65",4
"sim_65",4
"sim_65",4
"sim_65",4
"sim_65",4
"sim_65",4
"sim_65",4
"sim_65",4
"sim_65",4
"sim_65",4
"sim_65",4
"sim_65",4
"sim_65",4
"sim_65",4
"sim_65",4
"sim_65",4
"sim_65",4
"sim_65",4
"sim_65",4
"sim_65",4
"sim_65",4
"sim_65",4
"sim_65",4
"sim_65",4
"sim_65",4
"sim_65",4
"sim_65",4
"sim_65",4
"sim_65",4
"sim_65",4
"sim_65",4
"sim_65",4
"sim_65",4
"sim_65",4
"sim_65",4
"sim_65",4
"sim_65",4
"sim_65",4
"sim_65",4
"sim_65",4
"sim_65",4
"sim_65",4
"sim_65",4
"sim_65",4
"sim_65",4
"sim_65",4
"sim_65",4
"sim_65",4
"sim_65",4
"sim_65",4
"sim_65",4
"sim_65",4
"sim_65",4
"sim_65",4
"sim_65",4
"sim_65",4
"sim_65",4
"sim_65",4
"sim_65",4
"sim_65",4
"sim_65",4
"sim_65",4
"sim_65",4
"sim_65",4
"sim_65",4
"sim_65",4
"sim_65",4
"sim_65",4
"sim_65",4
"sim_65",4
"sim_65",4
"sim_65",4
"sim_65",4
"sim_65",4
"sim_65",4
"sim_65",4
"sim_65",4
"sim_65",4
"sim_65",4
"sim_65",4
"sim_65",4
"sim_65",4
"sim_65",4
"sim_65",4
"sim_65",4
"sim_65",4
"sim_65",4
"sim_65",4
"sim_65",4
"sim_65",4
"sim_65",4
"sim_65",4
"sim_65",4
"sim_65",4
"sim_65",4
"sim_65",4
"sim_65",4
"sim_65",4
"sim_65",4
"sim_65",4
"sim_65",4
"sim_65",4
"sim_65",4
"sim_65",4
"sim_65",4
"sim_65",4
"sim_65",4
"sim_65",4
"sim_65",4
"sim_65",4
"sim_65",4
"sim_65",4
"sim_65",4
"sim_65",4
"sim_65",4
"sim_65",4
"sim_65",4
"sim_65",4
"sim_65",4
"sim_65",4
"sim_65",4
"sim_65",4
"sim_65",4
"sim_65",4
"sim_65",4
"sim_65",4
"sim_65",4
"sim_65",4
"sim_65",4
"sim_65",4
"sim_65",4
"sim_65",4
"sim_65",4
"sim_65",4
"sim_65",4
"sim_65",4
"sim_65",4
"sim_65",4
"sim_65",4
"sim_65",4
"sim_65",4
"sim_65",4
"sim_65",4
"sim_65",4
"sim_65",4
"sim_65",4
"sim_65",4
"sim_65",4
"sim_65",4
"sim_65",4
"sim_65",4
"sim_65",4
"sim_65",4
"sim_65",4
"sim_65",4
"sim_65",4
"sim_65",4
"sim_65",4
"sim_65",4
"sim_65",4
"sim_65",4
"sim_65",4
"sim_65",4
"sim_65",4
"sim_65",4
"sim_65",4
"sim_65",4
"sim_65",4
"sim_65",4
"sim_65",4
"sim_65",4
"sim_65",4
"sim_65",4
"sim_65",4
"sim_65",4
"sim_65",4
"sim_65",4
"sim_65",4
"sim_65",4
"sim_65",4
"sim_65",4
"sim_65",4
"sim_65",4
"sim_65",4
"sim_65",4
"sim_65",4
"sim_65",4
"sim_65",4
"sim_65",4
"sim_65",4
"sim_65",4
"sim_65",4
"sim_65",4
"sim_65",4
"sim_65",4
"sim_65",4
"sim_65",4
"sim_65",4
"sim_65",4
"sim_65",4
"sim_65",4
"sim_65",4
"sim_65",4
"sim_65",4
"sim_65",4
"sim_65",4
"sim_65",4
"sim_65",4
"sim_65",4
"sim_65",4
"sim_65",4
"sim_65",4
"sim_65",4
"sim_65",4
"sim_65",4
"sim_65",4
"sim_65",4
"sim_65",4
"sim_65",4
"sim_65",4
"sim_65",4
"sim_65",4
"sim_65",4
"sim_65",4
"sim_65",4
"sim_65",4
"sim_65",4
"sim_65",4
"sim_65",4
"sim_65",4
"sim_65",4
"sim_65",4
"sim_65",4
"sim_65",4
"sim_65",4
"sim_65",4
"sim_65",4
"sim_65",4
"sim_65",4
"sim_65",4
"sim_65",4
"sim_65",4
"sim_65",4
"sim_65",4
"sim_65",4
"sim_65",4
"sim_65",4
"sim_65",4
"sim_65",4
"sim_65",4
"sim_65",4
"sim_65",4
"sim_65",4
"sim_65",4
"sim_65",4
"sim_65",4
"sim_65",4
"sim_65",4
"sim_65",4
"sim_65",4
"sim_65",4
"sim_65",4
"sim_65",4
"sim_65",4
"sim_65",4
"sim_65",4
"sim_65",4
"sim_65",4
"sim_65",4
"sim_65",4
"sim_65",4
"sim_65",4
"sim_65",4
"sim_65",4
"sim_65",4
"sim_65",4
"sim_65",4
"sim_65",4
"sim_65",4
"sim_65",4
"sim_65",4
"sim_65",4
"sim_65",4
"sim_65",4
"sim_65",4
"sim_65",4
"sim_65",4
"sim_65",4
"sim_65",4
"sim_65",4
"sim_65",4
"sim_65",4
"sim_65",4
"sim_65",4
"sim_65",4
"sim_65",4
"sim_65",4
"sim_65",4
"sim_65",4
"sim_65",4
"sim_65",4
"sim_65",4
"sim_65",4
"sim_65",4
"sim_65",4
"sim_65",4
"sim_65",4
"sim_65",4
"sim_65",4
"sim_65",4
"sim_65",4
"sim_65",4
"sim_65",4
"sim_65",4
"sim_65",4
"sim_65",4
"sim_65",4
"sim_65",4
"sim_65",4
"sim_65",4
"sim_65",4
"sim_65",4
"sim_65",4
"sim_65",4
"sim_65",4
"sim_65",4
"sim_65",4
"sim_65",4
"sim_65",4
"sim_65",4
"sim_65",4
"sim_65",4
"sim_65",4
"sim_65",4
"sim_65",4
"sim_65",4
"sim_65",4
"sim_65",4
"sim_65",4
"sim_65",4
"sim_65",4
"sim_65",4
"sim_65",4
"sim_65",4
"sim_65",4
"sim_65",4
"sim_65",4
"sim_65",4
"sim_65",4
"sim_65",4
"sim_65",4
"sim_65",4
"sim_65",4
"sim_65",4
"sim_65",4
"sim_65",4
"sim_65",4
"sim_65",4
"sim_65",4
"sim_65",4
"sim_65",4
"sim_65",4
"sim_65",5
"sim_65",5
"sim_65",5
"sim_65",5
"sim_65",5
"sim_65",5
"sim_65",5
"sim_65",5
"sim_65",5
"sim_65",5
"sim_65",5
"sim_65",5
"sim_65",5
"sim_65",5
"sim_65",5
"sim_65",5
"sim_65",5
"sim_65",5
"sim_65",5
"sim_65",5
"sim_65",5
"sim_65",5
"sim_65",5
"sim_65",5
"sim_65",5
"sim_65",5
"sim_65",5
"sim_65",5
"sim_65",5
"sim_65",5
"sim_65",5
"sim_65",5
"sim_65",5
"sim_65",5
"sim_65",5
"sim_65",5
"sim_65",5
"sim_65",5
"sim_65",5
"sim_65",5
"sim_65",5
"sim_65",5
"sim_65",5
"sim_65",5
"sim_65",5
"sim_65",5
"sim_65",5
"sim_65",5
"sim_65",5
"sim_65",5
"sim_65",5
"sim_65",5
"sim_65",5
"sim_65",5
"sim_65",5
"sim_65",5
"sim_65",5
"sim_65",5
"sim_65",5
"sim_65",5
"sim_65",5
"sim_65",5
"sim_65",5
"sim_65",5
"sim_65",5
"sim_65",5
"sim_65",5
"sim_65",5
"sim_65",5
"sim_65",5
"sim_65",5
"sim_65",5
"sim_65",5
"sim_65",5
"sim_65",5
"sim_65",5
"sim_65",5
"sim_65",5
"sim_65",5
"sim_65",5
"sim_65",5
"sim_65",5
"sim_65",5
"sim_65",5
"sim_65",5
"sim_65",5
"sim_65",5
"sim_65",5
"sim_65",5
"sim_65",5
"sim_65",5
"sim_65",5
"sim_65",5
"sim_65",5
"sim_65",5
"sim_65",5
"sim_65",5
"sim_65",5
"sim_65",5
"sim_65",5
"sim_65",5
"sim_65",5
"sim_65",5
"sim_65",5
"sim_65",5
"sim_65",5
"sim_65",5
"sim_65",5
"sim_65",5
"sim_65",5
"sim_65",5
"sim_65",6
"sim_65",6
"sim_65",6
"sim_65",6
"sim_65",6
"sim_65",6
"sim_65",6
"sim_65",6
"sim_65",6
"sim_65",6
"sim_65",6
"sim_65",6
"sim_65",6
"sim_65",6
"sim_65",6
"sim_65",6
"sim_65",6
"sim_65",6
"sim_65",6
"sim_65",6
"sim_65",6
"sim_65",6
"sim_65",6
"sim_65",6
"sim_65",6
"sim_65",6
"sim_65",6
"sim_65",6
"sim_65",6
"sim_65",6
"sim_65",6
"sim_65",6
"sim_65",6
"sim_65",6
"sim_65",6
"sim_65",7
"sim_65",7
"sim_65",7
"sim_65",7
"sim_65",7
"sim_65",7
"sim_65",7
"sim_65",7
"sim_65",7
"sim_65",7
"sim_65",7
"sim_65",7
"sim_65",7
"sim_65",7
"sim_65",7
"sim_65",7
"sim_65",7
"sim_65",8
"sim_65",8
"sim_65",8
"sim_65",8
"sim_65",8
"sim_65",8
"sim_65",8
"sim_65",8
"sim_65",8
"sim_65",8
"sim_65",8
"sim_65",8
"sim_65",8
"sim_65",9
"sim_65",9
"sim_65",9
"sim_65",9
"sim_65",9
"sim_65",9
"sim_65",9
"sim_65",9
"sim_65",9
"sim_65",9
"sim_65",10
"sim_65",10
"sim_65",10
"sim_66",4
"sim_66",4
"sim_66",4
"sim_66",4
"sim_66",4
"sim_66",4
"sim_66",4
"sim_66",4
"sim_66",4
"sim_66",4
"sim_66",4
"sim_66",4
"sim_66",4
"sim_66",4
"sim_66",4
"sim_66",4
"sim_66",4
"sim_66",4
"sim_66",4
"sim_66",4
"sim_66",4
"sim_66",4
"sim_66",4
"sim_66",4
"sim_66",4
"sim_66",4
"sim_66",4
"sim_66",4
"sim_66",4
"sim_66",4
"sim_66",4
"sim_66",4
"sim_66",4
"sim_66",4
"sim_66",4
"sim_66",4
"sim_66",4
"sim_66",4
"sim_66",4
"sim_66",4
"sim_66",4
"sim_66",4
"sim_66",4
"sim_66",4
"sim_66",4
"sim_66",4
"sim_66",4
"sim_66",4
"sim_66",4
"sim_66",4
"sim_66",4
"sim_66",4
"sim_66",4
"sim_66",4
"sim_66",4
"sim_66",4
"sim_66",4
"sim_66",4
"sim_66",4
"sim_66",4
"sim_66",4
"sim_66",4
"sim_66",4
"sim_66",4
"sim_66",4
"sim_66",4
"sim_66",4
"sim_66",4
"sim_66",4
"sim_66",4
"sim_66",4
"sim_66",4
"sim_66",4
"sim_66",4
"sim_66",4
"sim_66",4
"sim_66",4
"sim_66",4
"sim_66",4
"sim_66",4
"sim_66",4
"sim_66",4
"sim_66",4
"sim_66",4
"sim_66",4
"sim_66",4
"sim_66",4
"sim_66",4
"sim_66",4
"sim_66",4
"sim_66",4
"sim_66",4
"sim_66",4
"sim_66",4
"sim_66",4
"sim_66",4
"sim_66",4
"sim_66",4
"sim_66",4
"sim_66",4
"sim_66",4
"sim_66",4
"sim_66",4
"sim_66",4
"sim_66",4
"sim_66",4
"sim_66",4
"sim_66",4
"sim_66",4
"sim_66",4
"sim_66",4
"sim_66",4
"sim_66",4
"sim_66",4
"sim_66",4
"sim_66",4
"sim_66",4
"sim_66",4
"sim_66",4
"sim_66",4
"sim_66",4
"sim_66",4
"sim_66",4
"sim_66",4
"sim_66",4
"sim_66",4
"sim_66",4
"sim_66",4
"sim_66",4
"sim_66",4
"sim_66",4
"sim_66",4
"sim_66",4
"sim_66",4
"sim_66",4
"sim_66",4
"sim_66",4
"sim_66",4
"sim_66",4
"sim_66",4
"sim_66",4
"sim_66",4
"sim_66",4
"sim_66",4
"sim_66",4
"sim_66",4
"sim_66",4
"sim_66",4
"sim_66",4
"sim_66",4
"sim_66",4
"sim_66",4
"sim_66",4
"sim_66",4
"sim_66",4
"sim_66",4
"sim_66",4
"sim_66",4
"sim_66",4
"sim_66",4
"sim_66",4
"sim_66",4
"sim_66",4
"sim_66",4
"sim_66",4
"sim_66",4
"sim_66",4
"sim_66",4
"sim_66",4
"sim_66",4
"sim_66",4
"sim_66",4
"sim_66",4
"sim_66",4
"sim_66",4
"sim_66",4
"sim_66",4
"sim_66",4
"sim_66",4
"sim_66",4
"sim_66",4
"sim_66",4
"sim_66",4
"sim_66",4
"sim_66",4
"sim_66",4
"sim_66",4
"sim_66",4
"sim_66",4
"sim_66",4
"sim_66",4
"sim_66",4
"sim_66",4
"sim_66",4
"sim_66",4
"sim_66",4
"sim_66",4
"sim_66",4
"sim_66",4
"sim_66",4
"sim_66",4
"sim_66",4
"sim_66",4
"sim_66",4
"sim_66",4
"sim_66",4
"sim_66",4
"sim_66",4
"sim_66",4
"sim_66",4
"sim_66",4
"sim_66",4
"sim_66",4
"sim_66",4
"sim_66",4
"sim_66",4
"sim_66",4
"sim_66",4
"sim_66",4
"sim_66",4
"sim_66",4
"sim_66",4
"sim_66",4
"sim_66",4
"sim_66",4
"sim_66",4
"sim_66",4
"sim_66",4
"sim_66",4
"sim_66",4
"sim_66",4
"sim_66",4
"sim_66",4
"sim_66",4
"sim_66",4
"sim_66",4
"sim_66",4
"sim_66",4
"sim_66",4
"sim_66",4
"sim_66",4
"sim_66",4
"sim_66",4
"sim_66",4
"sim_66",4
"sim_66",4
"sim_66",4
"sim_66",4
"sim_66",4
"sim_66",4
"sim_66",4
"sim_66",4
"sim_66",4
"sim_66",4
"sim_66",4
"sim_66",4
"sim_66",4
"sim_66",4
"sim_66",4
"sim_66",4
"sim_66",4
"sim_66",4
"sim_66",4
"sim_66",4
"sim_66",4
"sim_66",4
"sim_66",4
"sim_66",4
"sim_66",4
"sim_66",4
"sim_66",4
"sim_66",4
"sim_66",4
"sim_66",4
"sim_66",4
"sim_66",4
"sim_66",4
"sim_66",4
"sim_66",4
"sim_66",4
"sim_66",4
"sim_66",4
"sim_66",4
"sim_66",4
"sim_66",4
"sim_66",4
"sim_66",4
"sim_66",4
"sim_66",4
"sim_66",4
"sim_66",4
"sim_66",4
"sim_66",4
"sim_66",4
"sim_66",4
"sim_66",4
"sim_66",4
"sim_66",4
"sim_66",4
"sim_66",4
"sim_66",4
"sim_66",4
"sim_66",4
"sim_66",4
"sim_66",4
"sim_66",4
"sim_66",4
"sim_66",4
"sim_66",4
"sim_66",4
"sim_66",4
"sim_66",4
"sim_66",4
"sim_66",4
"sim_66",4
"sim_66",4
"sim_66",4
"sim_66",4
"sim_66",4
"sim_66",4
"sim_66",4
"sim_66",4
"sim_66",4
"sim_66",4
"sim_66",4
"sim_66",4
"sim_66",4
"sim_66",4
"sim_66",4
"sim_66",4
"sim_66",4
"sim_66",4
"sim_66",4
"sim_66",4
"sim_66",4
"sim_66",4
"sim_66",4
"sim_66",4
"sim_66",4
"sim_66",4
"sim_66",4
"sim_66",4
"sim_66",4
"sim_66",4
"sim_66",4
"sim_66",4
"sim_66",4
"sim_66",4
"sim_66",4
"sim_66",4
"sim_66",4
"sim_66",4
"sim_66",5
"sim_66",5
"sim_66",5
"sim_66",5
"sim_66",5
"sim_66",5
"sim_66",5
"sim_66",5
"sim_66",5
"sim_66",5
"sim_66",5
"sim_66",5
"sim_66",5
"sim_66",5
"sim_66",5
"sim_66",5
"sim_66",5
"sim_66",5
"sim_66",5
"sim_66",5
"sim_66",5
"sim_66",5
"sim_66",5
"sim_66",5
"sim_66",5
"sim_66",5
"sim_66",5
"sim_66",5
"sim_66",5
"sim_66",5
"sim_66",5
"sim_66",5
"sim_66",5
"sim_66",5
"sim_66",5
"sim_66",5
"sim_66",5
"sim_66",5
"sim_66",5
"sim_66",5
"sim_66",5
"sim_66",5
"sim_66",5
"sim_66",5
"sim_66",5
"sim_66",5
"sim_66",5
"sim_66",5
"sim_66",5
"sim_66",5
"sim_66",5
"sim_66",5
"sim_66",5
"sim_66",5
"sim_66",5
"sim_66",5
"sim_66",5
"sim_66",5
"sim_66",5
"sim_66",5
"sim_66",5
"sim_66",5
"sim_66",5
"sim_66",5
"sim_66",5
"sim_66",5
"sim_66",5
"sim_66",5
"sim_66",5
"sim_66",5
"sim_66",5
"sim_66",5
"sim_66",5
"sim_66",5
"sim_66",5
"sim_66",5
"sim_66",5
"sim_66",5
"sim_66",5
"sim_66",5
"sim_66",5
"sim_66",5
"sim_66",5
"sim_66",5
"sim_66",5
"sim_66",5
"sim_66",5
"sim_66",5
"sim_66",5
"sim_66",5
"sim_66",5
"sim_66",5
"sim_66",5
"sim_66",5
"sim_66",5
"sim_66",5
"sim_66",5
"sim_66",5
"sim_66",5
"sim_66",5
"sim_66",5
"sim_66",5
"sim_66",6
"sim_66",6
"sim_66",6
"sim_66",6
"sim_66",6
"sim_66",6
"sim_66",6
"sim_66",6
"sim_66",6
"sim_66",6
"sim_66",6
"sim_66",6
"sim_66",6
"sim_66",6
"sim_66",6
"sim_66",6
"sim_66",6
"sim_66",6
"sim_66",6
"sim_66",6
"sim_66",6
"sim_66",6
"sim_66",6
"sim_66",6
"sim_66",6
"sim_66",6
"sim_66",6
"sim_66",6
"sim_66",6
"sim_66",6
"sim_66",6
"sim_66",6
"sim_66",6
"sim_66",6
"sim_66",6
"sim_66",6
"sim_66",6
"sim_66",6
"sim_66",7
"sim_66",7
"sim_66",7
"sim_66",7
"sim_66",7
"sim_66",7
"sim_66",7
"sim_66",7
"sim_66",7
"sim_66",7
"sim_66",7
"sim_66",7
"sim_66",7
"sim_66",7
"sim_66",7
"sim_66",7
"sim_66",7
"sim_66",7
"sim_66",7
"sim_66",7
"sim_66",8
"sim_66",8
"sim_66",8
"sim_66",8
"sim_66",8
"sim_66",8
"sim_66",8
"sim_66",8
"sim_66",8
"sim_66",8
"sim_66",8
"sim_66",8
"sim_66",8
"sim_66",8
"sim_66",8
"sim_66",8
"sim_66",8
"sim_66",8
"sim_66",8
"sim_66",8
"sim_66",8
"sim_66",8
"sim_66",8
"sim_66",8
"sim_66",9
"sim_66",9
"sim_66",9
"sim_66",9
"sim_66",9
"sim_66",9
"sim_66",9
"sim_66",9
"sim_66",9
"sim_66",9
"sim_66",9
"sim_66",10
"sim_66",10
"sim_66",10
"sim_66",10
"sim_66",10
"sim_66",10
"sim_66",11
"sim_66",11
"sim_66",11
"sim_66",11
"sim_66",11
"sim_66",12
"sim_66",12
"sim_66",13
"sim_66",13
"sim_66",13
"sim_66",14
"sim_66",14
"sim_66",15
"sim_67",4
"sim_67",4
"sim_67",4
"sim_67",4
"sim_67",4
"sim_67",4
"sim_67",4
"sim_67",4
"sim_67",4
"sim_67",4
"sim_67",4
"sim_67",4
"sim_67",4
"sim_67",4
"sim_67",4
"sim_67",4
"sim_67",4
"sim_67",4
"sim_67",4
"sim_67",4
"sim_67",4
"sim_67",4
"sim_67",4
"sim_67",4
"sim_67",4
"sim_67",4
"sim_67",4
"sim_67",4
"sim_67",4
"sim_67",4
"sim_67",4
"sim_67",4
"sim_67",4
"sim_67",4
"sim_67",4
"sim_67",4
"sim_67",4
"sim_67",4
"sim_67",4
"sim_67",4
"sim_67",4
"sim_67",4
"sim_67",4
"sim_67",4
"sim_67",4
"sim_67",4
"sim_67",4
"sim_67",4
"sim_67",4
"sim_67",4
"sim_67",4
"sim_67",4
"sim_67",4
"sim_67",4
"sim_67",4
"sim_67",4
"sim_67",4
"sim_67",4
"sim_67",4
"sim_67",4
"sim_67",4
"sim_67",4
"sim_67",4
"sim_67",4
"sim_67",4
"sim_67",4
"sim_67",4
"sim_67",4
"sim_67",4
"sim_67",4
"sim_67",4
"sim_67",4
"sim_67",4
"sim_67",4
"sim_67",4
"sim_67",4
"sim_67",4
"sim_67",4
"sim_67",4
"sim_67",4
"sim_67",4
"sim_67",4
"sim_67",4
"sim_67",4
"sim_67",4
"sim_67",4
"sim_67",4
"sim_67",4
"sim_67",4
"sim_67",4
"sim_67",4
"sim_67",4
"sim_67",4
"sim_67",4
"sim_67",4
"sim_67",4
"sim_67",4
"sim_67",4
"sim_67",4
"sim_67",4
"sim_67",4
"sim_67",4
"sim_67",4
"sim_67",4
"sim_67",4
"sim_67",4
"sim_67",4
"sim_67",4
"sim_67",4
"sim_67",4
"sim_67",4
"sim_67",4
"sim_67",4
"sim_67",4
"sim_67",4
"sim_67",4
"sim_67",4
"sim_67",4
"sim_67",4
"sim_67",4
"sim_67",4
"sim_67",4
"sim_67",4
"sim_67",4
"sim_67",4
"sim_67",4
"sim_67",4
"sim_67",4
"sim_67",4
"sim_67",4
"sim_67",4
"sim_67",4
"sim_67",4
"sim_67",4
"sim_67",4
"sim_67",4
"sim_67",4
"sim_67",4
"sim_67",4
"sim_67",4
"sim_67",4
"sim_67",4
"sim_67",4
"sim_67",4
"sim_67",4
"sim_67",4
"sim_67",4
"sim_67",4
"sim_67",4
"sim_67",4
"sim_67",4
"sim_67",4
"sim_67",4
"sim_67",4
"sim_67",4
"sim_67",4
"sim_67",4
"sim_67",4
"sim_67",4
"sim_67",4
"sim_67",4
"sim_67",4
"sim_67",4
"sim_67",4
"sim_67",4
"sim_67",4
"sim_67",4
"sim_67",4
"sim_67",4
"sim_67",4
"sim_67",4
"sim_67",4
"sim_67",4
"sim_67",4
"sim_67",4
"sim_67",4
"sim_67",4
"sim_67",4
"sim_67",4
"sim_67",4
"sim_67",4
"sim_67",4
"sim_67",4
"sim_67",4
"sim_67",4
"sim_67",4
"sim_67",4
"sim_67",4
"sim_67",4
"sim_67",4
"sim_67",4
"sim_67",4
"sim_67",4
"sim_67",4
"sim_67",4
"sim_67",4
"sim_67",4
"sim_67",4
"sim_67",4
"sim_67",4
"sim_67",4
"sim_67",4
"sim_67",4
"sim_67",4
"sim_67",4
"sim_67",4
"sim_67",4
"sim_67",4
"sim_67",4
"sim_67",4
"sim_67",4
"sim_67",4
"sim_67",4
"sim_67",4
"sim_67",4
"sim_67",4
"sim_67",4
"sim_67",4
"sim_67",4
"sim_67",4
"sim_67",4
"sim_67",4
"sim_67",4
"sim_67",4
"sim_67",4
"sim_67",4
"sim_67",4
"sim_67",4
"sim_67",4
"sim_67",4
"sim_67",4
"sim_67",4
"sim_67",4
"sim_67",4
"sim_67",4
"sim_67",4
"sim_67",4
"sim_67",4
"sim_67",4
"sim_67",4
"sim_67",4
"sim_67",4
"sim_67",4
"sim_67",4
"sim_67",4
"sim_67",4
"sim_67",4
"sim_67",4
"sim_67",4
"sim_67",4
"sim_67",4
"sim_67",4
"sim_67",4
"sim_67",4
"sim_67",4
"sim_67",4
"sim_67",4
"sim_67",4
"sim_67",4
"sim_67",4
"sim_67",4
"sim_67",4
"sim_67",4
"sim_67",4
"sim_67",4
"sim_67",4
"sim_67",4
"sim_67",4
"sim_67",4
"sim_67",4
"sim_67",4
"sim_67",4
"sim_67",4
"sim_67",4
"sim_67",4
"sim_67",4
"sim_67",4
"sim_67",4
"sim_67",4
"sim_67",4
"sim_67",4
"sim_67",4
"sim_67",4
"sim_67",4
"sim_67",4
"sim_67",4
"sim_67",4
"sim_67",4
"sim_67",4
"sim_67",4
"sim_67",4
"sim_67",4
"sim_67",4
"sim_67",4
"sim_67",4
"sim_67",4
"sim_67",4
"sim_67",4
"sim_67",4
"sim_67",4
"sim_67",4
"sim_67",4
"sim_67",4
"sim_67",4
"sim_67",4
"sim_67",4
"sim_67",4
"sim_67",4
"sim_67",4
"sim_67",4
"sim_67",4
"sim_67",4
"sim_67",4
"sim_67",4
"sim_67",4
"sim_67",4
"sim_67",4
"sim_67",4
"sim_67",4
"sim_67",4
"sim_67",4
"sim_67",4
"sim_67",4
"sim_67",4
"sim_67",4
"sim_67",4
"sim_67",4
"sim_67",4
"sim_67",4
"sim_67",4
"sim_67",4
"sim_67",4
"sim_67",4
"sim_67",4
"sim_67",4
"sim_67",4
"sim_67",4
"sim_67",4
"sim_67",4
"sim_67",4
"sim_67",4
"sim_67",4
"sim_67",4
"sim_67",4
"sim_67",4
"sim_67",4
"sim_67",4
"sim_67",4
"sim_67",4
"sim_67",4
"sim_67",4
"sim_67",4
"sim_67",4
"sim_67",4
"sim_67",4
"sim_67",4
"sim_67",4
"sim_67",4
"sim_67",4
"sim_67",4
"sim_67",4
"sim_67",4
"sim_67",4
"sim_67",4
"sim_67",4
"sim_67",4
"sim_67",4
"sim_67",5
"sim_67",5
"sim_67",5
"sim_67",5
"sim_67",5
"sim_67",5
"sim_67",5
"sim_67",5
"sim_67",5
"sim_67",5
"sim_67",5
"sim_67",5
"sim_67",5
"sim_67",5
"sim_67",5
"sim_67",5
"sim_67",5
"sim_67",5
"sim_67",5
"sim_67",5
"sim_67",5
"sim_67",5
"sim_67",5
"sim_67",5
"sim_67",5
"sim_67",5
"sim_67",5
"sim_67",5
"sim_67",5
"sim_67",5
"sim_67",5
"sim_67",5
"sim_67",5
"sim_67",5
"sim_67",5
"sim_67",5
"sim_67",5
"sim_67",5
"sim_67",5
"sim_67",5
"sim_67",5
"sim_67",5
"sim_67",5
"sim_67",5
"sim_67",5
"sim_67",5
"sim_67",5
"sim_67",5
"sim_67",5
"sim_67",5
"sim_67",5
"sim_67",5
"sim_67",5
"sim_67",5
"sim_67",5
"sim_67",5
"sim_67",5
"sim_67",5
"sim_67",5
"sim_67",5
"sim_67",5
"sim_67",5
"sim_67",5
"sim_67",5
"sim_67",5
"sim_67",5
"sim_67",5
"sim_67",5
"sim_67",5
"sim_67",5
"sim_67",5
"sim_67",5
"sim_67",5
"sim_67",5
"sim_67",5
"sim_67",5
"sim_67",5
"sim_67",5
"sim_67",6
"sim_67",6
"sim_67",6
"sim_67",6
"sim_67",6
"sim_67",6
"sim_67",6
"sim_67",6
"sim_67",6
"sim_67",6
"sim_67",6
"sim_67",6
"sim_67",6
"sim_67",6
"sim_67",6
"sim_67",6
"sim_67",6
"sim_67",6
"sim_67",6
"sim_67",6
"sim_67",6
"sim_67",6
"sim_67",6
"sim_67",6
"sim_67",6
"sim_67",6
"sim_67",6
"sim_67",6
"sim_67",6
"sim_67",6
"sim_67",6
"sim_67",6
"sim_67",6
"sim_67",6
"sim_67",6
"sim_67",6
"sim_67",6
"sim_67",6
"sim_67",6
"sim_67",6
"sim_67",6
"sim_67",6
"sim_67",6
"sim_67",6
"sim_67",6
"sim_67",6
"sim_67",6
"sim_67",6
"sim_67",6
"sim_67",6
"sim_67",6
"sim_67",6
"sim_67",6
"sim_67",6
"sim_67",6
"sim_67",6
"sim_67",7
"sim_67",7
"sim_67",7
"sim_67",7
"sim_67",7
"sim_67",7
"sim_67",7
"sim_67",7
"sim_67",7
"sim_67",7
"sim_67",7
"sim_67",7
"sim_67",7
"sim_67",7
"sim_67",7
"sim_67",8
"sim_67",8
"sim_67",8
"sim_67",8
"sim_67",8
"sim_67",8
"sim_67",8
"sim_67",8
"sim_67",8
"sim_67",8
"sim_67",8
"sim_67",8
"sim_67",8
"sim_67",8
"sim_67",8
"sim_67",8
"sim_67",8
"sim_67",8
"sim_67",8
"sim_67",8
"sim_67",8
"sim_67",8
"sim_67",8
"sim_67",8
"sim_67",8
"sim_67",8
"sim_67",8
"sim_67",8
"sim_67",8
"sim_67",8
"sim_67",9
"sim_67",9
"sim_67",9
"sim_67",9
"sim_67",9
"sim_67",9
"sim_67",9
"sim_67",9
"sim_67",9
"sim_67",10
"sim_67",10
"sim_67",10
"sim_67",11
"sim_67",11
"sim_67",12
"sim_67",12
"sim_67",12
"sim_67",12
"sim_67",12
"sim_67",12
"sim_68",4
"sim_68",4
"sim_68",4
"sim_68",4
"sim_68",4
"sim_68",4
"sim_68",4
"sim_68",4
"sim_68",4
"sim_68",4
"sim_68",4
"sim_68",4
"sim_68",4
"sim_68",4
"sim_68",4
"sim_68",4
"sim_68",4
"sim_68",4
"sim_68",4
"sim_68",4
"sim_68",4
"sim_68",4
"sim_68",4
"sim_68",4
"sim_68",4
"sim_68",4
"sim_68",4
"sim_68",4
"sim_68",4
"sim_68",4
"sim_68",4
"sim_68",4
"sim_68",4
"sim_68",4
"sim_68",4
"sim_68",4
"sim_68",4
"sim_68",4
"sim_68",4
"sim_68",4
"sim_68",4
"sim_68",4
"sim_68",4
"sim_68",4
"sim_68",4
"sim_68",4
"sim_68",4
"sim_68",4
"sim_68",4
"sim_68",4
"sim_68",4
"sim_68",4
"sim_68",4
"sim_68",4
"sim_68",4
"sim_68",4
"sim_68",4
"sim_68",4
"sim_68",4
"sim_68",4
"sim_68",4
"sim_68",4
"sim_68",4
"sim_68",4
"sim_68",4
"sim_68",4
"sim_68",4
"sim_68",4
"sim_68",4
"sim_68",4
"sim_68",4
"sim_68",4
"sim_68",4
"sim_68",4
"sim_68",4
"sim_68",4
"sim_68",4
"sim_68",4
"sim_68",4
"sim_68",4
"sim_68",4
"sim_68",4
"sim_68",4
"sim_68",4
"sim_68",4
"sim_68",4
"sim_68",4
"sim_68",4
"sim_68",4
"sim_68",4
"sim_68",4
"sim_68",4
"sim_68",4
"sim_68",4
"sim_68",4
"sim_68",4
"sim_68",4
"sim_68",4
"sim_68",4
"sim_68",4
"sim_68",4
"sim_68",4
"sim_68",4
"sim_68",4
"sim_68",4
"sim_68",4
"sim_68",4
"sim_68",4
"sim_68",4
"sim_68",4
"sim_68",4
"sim_68",4
"sim_68",4
"sim_68",4
"sim_68",4
"sim_68",4
"sim_68",4
"sim_68",4
"sim_68",4
"sim_68",4
"sim_68",4
"sim_68",4
"sim_68",4
"sim_68",4
"sim_68",4
"sim_68",4
"sim_68",4
"sim_68",4
"sim_68",4
"sim_68",4
"sim_68",4
"sim_68",4
"sim_68",4
"sim_68",4
"sim_68",4
"sim_68",4
"sim_68",4
"sim_68",4
"sim_68",4
"sim_68",4
"sim_68",4
"sim_68",4
"sim_68",4
"sim_68",4
"sim_68",4
"sim_68",4
"sim_68",4
"sim_68",4
"sim_68",4
"sim_68",4
"sim_68",4
"sim_68",4
"sim_68",4
"sim_68",4
"sim_68",4
"sim_68",4
"sim_68",4
"sim_68",4
"sim_68",4
"sim_68",4
"sim_68",4
"sim_68",4
"sim_68",4
"sim_68",4
"sim_68",4
"sim_68",4
"sim_68",4
"sim_68",4
"sim_68",4
"sim_68",4
"sim_68",4
"sim_68",4
"sim_68",4
"sim_68",4
"sim_68",4
"sim_68",4
"sim_68",4
"sim_68",4
"sim_68",4
"sim_68",4
"sim_68",4
"sim_68",4
"sim_68",4
"sim_68",4
"sim_68",4
"sim_68",4
"sim_68",4
"sim_68",4
"sim_68",4
"sim_68",4
"sim_68",4
"sim_68",4
"sim_68",4
"sim_68",4
"sim_68",4
"sim_68",4
"sim_68",4
"sim_68",4
"sim_68",4
"sim_68",4
"sim_68",4
"sim_68",4
"sim_68",4
"sim_68",4
"sim_68",4
"sim_68",4
"sim_68",4
"sim_68",4
"sim_68",4
"sim_68",4
"sim_68",4
"sim_68",4
"sim_68",4
"sim_68",4
"sim_68",4
"sim_68",4
"sim_68",4
"sim_68",4
"sim_68",4
"sim_68",4
"sim_68",4
"sim_68",4
"sim_68",4
"sim_68",4
"sim_68",4
"sim_68",4
"sim_68",4
"sim_68",4
"sim_68",4
"sim_68",4
"sim_68",4
"sim_68",4
"sim_68",4
"sim_68",4
"sim_68",4
"sim_68",4
"sim_68",4
"sim_68",4
"sim_68",4
"sim_68",4
"sim_68",4
"sim_68",4
"sim_68",4
"sim_68",4
"sim_68",4
"sim_68",4
"sim_68",4
"sim_68",4
"sim_68",4
"sim_68",4
"sim_68",4
"sim_68",4
"sim_68",4
"sim_68",4
"sim_68",4
"sim_68",4
"sim_68",4
"sim_68",4
"sim_68",4
"sim_68",4
"sim_68",4
"sim_68",4
"sim_68",4
"sim_68",4
"sim_68",4
"sim_68",4
"sim_68",4
"sim_68",4
"sim_68",4
"sim_68",4
"sim_68",4
"sim_68",4
"sim_68",4
"sim_68",4
"sim_68",4
"sim_68",4
"sim_68",4
"sim_68",4
"sim_68",4
"sim_68",4
"sim_68",4
"sim_68",4
"sim_68",4
"sim_68",4
"sim_68",4
"sim_68",4
"sim_68",4
"sim_68",4
"sim_68",4
"sim_68",4
"sim_68",4
"sim_68",4
"sim_68",4
"sim_68",4
"sim_68",4
"sim_68",4
"sim_68",4
"sim_68",4
"sim_68",4
"sim_68",4
"sim_68",4
"sim_68",4
"sim_68",4
"sim_68",4
"sim_68",4
"sim_68",4
"sim_68",4
"sim_68",4
"sim_68",4
"sim_68",4
"sim_68",4
"sim_68",4
"sim_68",4
"sim_68",4
"sim_68",4
"sim_68",4
"sim_68",4
"sim_68",4
"sim_68",4
"sim_68",4
"sim_68",4
"sim_68",4
"sim_68",4
"sim_68",4
"sim_68",4
"sim_68",4
"sim_68",4
"sim_68",4
"sim_68",4
"sim_68",4
"sim_68",4
"sim_68",4
"sim_68",4
"sim_68",4
"sim_68",4
"sim_68",4
"sim_68",4
"sim_68",4
"sim_68",4
"sim_68",4
"sim_68",4
"sim_68",4
"sim_68",4
"sim_68",4
"sim_68",4
"sim_68",4
"sim_68",4
"sim_68",4
"sim_68",4
"sim_68",4
"sim_68",4
"sim_68",4
"sim_68",4
"sim_68",4
"sim_68",4
"sim_68",4
"sim_68",4
"sim_68",4
"sim_68",4
"sim_68",4
"sim_68",4
"sim_68",4
"sim_68",4
"sim_68",4
"sim_68",4
"sim_68",4
"sim_68",4
"sim_68",4
"sim_68",4
"sim_68",4
"sim_68",4
"sim_68",4
"sim_68",4
"sim_68",4
"sim_68",4
"sim_68",4
"sim_68",4
"sim_68",4
"sim_68",5
"sim_68",5
"sim_68",5
"sim_68",5
"sim_68",5
"sim_68",5
"sim_68",5
"sim_68",5
"sim_68",5
"sim_68",5
"sim_68",5
"sim_68",5
"sim_68",5
"sim_68",5
"sim_68",5
"sim_68",5
"sim_68",5
"sim_68",5
"sim_68",5
"sim_68",5
"sim_68",5
"sim_68",5
"sim_68",5
"sim_68",5
"sim_68",5
"sim_68",5
"sim_68",5
"sim_68",5
"sim_68",5
"sim_68",5
"sim_68",5
"sim_68",5
"sim_68",5
"sim_68",5
"sim_68",5
"sim_68",5
"sim_68",5
"sim_68",5
"sim_68",5
"sim_68",5
"sim_68",5
"sim_68",5
"sim_68",5
"sim_68",5
"sim_68",5
"sim_68",5
"sim_68",5
"sim_68",5
"sim_68",5
"sim_68",5
"sim_68",5
"sim_68",5
"sim_68",5
"sim_68",5
"sim_68",5
"sim_68",5
"sim_68",5
"sim_68",5
"sim_68",5
"sim_68",5
"sim_68",5
"sim_68",5
"sim_68",5
"sim_68",5
"sim_68",5
"sim_68",5
"sim_68",5
"sim_68",5
"sim_68",5
"sim_68",5
"sim_68",5
"sim_68",5
"sim_68",5
"sim_68",5
"sim_68",5
"sim_68",5
"sim_68",5
"sim_68",5
"sim_68",5
"sim_68",5
"sim_68",5
"sim_68",5
"sim_68",5
"sim_68",5
"sim_68",5
"sim_68",5
"sim_68",5
"sim_68",6
"sim_68",6
"sim_68",6
"sim_68",6
"sim_68",6
"sim_68",6
"sim_68",6
"sim_68",6
"sim_68",6
"sim_68",6
"sim_68",6
"sim_68",6
"sim_68",6
"sim_68",6
"sim_68",6
"sim_68",6
"sim_68",6
"sim_68",6
"sim_68",6
"sim_68",6
"sim_68",6
"sim_68",6
"sim_68",6
"sim_68",6
"sim_68",6
"sim_68",6
"sim_68",6
"sim_68",6
"sim_68",6
"sim_68",6
"sim_68",7
"sim_68",7
"sim_68",7
"sim_68",7
"sim_68",7
"sim_68",7
"sim_68",7
"sim_68",7
"sim_68",7
"sim_68",7
"sim_68",7
"sim_68",7
"sim_68",7
"sim_68",7
"sim_68",7
"sim_68",7
"sim_68",7
"sim_68",7
"sim_68",7
"sim_68",7
"sim_68",7
"sim_68",7
"sim_68",7
"sim_68",7
"sim_68",7
"sim_68",7
"sim_68",7
"sim_68",7
"sim_68",7
"sim_68",7
"sim_68",7
"sim_68",7
"sim_68",8
"sim_68",8
"sim_68",8
"sim_68",8
"sim_68",8
"sim_68",8
"sim_68",8
"sim_68",8
"sim_68",8
"sim_68",8
"sim_68",8
"sim_68",8
"sim_68",8
"sim_68",8
"sim_68",8
"sim_68",8
"sim_68",8
"sim_68",9
"sim_68",9
"sim_68",9
"sim_68",9
"sim_68",9
"sim_68",9
"sim_68",9
"sim_68",9
"sim_68",9
"sim_68",9
"sim_68",9
"sim_68",9
"sim_68",9
"sim_68",9
"sim_68",10
"sim_68",10
"sim_68",10
"sim_68",11
"sim_68",12
"sim_68",12
"sim_68",12
"sim_68",14
"sim_69",4
"sim_69",4
"sim_69",4
"sim_69",4
"sim_69",4
"sim_69",4
"sim_69",4
"sim_69",4
"sim_69",4
"sim_69",4
"sim_69",4
"sim_69",4
"sim_69",4
"sim_69",4
"sim_69",4
"sim_69",4
"sim_69",4
"sim_69",4
"sim_69",4
"sim_69",4
"sim_69",4
"sim_69",4
"sim_69",4
"sim_69",4
"sim_69",4
"sim_69",4
"sim_69",4
"sim_69",4
"sim_69",4
"sim_69",4
"sim_69",4
"sim_69",4
"sim_69",4
"sim_69",4
"sim_69",4
"sim_69",4
"sim_69",4
"sim_69",4
"sim_69",4
"sim_69",4
"sim_69",4
"sim_69",4
"sim_69",4
"sim_69",4
"sim_69",4
"sim_69",4
"sim_69",4
"sim_69",4
"sim_69",4
"sim_69",4
"sim_69",4
"sim_69",4
"sim_69",4
"sim_69",4
"sim_69",4
"sim_69",4
"sim_69",4
"sim_69",4
"sim_69",4
"sim_69",4
"sim_69",4
"sim_69",4
"sim_69",4
"sim_69",4
"sim_69",4
"sim_69",4
"sim_69",4
"sim_69",4
"sim_69",4
"sim_69",4
"sim_69",4
"sim_69",4
"sim_69",4
"sim_69",4
"sim_69",4
"sim_69",4
"sim_69",4
"sim_69",4
"sim_69",4
"sim_69",4
"sim_69",4
"sim_69",4
"sim_69",4
"sim_69",4
"sim_69",4
"sim_69",4
"sim_69",4
"sim_69",4
"sim_69",4
"sim_69",4
"sim_69",4
"sim_69",4
"sim_69",4
"sim_69",4
"sim_69",4
"sim_69",4
"sim_69",4
"sim_69",4
"sim_69",4
"sim_69",4
"sim_69",4
"sim_69",4
"sim_69",4
"sim_69",4
"sim_69",4
"sim_69",4
"sim_69",4
"sim_69",4
"sim_69",4
"sim_69",4
"sim_69",4
"sim_69",4
"sim_69",4
"sim_69",4
"sim_69",4
"sim_69",4
"sim_69",4
"sim_69",4
"sim_69",4
"sim_69",4
"sim_69",4
"sim_69",4
"sim_69",4
"sim_69",4
"sim_69",4
"sim_69",4
"sim_69",4
"sim_69",4
"sim_69",4
"sim_69",4
"sim_69",4
"sim_69",4
"sim_69",4
"sim_69",4
"sim_69",4
"sim_69",4
"sim_69",4
"sim_69",4
"sim_69",4
"sim_69",4
"sim_69",4
"sim_69",4
"sim_69",4
"sim_69",4
"sim_69",4
"sim_69",4
"sim_69",4
"sim_69",4
"sim_69",4
"sim_69",4
"sim_69",4
"sim_69",4
"sim_69",4
"sim_69",4
"sim_69",4
"sim_69",4
"sim_69",4
"sim_69",4
"sim_69",4
"sim_69",4
"sim_69",4
"sim_69",4
"sim_69",4
"sim_69",4
"sim_69",4
"sim_69",4
"sim_69",4
"sim_69",4
"sim_69",4
"sim_69",4
"sim_69",4
"sim_69",4
"sim_69",4
"sim_69",4
"sim_69",4
"sim_69",4
"sim_69",4
"sim_69",4
"sim_69",4
"sim_69",4
"sim_69",4
"sim_69",4
"sim_69",4
"sim_69",4
"sim_69",4
"sim_69",4
"sim_69",4
"sim_69",4
"sim_69",4
"sim_69",4
"sim_69",4
"sim_69",4
"sim_69",4
"sim_69",4
"sim_69",4
"sim_69",4
"sim_69",4
"sim_69",4
"sim_69",4
"sim_69",4
"sim_69",4
"sim_69",4
"sim_69",4
"sim_69",4
"sim_69",4
"sim_69",4
"sim_69",4
"sim_69",4
"sim_69",4
"sim_69",4
"sim_69",4
"sim_69",4
"sim_69",4
"sim_69",4
"sim_69",4
"sim_69",4
"sim_69",4
"sim_69",4
"sim_69",4
"sim_69",4
"sim_69",4
"sim_69",4
"sim_69",4
"sim_69",4
"sim_69",4
"sim_69",4
"sim_69",4
"sim_69",4
"sim_69",4
"sim_69",4
"sim_69",4
"sim_69",4
"sim_69",4
"sim_69",4
"sim_69",4
"sim_69",4
"sim_69",4
"sim_69",4
"sim_69",4
"sim_69",4
"sim_69",4
"sim_69",4
"sim_69",4
"sim_69",4
"sim_69",4
"sim_69",4
"sim_69",4
"sim_69",4
"sim_69",4
"sim_69",4
"sim_69",4
"sim_69",4
"sim_69",4
"sim_69",4
"sim_69",4
"sim_69",4
"sim_69",4
"sim_69",4
"sim_69",4
"sim_69",4
"sim_69",4
"sim_69",4
"sim_69",4
"sim_69",4
"sim_69",4
"sim_69",4
"sim_69",4
"sim_69",4
"sim_69",4
"sim_69",4
"sim_69",4
"sim_69",4
"sim_69",4
"sim_69",4
"sim_69",4
"sim_69",4
"sim_69",4
"sim_69",4
"sim_69",4
"sim_69",4
"sim_69",4
"sim_69",4
"sim_69",4
"sim_69",4
"sim_69",4
"sim_69",4
"sim_69",4
"sim_69",4
"sim_69",4
"sim_69",4
"sim_69",4
"sim_69",4
"sim_69",4
"sim_69",4
"sim_69",4
"sim_69",4
"sim_69",4
"sim_69",4
"sim_69",4
"sim_69",4
"sim_69",4
"sim_69",4
"sim_69",4
"sim_69",4
"sim_69",4
"sim_69",4
"sim_69",4
"sim_69",4
"sim_69",4
"sim_69",4
"sim_69",4
"sim_69",4
"sim_69",4
"sim_69",4
"sim_69",4
"sim_69",4
"sim_69",4
"sim_69",4
"sim_69",4
"sim_69",4
"sim_69",4
"sim_69",4
"sim_69",4
"sim_69",4
"sim_69",4
"sim_69",4
"sim_69",4
"sim_69",4
"sim_69",4
"sim_69",4
"sim_69",4
"sim_69",4
"sim_69",4
"sim_69",4
"sim_69",4
"sim_69",4
"sim_69",4
"sim_69",4
"sim_69",4
"sim_69",4
"sim_69",4
"sim_69",4
"sim_69",4
"sim_69",4
"sim_69",4
"sim_69",4
"sim_69",4
"sim_69",4
"sim_69",4
"sim_69",4
"sim_69",4
"sim_69",4
"sim_69",4
"sim_69",4
"sim_69",4
"sim_69",4
"sim_69",4
"sim_69",4
"sim_69",4
"sim_69",4
"sim_69",4
"sim_69",4
"sim_69",4
"sim_69",4
"sim_69",4
"sim_69",4
"sim_69",4
"sim_69",4
"sim_69",4
"sim_69",4
"sim_69",4
"sim_69",4
"sim_69",4
"sim_69",4
"sim_69",4
"sim_69",4
"sim_69",4
"sim_69",4
"sim_69",5
"sim_69",5
"sim_69",5
"sim_69",5
"sim_69",5
"sim_69",5
"sim_69",5
"sim_69",5
"sim_69",5
"sim_69",5
"sim_69",5
"sim_69",5
"sim_69",5
"sim_69",5
"sim_69",5
"sim_69",5
"sim_69",5
"sim_69",5
"sim_69",5
"sim_69",5
"sim_69",5
"sim_69",5
"sim_69",5
"sim_69",5
"sim_69",5
"sim_69",5
"sim_69",5
"sim_69",5
"sim_69",5
"sim_69",5
"sim_69",5
"sim_69",5
"sim_69",5
"sim_69",5
"sim_69",5
"sim_69",5
"sim_69",5
"sim_69",5
"sim_69",5
"sim_69",5
"sim_69",5
"sim_69",5
"sim_69",5
"sim_69",5
"sim_69",5
"sim_69",5
"sim_69",5
"sim_69",5
"sim_69",5
"sim_69",5
"sim_69",5
"sim_69",5
"sim_69",5
"sim_69",5
"sim_69",5
"sim_69",5
"sim_69",5
"sim_69",5
"sim_69",5
"sim_69",5
"sim_69",5
"sim_69",5
"sim_69",5
"sim_69",5
"sim_69",5
"sim_69",5
"sim_69",5
"sim_69",5
"sim_69",5
"sim_69",5
"sim_69",5
"sim_69",5
"sim_69",5
"sim_69",5
"sim_69",5
"sim_69",5
"sim_69",5
"sim_69",5
"sim_69",5
"sim_69",5
"sim_69",5
"sim_69",5
"sim_69",5
"sim_69",5
"sim_69",5
"sim_69",5
"sim_69",5
"sim_69",5
"sim_69",5
"sim_69",5
"sim_69",5
"sim_69",5
"sim_69",5
"sim_69",6
"sim_69",6
"sim_69",6
"sim_69",6
"sim_69",6
"sim_69",6
"sim_69",6
"sim_69",6
"sim_69",6
"sim_69",6
"sim_69",6
"sim_69",6
"sim_69",6
"sim_69",6
"sim_69",6
"sim_69",6
"sim_69",6
"sim_69",6
"sim_69",6
"sim_69",6
"sim_69",6
"sim_69",6
"sim_69",6
"sim_69",6
"sim_69",6
"sim_69",6
"sim_69",6
"sim_69",6
"sim_69",6
"sim_69",6
"sim_69",6
"sim_69",6
"sim_69",6
"sim_69",6
"sim_69",6
"sim_69",6
"sim_69",6
"sim_69",6
"sim_69",6
"sim_69",6
"sim_69",6
"sim_69",6
"sim_69",6
"sim_69",6
"sim_69",6
"sim_69",7
"sim_69",7
"sim_69",7
"sim_69",7
"sim_69",7
"sim_69",7
"sim_69",7
"sim_69",7
"sim_69",7
"sim_69",7
"sim_69",7
"sim_69",7
"sim_69",8
"sim_69",8
"sim_69",8
"sim_69",8
"sim_69",8
"sim_69",8
"sim_69",8
"sim_69",8
"sim_69",8
"sim_69",8
"sim_69",8
"sim_69",8
"sim_69",8
"sim_69",8
"sim_69",8
"sim_69",8
"sim_69",8
"sim_69",8
"sim_69",8
"sim_69",9
"sim_69",9
"sim_69",9
"sim_69",9
"sim_69",9
"sim_69",9
"sim_69",10
"sim_69",10
"sim_69",10
"sim_69",11
"sim_69",11
"sim_69",11
"sim_69",11
"sim_69",11
"sim_69",12
"sim_69",12
"sim_69",12
"sim_69",13
"sim_69",13
"sim_70",4
"sim_70",4
"sim_70",4
"sim_70",4
"sim_70",4
"sim_70",4
"sim_70",4
"sim_70",4
"sim_70",4
"sim_70",4
"sim_70",4
"sim_70",4
"sim_70",4
"sim_70",4
"sim_70",4
"sim_70",4
"sim_70",4
"sim_70",4
"sim_70",4
"sim_70",4
"sim_70",4
"sim_70",4
"sim_70",4
"sim_70",4
"sim_70",4
"sim_70",4
"sim_70",4
"sim_70",4
"sim_70",4
"sim_70",4
"sim_70",4
"sim_70",4
"sim_70",4
"sim_70",4
"sim_70",4
"sim_70",4
"sim_70",4
"sim_70",4
"sim_70",4
"sim_70",4
"sim_70",4
"sim_70",4
"sim_70",4
"sim_70",4
"sim_70",4
"sim_70",4
"sim_70",4
"sim_70",4
"sim_70",4
"sim_70",4
"sim_70",4
"sim_70",4
"sim_70",4
"sim_70",4
"sim_70",4
"sim_70",4
"sim_70",4
"sim_70",4
"sim_70",4
"sim_70",4
"sim_70",4
"sim_70",4
"sim_70",4
"sim_70",4
"sim_70",4
"sim_70",4
"sim_70",4
"sim_70",4
"sim_70",4
"sim_70",4
"sim_70",4
"sim_70",4
"sim_70",4
"sim_70",4
"sim_70",4
"sim_70",4
"sim_70",4
"sim_70",4
"sim_70",4
"sim_70",4
"sim_70",4
"sim_70",4
"sim_70",4
"sim_70",4
"sim_70",4
"sim_70",4
"sim_70",4
"sim_70",4
"sim_70",4
"sim_70",4
"sim_70",4
"sim_70",4
"sim_70",4
"sim_70",4
"sim_70",4
"sim_70",4
"sim_70",4
"sim_70",4
"sim_70",4
"sim_70",4
"sim_70",4
"sim_70",4
"sim_70",4
"sim_70",4
"sim_70",4
"sim_70",4
"sim_70",4
"sim_70",4
"sim_70",4
"sim_70",4
"sim_70",4
"sim_70",4
"sim_70",4
"sim_70",4
"sim_70",4
"sim_70",4
"sim_70",4
"sim_70",4
"sim_70",4
"sim_70",4
"sim_70",4
"sim_70",4
"sim_70",4
"sim_70",4
"sim_70",4
"sim_70",4
"sim_70",4
"sim_70",4
"sim_70",4
"sim_70",4
"sim_70",4
"sim_70",4
"sim_70",4
"sim_70",4
"sim_70",4
"sim_70",4
"sim_70",4
"sim_70",4
"sim_70",4
"sim_70",4
"sim_70",4
"sim_70",4
"sim_70",4
"sim_70",4
"sim_70",4
"sim_70",4
"sim_70",4
"sim_70",4
"sim_70",4
"sim_70",4
"sim_70",4
"sim_70",4
"sim_70",4
"sim_70",4
"sim_70",4
"sim_70",4
"sim_70",4
"sim_70",4
"sim_70",4
"sim_70",4
"sim_70",4
"sim_70",4
"sim_70",4
"sim_70",4
"sim_70",4
"sim_70",4
"sim_70",4
"sim_70",4
"sim_70",4
"sim_70",4
"sim_70",4
"sim_70",4
"sim_70",4
"sim_70",4
"sim_70",4
"sim_70",4
"sim_70",4
"sim_70",4
"sim_70",4
"sim_70",4
"sim_70",4
"sim_70",4
"sim_70",4
"sim_70",4
"sim_70",4
"sim_70",4
"sim_70",4
"sim_70",4
"sim_70",4
"sim_70",4
"sim_70",4
"sim_70",4
"sim_70",4
"sim_70",4
"sim_70",4
"sim_70",4
"sim_70",4
"sim_70",4
"sim_70",4
"sim_70",4
"sim_70",4
"sim_70",4
"sim_70",4
"sim_70",4
"sim_70",4
"sim_70",4
"sim_70",4
"sim_70",4
"sim_70",4
"sim_70",4
"sim_70",4
"sim_70",4
"sim_70",4
"sim_70",4
"sim_70",4
"sim_70",4
"sim_70",4
"sim_70",4
"sim_70",4
"sim_70",4
"sim_70",4
"sim_70",4
"sim_70",4
"sim_70",4
"sim_70",4
"sim_70",4
"sim_70",4
"sim_70",4
"sim_70",4
"sim_70",4
"sim_70",4
"sim_70",4
"sim_70",4
"sim_70",4
"sim_70",4
"sim_70",4
"sim_70",4
"sim_70",4
"sim_70",4
"sim_70",4
"sim_70",4
"sim_70",4
"sim_70",4
"sim_70",4
"sim_70",4
"sim_70",4
"sim_70",4
"sim_70",4
"sim_70",4
"sim_70",4
"sim_70",4
"sim_70",4
"sim_70",4
"sim_70",4
"sim_70",4
"sim_70",4
"sim_70",4
"sim_70",4
"sim_70",4
"sim_70",4
"sim_70",4
"sim_70",4
"sim_70",4
"sim_70",4
"sim_70",4
"sim_70",4
"sim_70",4
"sim_70",4
"sim_70",4
"sim_70",4
"sim_70",4
"sim_70",4
"sim_70",4
"sim_70",4
"sim_70",4
"sim_70",4
"sim_70",4
"sim_70",4
"sim_70",4
"sim_70",4
"sim_70",4
"sim_70",4
"sim_70",4
"sim_70",4
"sim_70",4
"sim_70",4
"sim_70",4
"sim_70",4
"sim_70",4
"sim_70",4
"sim_70",4
"sim_70",4
"sim_70",4
"sim_70",4
"sim_70",4
"sim_70",4
"sim_70",4
"sim_70",4
"sim_70",4
"sim_70",4
"sim_70",4
"sim_70",4
"sim_70",4
"sim_70",4
"sim_70",4
"sim_70",4
"sim_70",4
"sim_70",4
"sim_70",4
"sim_70",4
"sim_70",4
"sim_70",4
"sim_70",4
"sim_70",4
"sim_70",4
"sim_70",4
"sim_70",4
"sim_70",4
"sim_70",4
"sim_70",4
"sim_70",4
"sim_70",4
"sim_70",4
"sim_70",4
"sim_70",4
"sim_70",4
"sim_70",4
"sim_70",4
"sim_70",4
"sim_70",4
"sim_70",4
"sim_70",4
"sim_70",4
"sim_70",4
"sim_70",4
"sim_70",4
"sim_70",4
"sim_70",4
"sim_70",4
"sim_70",4
"sim_70",4
"sim_70",4
"sim_70",4
"sim_70",4
"sim_70",4
"sim_70",4
"sim_70",4
"sim_70",4
"sim_70",4
"sim_70",4
"sim_70",4
"sim_70",4
"sim_70",4
"sim_70",4
"sim_70",4
"sim_70",4
"sim_70",4
"sim_70",4
"sim_70",4
"sim_70",4
"sim_70",4
"sim_70",4
"sim_70",4
"sim_70",4
"sim_70",4
"sim_70",4
"sim_70",4
"sim_70",4
"sim_70",4
"sim_70",4
"sim_70",4
"sim_70",4
"sim_70",4
"sim_70",4
"sim_70",4
"sim_70",4
"sim_70",4
"sim_70",4
"sim_70",4
"sim_70",4
"sim_70",4
"sim_70",4
"sim_70",5
"sim_70",5
"sim_70",5
"sim_70",5
"sim_70",5
"sim_70",5
"sim_70",5
"sim_70",5
"sim_70",5
"sim_70",5
"sim_70",5
"sim_70",5
"sim_70",5
"sim_70",5
"sim_70",5
"sim_70",5
"sim_70",5
"sim_70",5
"sim_70",5
"sim_70",5
"sim_70",5
"sim_70",5
"sim_70",5
"sim_70",5
"sim_70",5
"sim_70",5
"sim_70",5
"sim_70",5
"sim_70",5
"sim_70",5
"sim_70",5
"sim_70",5
"sim_70",5
"sim_70",5
"sim_70",5
"sim_70",5
"sim_70",5
"sim_70",5
"sim_70",5
"sim_70",5
"sim_70",5
"sim_70",5
"sim_70",5
"sim_70",5
"sim_70",5
"sim_70",5
"sim_70",5
"sim_70",5
"sim_70",5
"sim_70",5
"sim_70",5
"sim_70",5
"sim_70",5
"sim_70",5
"sim_70",5
"sim_70",5
"sim_70",5
"sim_70",5
"sim_70",5
"sim_70",5
"sim_70",5
"sim_70",5
"sim_70",5
"sim_70",5
"sim_70",5
"sim_70",5
"sim_70",5
"sim_70",5
"sim_70",5
"sim_70",5
"sim_70",5
"sim_70",5
"sim_70",5
"sim_70",5
"sim_70",5
"sim_70",5
"sim_70",5
"sim_70",5
"sim_70",5
"sim_70",5
"sim_70",5
"sim_70",5
"sim_70",5
"sim_70",5
"sim_70",5
"sim_70",5
"sim_70",5
"sim_70",5
"sim_70",5
"sim_70",5
"sim_70",5
"sim_70",5
"sim_70",5
"sim_70",6
"sim_70",6
"sim_70",6
"sim_70",6
"sim_70",6
"sim_70",6
"sim_70",6
"sim_70",6
"sim_70",6
"sim_70",6
"sim_70",6
"sim_70",6
"sim_70",6
"sim_70",6
"sim_70",6
"sim_70",6
"sim_70",6
"sim_70",6
"sim_70",6
"sim_70",6
"sim_70",6
"sim_70",6
"sim_70",6
"sim_70",6
"sim_70",6
"sim_70",6
"sim_70",6
"sim_70",6
"sim_70",6
"sim_70",6
"sim_70",6
"sim_70",6
"sim_70",6
"sim_70",6
"sim_70",6
"sim_70",6
"sim_70",6
"sim_70",6
"sim_70",7
"sim_70",7
"sim_70",7
"sim_70",7
"sim_70",7
"sim_70",7
"sim_70",7
"sim_70",7
"sim_70",7
"sim_70",7
"sim_70",7
"sim_70",7
"sim_70",7
"sim_70",7
"sim_70",7
"sim_70",7
"sim_70",7
"sim_70",7
"sim_70",8
"sim_70",8
"sim_70",8
"sim_70",8
"sim_70",8
"sim_70",8
"sim_70",8
"sim_70",8
"sim_70",8
"sim_70",8
"sim_70",8
"sim_70",8
"sim_70",9
"sim_70",9
"sim_70",9
"sim_70",9
"sim_70",9
"sim_70",9
"sim_70",9
"sim_70",10
"sim_70",10
"sim_70",10
"sim_70",10
"sim_70",11
"sim_70",11
"sim_70",11
"sim_70",11
"sim_70",11
"sim_70",11
"sim_70",11
"sim_70",12
"sim_70",12
"sim_70",13
"sim_70",14
"sim_70",16
"sim_71",4
"sim_71",4
"sim_71",4
"sim_71",4
"sim_71",4
"sim_71",4
"sim_71",4
"sim_71",4
"sim_71",4
"sim_71",4
"sim_71",4
"sim_71",4
"sim_71",4
"sim_71",4
"sim_71",4
"sim_71",4
"sim_71",4
"sim_71",4
"sim_71",4
"sim_71",4
"sim_71",4
"sim_71",4
"sim_71",4
"sim_71",4
"sim_71",4
"sim_71",4
"sim_71",4
"sim_71",4
"sim_71",4
"sim_71",4
"sim_71",4
"sim_71",4
"sim_71",4
"sim_71",4
"sim_71",4
"sim_71",4
"sim_71",4
"sim_71",4
"sim_71",4
"sim_71",4
"sim_71",4
"sim_71",4
"sim_71",4
"sim_71",4
"sim_71",4
"sim_71",4
"sim_71",4
"sim_71",4
"sim_71",4
"sim_71",4
"sim_71",4
"sim_71",4
"sim_71",4
"sim_71",4
"sim_71",4
"sim_71",4
"sim_71",4
"sim_71",4
"sim_71",4
"sim_71",4
"sim_71",4
"sim_71",4
"sim_71",4
"sim_71",4
"sim_71",4
"sim_71",4
"sim_71",4
"sim_71",4
"sim_71",4
"sim_71",4
"sim_71",4
"sim_71",4
"sim_71",4
"sim_71",4
"sim_71",4
"sim_71",4
"sim_71",4
"sim_71",4
"sim_71",4
"sim_71",4
"sim_71",4
"sim_71",4
"sim_71",4
"sim_71",4
"sim_71",4
"sim_71",4
"sim_71",4
"sim_71",4
"sim_71",4
"sim_71",4
"sim_71",4
"sim_71",4
"sim_71",4
"sim_71",4
"sim_71",4
"sim_71",4
"sim_71",4
"sim_71",4
"sim_71",4
"sim_71",4
"sim_71",4
"sim_71",4
"sim_71",4
"sim_71",4
"sim_71",4
"sim_71",4
"sim_71",4
"sim_71",4
"sim_71",4
"sim_71",4
"sim_71",4
"sim_71",4
"sim_71",4
"sim_71",4
"sim_71",4
"sim_71",4
"sim_71",4
"sim_71",4
"sim_71",4
"sim_71",4
"sim_71",4
"sim_71",4
"sim_71",4
"sim_71",4
"sim_71",4
"sim_71",4
"sim_71",4
"sim_71",4
"sim_71",4
"sim_71",4
"sim_71",4
"sim_71",4
"sim_71",4
"sim_71",4
"sim_71",4
"sim_71",4
"sim_71",4
"sim_71",4
"sim_71",4
"sim_71",4
"sim_71",4
"sim_71",4
"sim_71",4
"sim_71",4
"sim_71",4
"sim_71",4
"sim_71",4
"sim_71",4
"sim_71",4
"sim_71",4
"sim_71",4
"sim_71",4
"sim_71",4
"sim_71",4
"sim_71",4
"sim_71",4
"sim_71",4
"sim_71",4
"sim_71",4
"sim_71",4
"sim_71",4
"sim_71",4
"sim_71",4
"sim_71",4
"sim_71",4
"sim_71",4
"sim_71",4
"sim_71",4
"sim_71",4
"sim_71",4
"sim_71",4
"sim_71",4
"sim_71",4
"sim_71",4
"sim_71",4
"sim_71",4
"sim_71",4
"sim_71",4
"sim_71",4
"sim_71",4
"sim_71",4
"sim_71",4
"sim_71",4
"sim_71",4
"sim_71",4
"sim_71",4
"sim_71",4
"sim_71",4
"sim_71",4
"sim_71",4
"sim_71",4
"sim_71",4
"sim_71",4
"sim_71",4
"sim_71",4
"sim_71",4
"sim_71",4
"sim_71",4
"sim_71",4
"sim_71",4
"sim_71",4
"sim_71",4
"sim_71",4
"sim_71",4
"sim_71",4
"sim_71",4
"sim_71",4
"sim_71",4
"sim_71",4
"sim_71",4
"sim_71",4
"sim_71",4
"sim_71",4
"sim_71",4
"sim_71",4
"sim_71",4
"sim_71",4
"sim_71",4
"sim_71",4
"sim_71",4
"sim_71",4
"sim_71",4
"sim_71",4
"sim_71",4
"sim_71",4
"sim_71",4
"sim_71",4
"sim_71",4
"sim_71",4
"sim_71",4
"sim_71",4
"sim_71",4
"sim_71",4
"sim_71",4
"sim_71",4
"sim_71",4
"sim_71",4
"sim_71",4
"sim_71",4
"sim_71",4
"sim_71",4
"sim_71",4
"sim_71",4
"sim_71",4
"sim_71",4
"sim_71",4
"sim_71",4
"sim_71",4
"sim_71",4
"sim_71",4
"sim_71",4
"sim_71",4
"sim_71",4
"sim_71",4
"sim_71",4
"sim_71",4
"sim_71",4
"sim_71",4
"sim_71",4
"sim_71",4
"sim_71",4
"sim_71",4
"sim_71",4
"sim_71",4
"sim_71",4
"sim_71",4
"sim_71",4
"sim_71",4
"sim_71",4
"sim_71",4
"sim_71",4
"sim_71",4
"sim_71",4
"sim_71",4
"sim_71",4
"sim_71",4
"sim_71",4
"sim_71",4
"sim_71",4
"sim_71",4
"sim_71",4
"sim_71",4
"sim_71",4
"sim_71",4
"sim_71",4
"sim_71",4
"sim_71",4
"sim_71",4
"sim_71",4
"sim_71",4
"sim_71",4
"sim_71",4
"sim_71",4
"sim_71",4
"sim_71",4
"sim_71",4
"sim_71",4
"sim_71",4
"sim_71",4
"sim_71",4
"sim_71",4
"sim_71",4
"sim_71",4
"sim_71",4
"sim_71",4
"sim_71",4
"sim_71",4
"sim_71",4
"sim_71",4
"sim_71",4
"sim_71",4
"sim_71",4
"sim_71",4
"sim_71",4
"sim_71",4
"sim_71",4
"sim_71",4
"sim_71",4
"sim_71",4
"sim_71",4
"sim_71",4
"sim_71",4
"sim_71",4
"sim_71",4
"sim_71",4
"sim_71",4
"sim_71",4
"sim_71",4
"sim_71",4
"sim_71",4
"sim_71",4
"sim_71",4
"sim_71",4
"sim_71",4
"sim_71",4
"sim_71",4
"sim_71",4
"sim_71",4
"sim_71",4
"sim_71",4
"sim_71",4
"sim_71",4
"sim_71",4
"sim_71",4
"sim_71",4
"sim_71",4
"sim_71",4
"sim_71",4
"sim_71",4
"sim_71",4
"sim_71",4
"sim_71",4
"sim_71",4
"sim_71",4
"sim_71",4
"sim_71",4
"sim_71",4
"sim_71",4
"sim_71",4
"sim_71",4
"sim_71",4
"sim_71",4
"sim_71",4
"sim_71",4
"sim_71",4
"sim_71",4
"sim_71",4
"sim_71",4
"sim_71",4
"sim_71",4
"sim_71",5
"sim_71",5
"sim_71",5
"sim_71",5
"sim_71",5
"sim_71",5
"sim_71",5
"sim_71",5
"sim_71",5
"sim_71",5
"sim_71",5
"sim_71",5
"sim_71",5
"sim_71",5
"sim_71",5
"sim_71",5
"sim_71",5
"sim_71",5
"sim_71",5
"sim_71",5
"sim_71",5
"sim_71",5
"sim_71",5
"sim_71",5
"sim_71",5
"sim_71",5
"sim_71",5
"sim_71",5
"sim_71",5
"sim_71",5
"sim_71",5
"sim_71",5
"sim_71",5
"sim_71",5
"sim_71",5
"sim_71",5
"sim_71",5
"sim_71",5
"sim_71",5
"sim_71",5
"sim_71",5
"sim_71",5
"sim_71",5
"sim_71",5
"sim_71",5
"sim_71",5
"sim_71",5
"sim_71",5
"sim_71",5
"sim_71",5
"sim_71",5
"sim_71",5
"sim_71",5
"sim_71",5
"sim_71",5
"sim_71",5
"sim_71",5
"sim_71",5
"sim_71",5
"sim_71",5
"sim_71",5
"sim_71",5
"sim_71",5
"sim_71",5
"sim_71",5
"sim_71",5
"sim_71",5
"sim_71",5
"sim_71",5
"sim_71",5
"sim_71",5
"sim_71",5
"sim_71",5
"sim_71",5
"sim_71",5
"sim_71",5
"sim_71",5
"sim_71",5
"sim_71",5
"sim_71",5
"sim_71",5
"sim_71",5
"sim_71",5
"sim_71",5
"sim_71",5
"sim_71",5
"sim_71",5
"sim_71",5
"sim_71",5
"sim_71",5
"sim_71",5
"sim_71",5
"sim_71",5
"sim_71",5
"sim_71",5
"sim_71",5
"sim_71",5
"sim_71",5
"sim_71",6
"sim_71",6
"sim_71",6
"sim_71",6
"sim_71",6
"sim_71",6
"sim_71",6
"sim_71",6
"sim_71",6
"sim_71",6
"sim_71",6
"sim_71",6
"sim_71",6
"sim_71",6
"sim_71",6
"sim_71",6
"sim_71",6
"sim_71",6
"sim_71",6
"sim_71",6
"sim_71",6
"sim_71",6
"sim_71",6
"sim_71",6
"sim_71",6
"sim_71",6
"sim_71",6
"sim_71",6
"sim_71",6
"sim_71",6
"sim_71",6
"sim_71",6
"sim_71",6
"sim_71",6
"sim_71",7
"sim_71",7
"sim_71",7
"sim_71",7
"sim_71",7
"sim_71",7
"sim_71",7
"sim_71",7
"sim_71",7
"sim_71",7
"sim_71",7
"sim_71",7
"sim_71",7
"sim_71",7
"sim_71",7
"sim_71",7
"sim_71",7
"sim_71",7
"sim_71",7
"sim_71",7
"sim_71",7
"sim_71",7
"sim_71",7
"sim_71",7
"sim_71",7
"sim_71",7
"sim_71",8
"sim_71",8
"sim_71",8
"sim_71",8
"sim_71",8
"sim_71",8
"sim_71",8
"sim_71",8
"sim_71",8
"sim_71",8
"sim_71",8
"sim_71",9
"sim_71",10
"sim_71",10
"sim_71",10
"sim_71",10
"sim_71",11
"sim_71",11
"sim_71",11
"sim_71",12
"sim_71",12
"sim_71",12
"sim_71",12
"sim_71",12
"sim_71",12
"sim_71",12
"sim_71",13
"sim_71",13
"sim_71",15
"sim_71",15
"sim_71",15
"sim_71",16
"sim_71",16
"sim_71",17
"sim_71",17
"sim_71",17
"sim_71",17
"sim_71",19
"sim_72",4
"sim_72",4
"sim_72",4
"sim_72",4
"sim_72",4
"sim_72",4
"sim_72",4
"sim_72",4
"sim_72",4
"sim_72",4
"sim_72",4
"sim_72",4
"sim_72",4
"sim_72",4
"sim_72",4
"sim_72",4
"sim_72",4
"sim_72",4
"sim_72",4
"sim_72",4
"sim_72",4
"sim_72",4
"sim_72",4
"sim_72",4
"sim_72",4
"sim_72",4
"sim_72",4
"sim_72",4
"sim_72",4
"sim_72",4
"sim_72",4
"sim_72",4
"sim_72",4
"sim_72",4
"sim_72",4
"sim_72",4
"sim_72",4
"sim_72",4
"sim_72",4
"sim_72",4
"sim_72",4
"sim_72",4
"sim_72",4
"sim_72",4
"sim_72",4
"sim_72",4
"sim_72",4
"sim_72",4
"sim_72",4
"sim_72",4
"sim_72",4
"sim_72",4
"sim_72",4
"sim_72",4
"sim_72",4
"sim_72",4
"sim_72",4
"sim_72",4
"sim_72",4
"sim_72",4
"sim_72",4
"sim_72",4
"sim_72",4
"sim_72",4
"sim_72",4
"sim_72",4
"sim_72",4
"sim_72",4
"sim_72",4
"sim_72",4
"sim_72",4
"sim_72",4
"sim_72",4
"sim_72",4
"sim_72",4
"sim_72",4
"sim_72",4
"sim_72",4
"sim_72",4
"sim_72",4
"sim_72",4
"sim_72",4
"sim_72",4
"sim_72",4
"sim_72",4
"sim_72",4
"sim_72",4
"sim_72",4
"sim_72",4
"sim_72",4
"sim_72",4
"sim_72",4
"sim_72",4
"sim_72",4
"sim_72",4
"sim_72",4
"sim_72",4
"sim_72",4
"sim_72",4
"sim_72",4
"sim_72",4
"sim_72",4
"sim_72",4
"sim_72",4
"sim_72",4
"sim_72",4
"sim_72",4
"sim_72",4
"sim_72",4
"sim_72",4
"sim_72",4
"sim_72",4
"sim_72",4
"sim_72",4
"sim_72",4
"sim_72",4
"sim_72",4
"sim_72",4
"sim_72",4
"sim_72",4
"sim_72",4
"sim_72",4
"sim_72",4
"sim_72",4
"sim_72",4
"sim_72",4
"sim_72",4
"sim_72",4
"sim_72",4
"sim_72",4
"sim_72",4
"sim_72",4
"sim_72",4
"sim_72",4
"sim_72",4
"sim_72",4
"sim_72",4
"sim_72",4
"sim_72",4
"sim_72",4
"sim_72",4
"sim_72",4
"sim_72",4
"sim_72",4
"sim_72",4
"sim_72",4
"sim_72",4
"sim_72",4
"sim_72",4
"sim_72",4
"sim_72",4
"sim_72",4
"sim_72",4
"sim_72",4
"sim_72",4
"sim_72",4
"sim_72",4
"sim_72",4
"sim_72",4
"sim_72",4
"sim_72",4
"sim_72",4
"sim_72",4
"sim_72",4
"sim_72",4
"sim_72",4
"sim_72",4
"sim_72",4
"sim_72",4
"sim_72",4
"sim_72",4
"sim_72",4
"sim_72",4
"sim_72",4
"sim_72",4
"sim_72",4
"sim_72",4
"sim_72",4
"sim_72",4
"sim_72",4
"sim_72",4
"sim_72",4
"sim_72",4
"sim_72",4
"sim_72",4
"sim_72",4
"sim_72",4
"sim_72",4
"sim_72",4
"sim_72",4
"sim_72",4
"sim_72",4
"sim_72",4
"sim_72",4
"sim_72",4
"sim_72",4
"sim_72",4
"sim_72",4
"sim_72",4
"sim_72",4
"sim_72",4
"sim_72",4
"sim_72",4
"sim_72",4
"sim_72",4
"sim_72",4
"sim_72",4
"sim_72",4
"sim_72",4
"sim_72",4
"sim_72",4
"sim_72",4
"sim_72",4
"sim_72",4
"sim_72",4
"sim_72",4
"sim_72",4
"sim_72",4
"sim_72",4
"sim_72",4
"sim_72",4
"sim_72",4
"sim_72",4
"sim_72",4
"sim_72",4
"sim_72",4
"sim_72",4
"sim_72",4
"sim_72",4
"sim_72",4
"sim_72",4
"sim_72",4
"sim_72",4
"sim_72",4
"sim_72",4
"sim_72",4
"sim_72",4
"sim_72",4
"sim_72",4
"sim_72",4
"sim_72",4
"sim_72",4
"sim_72",4
"sim_72",4
"sim_72",4
"sim_72",4
"sim_72",4
"sim_72",4
"sim_72",4
"sim_72",4
"sim_72",4
"sim_72",4
"sim_72",4
"sim_72",4
"sim_72",4
"sim_72",4
"sim_72",4
"sim_72",4
"sim_72",4
"sim_72",4
"sim_72",4
"sim_72",4
"sim_72",4
"sim_72",4
"sim_72",4
"sim_72",4
"sim_72",4
"sim_72",4
"sim_72",4
"sim_72",4
"sim_72",4
"sim_72",4
"sim_72",4
"sim_72",4
"sim_72",4
"sim_72",4
"sim_72",4
"sim_72",4
"sim_72",4
"sim_72",4
"sim_72",4
"sim_72",4
"sim_72",4
"sim_72",4
"sim_72",4
"sim_72",4
"sim_72",4
"sim_72",4
"sim_72",4
"sim_72",4
"sim_72",4
"sim_72",4
"sim_72",4
"sim_72",4
"sim_72",4
"sim_72",4
"sim_72",4
"sim_72",4
"sim_72",4
"sim_72",4
"sim_72",4
"sim_72",4
"sim_72",4
"sim_72",4
"sim_72",4
"sim_72",4
"sim_72",4
"sim_72",4
"sim_72",4
"sim_72",4
"sim_72",4
"sim_72",4
"sim_72",4
"sim_72",4
"sim_72",4
"sim_72",4
"sim_72",4
"sim_72",4
"sim_72",4
"sim_72",4
"sim_72",4
"sim_72",4
"sim_72",4
"sim_72",4
"sim_72",4
"sim_72",4
"sim_72",4
"sim_72",4
"sim_72",4
"sim_72",4
"sim_72",4
"sim_72",4
"sim_72",4
"sim_72",4
"sim_72",4
"sim_72",4
"sim_72",4
"sim_72",4
"sim_72",4
"sim_72",4
"sim_72",4
"sim_72",4
"sim_72",4
"sim_72",4
"sim_72",4
"sim_72",4
"sim_72",4
"sim_72",4
"sim_72",4
"sim_72",4
"sim_72",4
"sim_72",4
"sim_72",4
"sim_72",4
"sim_72",4
"sim_72",4
"sim_72",4
"sim_72",4
"sim_72",4
"sim_72",4
"sim_72",4
"sim_72",4
"sim_72",4
"sim_72",4
"sim_72",4
"sim_72",4
"sim_72",4
"sim_72",5
"sim_72",5
"sim_72",5
"sim_72",5
"sim_72",5
"sim_72",5
"sim_72",5
"sim_72",5
"sim_72",5
"sim_72",5
"sim_72",5
"sim_72",5
"sim_72",5
"sim_72",5
"sim_72",5
"sim_72",5
"sim_72",5
"sim_72",5
"sim_72",5
"sim_72",5
"sim_72",5
"sim_72",5
"sim_72",5
"sim_72",5
"sim_72",5
"sim_72",5
"sim_72",5
"sim_72",5
"sim_72",5
"sim_72",5
"sim_72",5
"sim_72",5
"sim_72",5
"sim_72",5
"sim_72",5
"sim_72",5
"sim_72",5
"sim_72",5
"sim_72",5
"sim_72",5
"sim_72",5
"sim_72",5
"sim_72",5
"sim_72",5
"sim_72",5
"sim_72",5
"sim_72",5
"sim_72",5
"sim_72",5
"sim_72",5
"sim_72",5
"sim_72",5
"sim_72",5
"sim_72",5
"sim_72",5
"sim_72",5
"sim_72",5
"sim_72",5
"sim_72",5
"sim_72",5
"sim_72",5
"sim_72",5
"sim_72",5
"sim_72",5
"sim_72",5
"sim_72",5
"sim_72",5
"sim_72",5
"sim_72",5
"sim_72",5
"sim_72",5
"sim_72",5
"sim_72",5
"sim_72",5
"sim_72",5
"sim_72",5
"sim_72",5
"sim_72",5
"sim_72",5
"sim_72",5
"sim_72",5
"sim_72",5
"sim_72",5
"sim_72",5
"sim_72",5
"sim_72",5
"sim_72",5
"sim_72",5
"sim_72",5
"sim_72",5
"sim_72",5
"sim_72",5
"sim_72",5
"sim_72",5
"sim_72",5
"sim_72",5
"sim_72",5
"sim_72",5
"sim_72",5
"sim_72",5
"sim_72",6
"sim_72",6
"sim_72",6
"sim_72",6
"sim_72",6
"sim_72",6
"sim_72",6
"sim_72",6
"sim_72",6
"sim_72",6
"sim_72",6
"sim_72",6
"sim_72",6
"sim_72",6
"sim_72",6
"sim_72",6
"sim_72",6
"sim_72",6
"sim_72",6
"sim_72",6
"sim_72",6
"sim_72",6
"sim_72",6
"sim_72",6
"sim_72",6
"sim_72",6
"sim_72",6
"sim_72",6
"sim_72",6
"sim_72",6
"sim_72",6
"sim_72",6
"sim_72",6
"sim_72",6
"sim_72",6
"sim_72",6
"sim_72",6
"sim_72",6
"sim_72",6
"sim_72",6
"sim_72",6
"sim_72",6
"sim_72",6
"sim_72",6
"sim_72",6
"sim_72",6
"sim_72",6
"sim_72",6
"sim_72",6
"sim_72",6
"sim_72",6
"sim_72",7
"sim_72",7
"sim_72",7
"sim_72",7
"sim_72",7
"sim_72",7
"sim_72",7
"sim_72",7
"sim_72",7
"sim_72",7
"sim_72",7
"sim_72",7
"sim_72",7
"sim_72",7
"sim_72",7
"sim_72",7
"sim_72",7
"sim_72",7
"sim_72",7
"sim_72",7
"sim_72",7
"sim_72",7
"sim_72",7
"sim_72",7
"sim_72",8
"sim_72",8
"sim_72",8
"sim_72",8
"sim_72",8
"sim_72",8
"sim_72",8
"sim_72",8
"sim_72",8
"sim_72",8
"sim_72",8
"sim_72",9
"sim_72",9
"sim_72",9
"sim_72",10
"sim_72",10
"sim_72",11
"sim_72",11
"sim_72",12
"sim_72",12
"sim_72",12
"sim_72",13
"sim_72",13
"sim_72",15
"sim_73",4
"sim_73",4
"sim_73",4
"sim_73",4
"sim_73",4
"sim_73",4
"sim_73",4
"sim_73",4
"sim_73",4
"sim_73",4
"sim_73",4
"sim_73",4
"sim_73",4
"sim_73",4
"sim_73",4
"sim_73",4
"sim_73",4
"sim_73",4
"sim_73",4
"sim_73",4
"sim_73",4
"sim_73",4
"sim_73",4
"sim_73",4
"sim_73",4
"sim_73",4
"sim_73",4
"sim_73",4
"sim_73",4
"sim_73",4
"sim_73",4
"sim_73",4
"sim_73",4
"sim_73",4
"sim_73",4
"sim_73",4
"sim_73",4
"sim_73",4
"sim_73",4
"sim_73",4
"sim_73",4
"sim_73",4
"sim_73",4
"sim_73",4
"sim_73",4
"sim_73",4
"sim_73",4
"sim_73",4
"sim_73",4
"sim_73",4
"sim_73",4
"sim_73",4
"sim_73",4
"sim_73",4
"sim_73",4
"sim_73",4
"sim_73",4
"sim_73",4
"sim_73",4
"sim_73",4
"sim_73",4
"sim_73",4
"sim_73",4
"sim_73",4
"sim_73",4
"sim_73",4
"sim_73",4
"sim_73",4
"sim_73",4
"sim_73",4
"sim_73",4
"sim_73",4
"sim_73",4
"sim_73",4
"sim_73",4
"sim_73",4
"sim_73",4
"sim_73",4
"sim_73",4
"sim_73",4
"sim_73",4
"sim_73",4
"sim_73",4
"sim_73",4
"sim_73",4
"sim_73",4
"sim_73",4
"sim_73",4
"sim_73",4
"sim_73",4
"sim_73",4
"sim_73",4
"sim_73",4
"sim_73",4
"sim_73",4
"sim_73",4
"sim_73",4
"sim_73",4
"sim_73",4
"sim_73",4
"sim_73",4
"sim_73",4
"sim_73",4
"sim_73",4
"sim_73",4
"sim_73",4
"sim_73",4
"sim_73",4
"sim_73",4
"sim_73",4
"sim_73",4
"sim_73",4
"sim_73",4
"sim_73",4
"sim_73",4
"sim_73",4
"sim_73",4
"sim_73",4
"sim_73",4
"sim_73",4
"sim_73",4
"sim_73",4
"sim_73",4
"sim_73",4
"sim_73",4
"sim_73",4
"sim_73",4
"sim_73",4
"sim_73",4
"sim_73",4
"sim_73",4
"sim_73",4
"sim_73",4
"sim_73",4
"sim_73",4
"sim_73",4
"sim_73",4
"sim_73",4
"sim_73",4
"sim_73",4
"sim_73",4
"sim_73",4
"sim_73",4
"sim_73",4
"sim_73",4
"sim_73",4
"sim_73",4
"sim_73",4
"sim_73",4
"sim_73",4
"sim_73",4
"sim_73",4
"sim_73",4
"sim_73",4
"sim_73",4
"sim_73",4
"sim_73",4
"sim_73",4
"sim_73",4
"sim_73",4
"sim_73",4
"sim_73",4
"sim_73",4
"sim_73",4
"sim_73",4
"sim_73",4
"sim_73",4
"sim_73",4
"sim_73",4
"sim_73",4
"sim_73",4
"sim_73",4
"sim_73",4
"sim_73",4
"sim_73",4
"sim_73",4
"sim_73",4
"sim_73",4
"sim_73",4
"sim_73",4
"sim_73",4
"sim_73",4
"sim_73",4
"sim_73",4
"sim_73",4
"sim_73",4
"sim_73",4
"sim_73",4
"sim_73",4
"sim_73",4
"sim_73",4
"sim_73",4
"sim_73",4
"sim_73",4
"sim_73",4
"sim_73",4
"sim_73",4
"sim_73",4
"sim_73",4
"sim_73",4
"sim_73",4
"sim_73",4
"sim_73",4
"sim_73",4
"sim_73",4
"sim_73",4
"sim_73",4
"sim_73",4
"sim_73",4
"sim_73",4
"sim_73",4
"sim_73",4
"sim_73",4
"sim_73",4
"sim_73",4
"sim_73",4
"sim_73",4
"sim_73",4
"sim_73",4
"sim_73",4
"sim_73",4
"sim_73",4
"sim_73",4
"sim_73",4
"sim_73",4
"sim_73",4
"sim_73",4
"sim_73",4
"sim_73",4
"sim_73",4
"sim_73",4
"sim_73",4
"sim_73",4
"sim_73",4
"sim_73",4
"sim_73",4
"sim_73",4
"sim_73",4
"sim_73",4
"sim_73",4
"sim_73",4
"sim_73",4
"sim_73",4
"sim_73",4
"sim_73",4
"sim_73",4
"sim_73",4
"sim_73",4
"sim_73",4
"sim_73",4
"sim_73",4
"sim_73",4
"sim_73",4
"sim_73",4
"sim_73",4
"sim_73",4
"sim_73",4
"sim_73",4
"sim_73",4
"sim_73",4
"sim_73",4
"sim_73",4
"sim_73",4
"sim_73",4
"sim_73",4
"sim_73",4
"sim_73",4
"sim_73",4
"sim_73",4
"sim_73",4
"sim_73",4
"sim_73",4
"sim_73",4
"sim_73",4
"sim_73",4
"sim_73",4
"sim_73",4
"sim_73",4
"sim_73",4
"sim_73",4
"sim_73",4
"sim_73",4
"sim_73",4
"sim_73",4
"sim_73",4
"sim_73",4
"sim_73",4
"sim_73",4
"sim_73",4
"sim_73",4
"sim_73",4
"sim_73",4
"sim_73",4
"sim_73",4
"sim_73",4
"sim_73",4
"sim_73",4
"sim_73",4
"sim_73",4
"sim_73",4
"sim_73",4
"sim_73",4
"sim_73",4
"sim_73",4
"sim_73",4
"sim_73",4
"sim_73",4
"sim_73",4
"sim_73",4
"sim_73",4
"sim_73",4
"sim_73",4
"sim_73",4
"sim_73",4
"sim_73",4
"sim_73",4
"sim_73",4
"sim_73",4
"sim_73",4
"sim_73",4
"sim_73",4
"sim_73",4
"sim_73",4
"sim_73",4
"sim_73",4
"sim_73",4
"sim_73",4
"sim_73",4
"sim_73",4
"sim_73",4
"sim_73",4
"sim_73",4
"sim_73",4
"sim_73",4
"sim_73",4
"sim_73",4
"sim_73",4
"sim_73",4
"sim_73",4
"sim_73",4
"sim_73",4
"sim_73",4
"sim_73",4
"sim_73",4
"sim_73",4
"sim_73",4
"sim_73",4
"sim_73",4
"sim_73",4
"sim_73",4
"sim_73",4
"sim_73",4
"sim_73",4
"sim_73",4
"sim_73",4
"sim_73",4
"sim_73",4
"sim_73",4
"sim_73",4
"sim_73",4
"sim_73",4
"sim_73",4
"sim_73",4
"sim_73",4
"sim_73",5
"sim_73",5
"sim_73",5
"sim_73",5
"sim_73",5
"sim_73",5
"sim_73",5
"sim_73",5
"sim_73",5
"sim_73",5
"sim_73",5
"sim_73",5
"sim_73",5
"sim_73",5
"sim_73",5
"sim_73",5
"sim_73",5
"sim_73",5
"sim_73",5
"sim_73",5
"sim_73",5
"sim_73",5
"sim_73",5
"sim_73",5
"sim_73",5
"sim_73",5
"sim_73",5
"sim_73",5
"sim_73",5
"sim_73",5
"sim_73",5
"sim_73",5
"sim_73",5
"sim_73",5
"sim_73",5
"sim_73",5
"sim_73",5
"sim_73",5
"sim_73",5
"sim_73",5
"sim_73",5
"sim_73",5
"sim_73",5
"sim_73",5
"sim_73",5
"sim_73",5
"sim_73",5
"sim_73",5
"sim_73",5
"sim_73",5
"sim_73",5
"sim_73",5
"sim_73",5
"sim_73",5
"sim_73",5
"sim_73",5
"sim_73",5
"sim_73",5
"sim_73",5
"sim_73",5
"sim_73",5
"sim_73",5
"sim_73",5
"sim_73",5
"sim_73",5
"sim_73",5
"sim_73",5
"sim_73",5
"sim_73",5
"sim_73",5
"sim_73",5
"sim_73",5
"sim_73",5
"sim_73",5
"sim_73",5
"sim_73",5
"sim_73",5
"sim_73",5
"sim_73",5
"sim_73",5
"sim_73",5
"sim_73",5
"sim_73",5
"sim_73",5
"sim_73",5
"sim_73",5
"sim_73",5
"sim_73",5
"sim_73",6
"sim_73",6
"sim_73",6
"sim_73",6
"sim_73",6
"sim_73",6
"sim_73",6
"sim_73",6
"sim_73",6
"sim_73",6
"sim_73",6
"sim_73",6
"sim_73",6
"sim_73",6
"sim_73",6
"sim_73",6
"sim_73",6
"sim_73",6
"sim_73",6
"sim_73",6
"sim_73",6
"sim_73",6
"sim_73",6
"sim_73",6
"sim_73",6
"sim_73",6
"sim_73",6
"sim_73",6
"sim_73",6
"sim_73",6
"sim_73",6
"sim_73",6
"sim_73",6
"sim_73",6
"sim_73",6
"sim_73",6
"sim_73",6
"sim_73",6
"sim_73",6
"sim_73",6
"sim_73",6
"sim_73",6
"sim_73",6
"sim_73",6
"sim_73",6
"sim_73",6
"sim_73",6
"sim_73",6
"sim_73",6
"sim_73",7
"sim_73",7
"sim_73",7
"sim_73",7
"sim_73",7
"sim_73",7
"sim_73",7
"sim_73",7
"sim_73",7
"sim_73",7
"sim_73",7
"sim_73",7
"sim_73",7
"sim_73",7
"sim_73",7
"sim_73",7
"sim_73",7
"sim_73",7
"sim_73",7
"sim_73",7
"sim_73",7
"sim_73",7
"sim_73",7
"sim_73",7
"sim_73",7
"sim_73",7
"sim_73",7
"sim_73",7
"sim_73",7
"sim_73",7
"sim_73",8
"sim_73",8
"sim_73",8
"sim_73",8
"sim_73",8
"sim_73",8
"sim_73",8
"sim_73",8
"sim_73",8
"sim_73",8
"sim_73",8
"sim_73",9
"sim_73",9
"sim_73",9
"sim_73",9
"sim_73",9
"sim_73",9
"sim_73",10
"sim_73",10
"sim_73",10
"sim_73",10
"sim_73",10
"sim_73",10
"sim_73",10
"sim_73",10
"sim_73",10
"sim_73",11
"sim_73",11
"sim_73",11
"sim_73",11
"sim_73",11
"sim_73",11
"sim_73",11
"sim_73",11
"sim_73",12
"sim_74",4
"sim_74",4
"sim_74",4
"sim_74",4
"sim_74",4
"sim_74",4
"sim_74",4
"sim_74",4
"sim_74",4
"sim_74",4
"sim_74",4
"sim_74",4
"sim_74",4
"sim_74",4
"sim_74",4
"sim_74",4
"sim_74",4
"sim_74",4
"sim_74",4
"sim_74",4
"sim_74",4
"sim_74",4
"sim_74",4
"sim_74",4
"sim_74",4
"sim_74",4
"sim_74",4
"sim_74",4
"sim_74",4
"sim_74",4
"sim_74",4
"sim_74",4
"sim_74",4
"sim_74",4
"sim_74",4
"sim_74",4
"sim_74",4
"sim_74",4
"sim_74",4
"sim_74",4
"sim_74",4
"sim_74",4
"sim_74",4
"sim_74",4
"sim_74",4
"sim_74",4
"sim_74",4
"sim_74",4
"sim_74",4
"sim_74",4
"sim_74",4
"sim_74",4
"sim_74",4
"sim_74",4
"sim_74",4
"sim_74",4
"sim_74",4
"sim_74",4
"sim_74",4
"sim_74",4
"sim_74",4
"sim_74",4
"sim_74",4
"sim_74",4
"sim_74",4
"sim_74",4
"sim_74",4
"sim_74",4
"sim_74",4
"sim_74",4
"sim_74",4
"sim_74",4
"sim_74",4
"sim_74",4
"sim_74",4
"sim_74",4
"sim_74",4
"sim_74",4
"sim_74",4
"sim_74",4
"sim_74",4
"sim_74",4
"sim_74",4
"sim_74",4
"sim_74",4
"sim_74",4
"sim_74",4
"sim_74",4
"sim_74",4
"sim_74",4
"sim_74",4
"sim_74",4
"sim_74",4
"sim_74",4
"sim_74",4
"sim_74",4
"sim_74",4
"sim_74",4
"sim_74",4
"sim_74",4
"sim_74",4
"sim_74",4
"sim_74",4
"sim_74",4
"sim_74",4
"sim_74",4
"sim_74",4
"sim_74",4
"sim_74",4
"sim_74",4
"sim_74",4
"sim_74",4
"sim_74",4
"sim_74",4
"sim_74",4
"sim_74",4
"sim_74",4
"sim_74",4
"sim_74",4
"sim_74",4
"sim_74",4
"sim_74",4
"sim_74",4
"sim_74",4
"sim_74",4
"sim_74",4
"sim_74",4
"sim_74",4
"sim_74",4
"sim_74",4
"sim_74",4
"sim_74",4
"sim_74",4
"sim_74",4
"sim_74",4
"sim_74",4
"sim_74",4
"sim_74",4
"sim_74",4
"sim_74",4
"sim_74",4
"sim_74",4
"sim_74",4
"sim_74",4
"sim_74",4
"sim_74",4
"sim_74",4
"sim_74",4
"sim_74",4
"sim_74",4
"sim_74",4
"sim_74",4
"sim_74",4
"sim_74",4
"sim_74",4
"sim_74",4
"sim_74",4
"sim_74",4
"sim_74",4
"sim_74",4
"sim_74",4
"sim_74",4
"sim_74",4
"sim_74",4
"sim_74",4
"sim_74",4
"sim_74",4
"sim_74",4
"sim_74",4
"sim_74",4
"sim_74",4
"sim_74",4
"sim_74",4
"sim_74",4
"sim_74",4
"sim_74",4
"sim_74",4
"sim_74",4
"sim_74",4
"sim_74",4
"sim_74",4
"sim_74",4
"sim_74",4
"sim_74",4
"sim_74",4
"sim_74",4
"sim_74",4
"sim_74",4
"sim_74",4
"sim_74",4
"sim_74",4
"sim_74",4
"sim_74",4
"sim_74",4
"sim_74",4
"sim_74",4
"sim_74",4
"sim_74",4
"sim_74",4
"sim_74",4
"sim_74",4
"sim_74",4
"sim_74",4
"sim_74",4
"sim_74",4
"sim_74",4
"sim_74",4
"sim_74",4
"sim_74",4
"sim_74",4
"sim_74",4
"sim_74",4
"sim_74",4
"sim_74",4
"sim_74",4
"sim_74",4
"sim_74",4
"sim_74",4
"sim_74",4
"sim_74",4
"sim_74",4
"sim_74",4
"sim_74",4
"sim_74",4
"sim_74",4
"sim_74",4
"sim_74",4
"sim_74",4
"sim_74",4
"sim_74",4
"sim_74",4
"sim_74",4
"sim_74",4
"sim_74",4
"sim_74",4
"sim_74",4
"sim_74",4
"sim_74",4
"sim_74",4
"sim_74",4
"sim_74",4
"sim_74",4
"sim_74",4
"sim_74",4
"sim_74",4
"sim_74",4
"sim_74",4
"sim_74",4
"sim_74",4
"sim_74",4
"sim_74",4
"sim_74",4
"sim_74",4
"sim_74",4
"sim_74",4
"sim_74",4
"sim_74",4
"sim_74",4
"sim_74",4
"sim_74",4
"sim_74",4
"sim_74",4
"sim_74",4
"sim_74",4
"sim_74",4
"sim_74",4
"sim_74",4
"sim_74",4
"sim_74",4
"sim_74",4
"sim_74",4
"sim_74",4
"sim_74",4
"sim_74",4
"sim_74",4
"sim_74",4
"sim_74",4
"sim_74",4
"sim_74",4
"sim_74",4
"sim_74",4
"sim_74",4
"sim_74",4
"sim_74",4
"sim_74",4
"sim_74",4
"sim_74",4
"sim_74",4
"sim_74",4
"sim_74",4
"sim_74",4
"sim_74",4
"sim_74",4
"sim_74",4
"sim_74",4
"sim_74",4
"sim_74",4
"sim_74",4
"sim_74",4
"sim_74",4
"sim_74",4
"sim_74",4
"sim_74",4
"sim_74",4
"sim_74",4
"sim_74",4
"sim_74",4
"sim_74",4
"sim_74",4
"sim_74",4
"sim_74",4
"sim_74",4
"sim_74",4
"sim_74",4
"sim_74",4
"sim_74",4
"sim_74",4
"sim_74",4
"sim_74",4
"sim_74",4
"sim_74",4
"sim_74",4
"sim_74",4
"sim_74",4
"sim_74",4
"sim_74",4
"sim_74",4
"sim_74",4
"sim_74",4
"sim_74",4
"sim_74",4
"sim_74",4
"sim_74",4
"sim_74",4
"sim_74",4
"sim_74",4
"sim_74",4
"sim_74",4
"sim_74",4
"sim_74",4
"sim_74",4
"sim_74",4
"sim_74",4
"sim_74",4
"sim_74",4
"sim_74",4
"sim_74",4
"sim_74",4
"sim_74",4
"sim_74",4
"sim_74",4
"sim_74",4
"sim_74",4
"sim_74",4
"sim_74",4
"sim_74",4
"sim_74",4
"sim_74",4
"sim_74",4
"sim_74",4
"sim_74",4
"sim_74",4
"sim_74",4
"sim_74",4
"sim_74",4
"sim_74",4
"sim_74",4
"sim_74",4
"sim_74",4
"sim_74",4
"sim_74",4
"sim_74",4
"sim_74",4
"sim_74",4
"sim_74",4
"sim_74",4
"sim_74",4
"sim_74",4
"sim_74",4
"sim_74",4
"sim_74",4
"sim_74",4
"sim_74",4
"sim_74",4
"sim_74",5
"sim_74",5
"sim_74",5
"sim_74",5
"sim_74",5
"sim_74",5
"sim_74",5
"sim_74",5
"sim_74",5
"sim_74",5
"sim_74",5
"sim_74",5
"sim_74",5
"sim_74",5
"sim_74",5
"sim_74",5
"sim_74",5
"sim_74",5
"sim_74",5
"sim_74",5
"sim_74",5
"sim_74",5
"sim_74",5
"sim_74",5
"sim_74",5
"sim_74",5
"sim_74",5
"sim_74",5
"sim_74",5
"sim_74",5
"sim_74",5
"sim_74",5
"sim_74",5
"sim_74",5
"sim_74",5
"sim_74",5
"sim_74",5
"sim_74",5
"sim_74",5
"sim_74",5
"sim_74",5
"sim_74",5
"sim_74",5
"sim_74",5
"sim_74",5
"sim_74",5
"sim_74",5
"sim_74",5
"sim_74",5
"sim_74",5
"sim_74",5
"sim_74",5
"sim_74",5
"sim_74",5
"sim_74",5
"sim_74",5
"sim_74",5
"sim_74",5
"sim_74",5
"sim_74",5
"sim_74",5
"sim_74",5
"sim_74",5
"sim_74",5
"sim_74",5
"sim_74",5
"sim_74",5
"sim_74",5
"sim_74",5
"sim_74",5
"sim_74",5
"sim_74",5
"sim_74",5
"sim_74",5
"sim_74",5
"sim_74",5
"sim_74",5
"sim_74",5
"sim_74",5
"sim_74",5
"sim_74",5
"sim_74",5
"sim_74",5
"sim_74",5
"sim_74",5
"sim_74",5
"sim_74",5
"sim_74",5
"sim_74",5
"sim_74",5
"sim_74",5
"sim_74",5
"sim_74",5
"sim_74",6
"sim_74",6
"sim_74",6
"sim_74",6
"sim_74",6
"sim_74",6
"sim_74",6
"sim_74",6
"sim_74",6
"sim_74",6
"sim_74",6
"sim_74",6
"sim_74",6
"sim_74",6
"sim_74",6
"sim_74",6
"sim_74",6
"sim_74",6
"sim_74",6
"sim_74",6
"sim_74",6
"sim_74",6
"sim_74",6
"sim_74",6
"sim_74",6
"sim_74",6
"sim_74",6
"sim_74",6
"sim_74",6
"sim_74",6
"sim_74",6
"sim_74",6
"sim_74",6
"sim_74",7
"sim_74",7
"sim_74",7
"sim_74",7
"sim_74",7
"sim_74",7
"sim_74",7
"sim_74",7
"sim_74",7
"sim_74",7
"sim_74",7
"sim_74",7
"sim_74",7
"sim_74",7
"sim_74",7
"sim_74",7
"sim_74",7
"sim_74",7
"sim_74",7
"sim_74",7
"sim_74",7
"sim_74",7
"sim_74",7
"sim_74",7
"sim_74",7
"sim_74",7
"sim_74",7
"sim_74",7
"sim_74",7
"sim_74",7
"sim_74",8
"sim_74",8
"sim_74",9
"sim_74",9
"sim_74",9
"sim_74",9
"sim_74",9
"sim_74",9
"sim_74",9
"sim_74",9
"sim_74",9
"sim_74",9
"sim_74",9
"sim_74",9
"sim_74",9
"sim_74",10
"sim_74",10
"sim_74",10
"sim_74",10
"sim_74",11
"sim_74",11
"sim_74",11
"sim_74",11
"sim_74",11
"sim_74",11
"sim_74",12
"sim_75",4
"sim_75",4
"sim_75",4
"sim_75",4
"sim_75",4
"sim_75",4
"sim_75",4
"sim_75",4
"sim_75",4
"sim_75",4
"sim_75",4
"sim_75",4
"sim_75",4
"sim_75",4
"sim_75",4
"sim_75",4
"sim_75",4
"sim_75",4
"sim_75",4
"sim_75",4
"sim_75",4
"sim_75",4
"sim_75",4
"sim_75",4
"sim_75",4
"sim_75",4
"sim_75",4
"sim_75",4
"sim_75",4
"sim_75",4
"sim_75",4
"sim_75",4
"sim_75",4
"sim_75",4
"sim_75",4
"sim_75",4
"sim_75",4
"sim_75",4
"sim_75",4
"sim_75",4
"sim_75",4
"sim_75",4
"sim_75",4
"sim_75",4
"sim_75",4
"sim_75",4
"sim_75",4
"sim_75",4
"sim_75",4
"sim_75",4
"sim_75",4
"sim_75",4
"sim_75",4
"sim_75",4
"sim_75",4
"sim_75",4
"sim_75",4
"sim_75",4
"sim_75",4
"sim_75",4
"sim_75",4
"sim_75",4
"sim_75",4
"sim_75",4
"sim_75",4
"sim_75",4
"sim_75",4
"sim_75",4
"sim_75",4
"sim_75",4
"sim_75",4
"sim_75",4
"sim_75",4
"sim_75",4
"sim_75",4
"sim_75",4
"sim_75",4
"sim_75",4
"sim_75",4
"sim_75",4
"sim_75",4
"sim_75",4
"sim_75",4
"sim_75",4
"sim_75",4
"sim_75",4
"sim_75",4
"sim_75",4
"sim_75",4
"sim_75",4
"sim_75",4
"sim_75",4
"sim_75",4
"sim_75",4
"sim_75",4
"sim_75",4
"sim_75",4
"sim_75",4
"sim_75",4
"sim_75",4
"sim_75",4
"sim_75",4
"sim_75",4
"sim_75",4
"sim_75",4
"sim_75",4
"sim_75",4
"sim_75",4
"sim_75",4
"sim_75",4
"sim_75",4
"sim_75",4
"sim_75",4
"sim_75",4
"sim_75",4
"sim_75",4
"sim_75",4
"sim_75",4
"sim_75",4
"sim_75",4
"sim_75",4
"sim_75",4
"sim_75",4
"sim_75",4
"sim_75",4
"sim_75",4
"sim_75",4
"sim_75",4
"sim_75",4
"sim_75",4
"sim_75",4
"sim_75",4
"sim_75",4
"sim_75",4
"sim_75",4
"sim_75",4
"sim_75",4
"sim_75",4
"sim_75",4
"sim_75",4
"sim_75",4
"sim_75",4
"sim_75",4
"sim_75",4
"sim_75",4
"sim_75",4
"sim_75",4
"sim_75",4
"sim_75",4
"sim_75",4
"sim_75",4
"sim_75",4
"sim_75",4
"sim_75",4
"sim_75",4
"sim_75",4
"sim_75",4
"sim_75",4
"sim_75",4
"sim_75",4
"sim_75",4
"sim_75",4
"sim_75",4
"sim_75",4
"sim_75",4
"sim_75",4
"sim_75",4
"sim_75",4
"sim_75",4
"sim_75",4
"sim_75",4
"sim_75",4
"sim_75",4
"sim_75",4
"sim_75",4
"sim_75",4
"sim_75",4
"sim_75",4
"sim_75",4
"sim_75",4
"sim_75",4
"sim_75",4
"sim_75",4
"sim_75",4
"sim_75",4
"sim_75",4
"sim_75",4
"sim_75",4
"sim_75",4
"sim_75",4
"sim_75",4
"sim_75",4
"sim_75",4
"sim_75",4
"sim_75",4
"sim_75",4
"sim_75",4
"sim_75",4
"sim_75",4
"sim_75",4
"sim_75",4
"sim_75",4
"sim_75",4
"sim_75",4
"sim_75",4
"sim_75",4
"sim_75",4
"sim_75",4
"sim_75",4
"sim_75",4
"sim_75",4
"sim_75",4
"sim_75",4
"sim_75",4
"sim_75",4
"sim_75",4
"sim_75",4
"sim_75",4
"sim_75",4
"sim_75",4
"sim_75",4
"sim_75",4
"sim_75",4
"sim_75",4
"sim_75",4
"sim_75",4
"sim_75",4
"sim_75",4
"sim_75",4
"sim_75",4
"sim_75",4
"sim_75",4
"sim_75",4
"sim_75",4
"sim_75",4
"sim_75",4
"sim_75",4
"sim_75",4
"sim_75",4
"sim_75",4
"sim_75",4
"sim_75",4
"sim_75",4
"sim_75",4
"sim_75",4
"sim_75",4
"sim_75",4
"sim_75",4
"sim_75",4
"sim_75",4
"sim_75",4
"sim_75",4
"sim_75",4
"sim_75",4
"sim_75",4
"sim_75",4
"sim_75",4
"sim_75",4
"sim_75",4
"sim_75",4
"sim_75",4
"sim_75",4
"sim_75",4
"sim_75",4
"sim_75",4
"sim_75",4
"sim_75",4
"sim_75",4
"sim_75",4
"sim_75",4
"sim_75",4
"sim_75",4
"sim_75",4
"sim_75",4
"sim_75",4
"sim_75",4
"sim_75",4
"sim_75",4
"sim_75",4
"sim_75",4
"sim_75",4
"sim_75",4
"sim_75",4
"sim_75",4
"sim_75",4
"sim_75",4
"sim_75",4
"sim_75",4
"sim_75",4
"sim_75",4
"sim_75",4
"sim_75",4
"sim_75",4
"sim_75",4
"sim_75",4
"sim_75",4
"sim_75",4
"sim_75",4
"sim_75",4
"sim_75",4
"sim_75",4
"sim_75",4
"sim_75",4
"sim_75",4
"sim_75",4
"sim_75",4
"sim_75",4
"sim_75",4
"sim_75",4
"sim_75",4
"sim_75",4
"sim_75",4
"sim_75",4
"sim_75",4
"sim_75",4
"sim_75",4
"sim_75",4
"sim_75",4
"sim_75",4
"sim_75",4
"sim_75",4
"sim_75",4
"sim_75",4
"sim_75",4
"sim_75",4
"sim_75",4
"sim_75",4
"sim_75",4
"sim_75",4
"sim_75",4
"sim_75",4
"sim_75",4
"sim_75",4
"sim_75",4
"sim_75",4
"sim_75",4
"sim_75",4
"sim_75",4
"sim_75",4
"sim_75",4
"sim_75",4
"sim_75",4
"sim_75",4
"sim_75",4
"sim_75",4
"sim_75",4
"sim_75",4
"sim_75",4
"sim_75",4
"sim_75",4
"sim_75",4
"sim_75",4
"sim_75",4
"sim_75",4
"sim_75",4
"sim_75",4
"sim_75",4
"sim_75",4
"sim_75",4
"sim_75",4
"sim_75",4
"sim_75",4
"sim_75",4
"sim_75",4
"sim_75",4
"sim_75",4
"sim_75",4
"sim_75",4
"sim_75",4
"sim_75",4
"sim_75",4
"sim_75",4
"sim_75",4
"sim_75",4
"sim_75",4
"sim_75",5
"sim_75",5
"sim_75",5
"sim_75",5
"sim_75",5
"sim_75",5
"sim_75",5
"sim_75",5
"sim_75",5
"sim_75",5
"sim_75",5
"sim_75",5
"sim_75",5
"sim_75",5
"sim_75",5
"sim_75",5
"sim_75",5
"sim_75",5
"sim_75",5
"sim_75",5
"sim_75",5
"sim_75",5
"sim_75",5
"sim_75",5
"sim_75",5
"sim_75",5
"sim_75",5
"sim_75",5
"sim_75",5
"sim_75",5
"sim_75",5
"sim_75",5
"sim_75",5
"sim_75",5
"sim_75",5
"sim_75",5
"sim_75",5
"sim_75",5
"sim_75",5
"sim_75",5
"sim_75",5
"sim_75",5
"sim_75",5
"sim_75",5
"sim_75",5
"sim_75",5
"sim_75",5
"sim_75",5
"sim_75",5
"sim_75",5
"sim_75",5
"sim_75",5
"sim_75",5
"sim_75",5
"sim_75",5
"sim_75",5
"sim_75",5
"sim_75",5
"sim_75",5
"sim_75",5
"sim_75",5
"sim_75",5
"sim_75",5
"sim_75",5
"sim_75",5
"sim_75",5
"sim_75",5
"sim_75",5
"sim_75",5
"sim_75",5
"sim_75",5
"sim_75",5
"sim_75",5
"sim_75",5
"sim_75",5
"sim_75",5
"sim_75",5
"sim_75",5
"sim_75",5
"sim_75",5
"sim_75",5
"sim_75",5
"sim_75",5
"sim_75",5
"sim_75",5
"sim_75",5
"sim_75",5
"sim_75",5
"sim_75",5
"sim_75",5
"sim_75",5
"sim_75",5
"sim_75",5
"sim_75",5
"sim_75",5
"sim_75",5
"sim_75",5
"sim_75",5
"sim_75",6
"sim_75",6
"sim_75",6
"sim_75",6
"sim_75",6
"sim_75",6
"sim_75",6
"sim_75",6
"sim_75",6
"sim_75",6
"sim_75",6
"sim_75",6
"sim_75",6
"sim_75",6
"sim_75",6
"sim_75",6
"sim_75",6
"sim_75",6
"sim_75",6
"sim_75",6
"sim_75",6
"sim_75",6
"sim_75",6
"sim_75",6
"sim_75",6
"sim_75",6
"sim_75",6
"sim_75",6
"sim_75",6
"sim_75",6
"sim_75",6
"sim_75",6
"sim_75",6
"sim_75",6
"sim_75",6
"sim_75",6
"sim_75",6
"sim_75",6
"sim_75",6
"sim_75",6
"sim_75",6
"sim_75",6
"sim_75",7
"sim_75",7
"sim_75",7
"sim_75",7
"sim_75",7
"sim_75",7
"sim_75",7
"sim_75",7
"sim_75",7
"sim_75",7
"sim_75",7
"sim_75",7
"sim_75",7
"sim_75",7
"sim_75",7
"sim_75",7
"sim_75",7
"sim_75",7
"sim_75",7
"sim_75",8
"sim_75",8
"sim_75",8
"sim_75",8
"sim_75",8
"sim_75",8
"sim_75",8
"sim_75",8
"sim_75",8
"sim_75",8
"sim_75",8
"sim_75",8
"sim_75",8
"sim_75",8
"sim_75",8
"sim_75",9
"sim_75",9
"sim_75",9
"sim_75",9
"sim_75",9
"sim_75",9
"sim_75",9
"sim_75",10
"sim_75",10
"sim_75",10
"sim_75",10
"sim_75",10
"sim_75",10
"sim_75",11
"sim_75",11
"sim_75",12
"sim_75",14
"sim_76",4
"sim_76",4
"sim_76",4
"sim_76",4
"sim_76",4
"sim_76",4
"sim_76",4
"sim_76",4
"sim_76",4
"sim_76",4
"sim_76",4
"sim_76",4
"sim_76",4
"sim_76",4
"sim_76",4
"sim_76",4
"sim_76",4
"sim_76",4
"sim_76",4
"sim_76",4
"sim_76",4
"sim_76",4
"sim_76",4
"sim_76",4
"sim_76",4
"sim_76",4
"sim_76",4
"sim_76",4
"sim_76",4
"sim_76",4
"sim_76",4
"sim_76",4
"sim_76",4
"sim_76",4
"sim_76",4
"sim_76",4
"sim_76",4
"sim_76",4
"sim_76",4
"sim_76",4
"sim_76",4
"sim_76",4
"sim_76",4
"sim_76",4
"sim_76",4
"sim_76",4
"sim_76",4
"sim_76",4
"sim_76",4
"sim_76",4
"sim_76",4
"sim_76",4
"sim_76",4
"sim_76",4
"sim_76",4
"sim_76",4
"sim_76",4
"sim_76",4
"sim_76",4
"sim_76",4
"sim_76",4
"sim_76",4
"sim_76",4
"sim_76",4
"sim_76",4
"sim_76",4
"sim_76",4
"sim_76",4
"sim_76",4
"sim_76",4
"sim_76",4
"sim_76",4
"sim_76",4
"sim_76",4
"sim_76",4
"sim_76",4
"sim_76",4
"sim_76",4
"sim_76",4
"sim_76",4
"sim_76",4
"sim_76",4
"sim_76",4
"sim_76",4
"sim_76",4
"sim_76",4
"sim_76",4
"sim_76",4
"sim_76",4
"sim_76",4
"sim_76",4
"sim_76",4
"sim_76",4
"sim_76",4
"sim_76",4
"sim_76",4
"sim_76",4
"sim_76",4
"sim_76",4
"sim_76",4
"sim_76",4
"sim_76",4
"sim_76",4
"sim_76",4
"sim_76",4
"sim_76",4
"sim_76",4
"sim_76",4
"sim_76",4
"sim_76",4
"sim_76",4
"sim_76",4
"sim_76",4
"sim_76",4
"sim_76",4
"sim_76",4
"sim_76",4
"sim_76",4
"sim_76",4
"sim_76",4
"sim_76",4
"sim_76",4
"sim_76",4
"sim_76",4
"sim_76",4
"sim_76",4
"sim_76",4
"sim_76",4
"sim_76",4
"sim_76",4
"sim_76",4
"sim_76",4
"sim_76",4
"sim_76",4
"sim_76",4
"sim_76",4
"sim_76",4
"sim_76",4
"sim_76",4
"sim_76",4
"sim_76",4
"sim_76",4
"sim_76",4
"sim_76",4
"sim_76",4
"sim_76",4
"sim_76",4
"sim_76",4
"sim_76",4
"sim_76",4
"sim_76",4
"sim_76",4
"sim_76",4
"sim_76",4
"sim_76",4
"sim_76",4
"sim_76",4
"sim_76",4
"sim_76",4
"sim_76",4
"sim_76",4
"sim_76",4
"sim_76",4
"sim_76",4
"sim_76",4
"sim_76",4
"sim_76",4
"sim_76",4
"sim_76",4
"sim_76",4
"sim_76",4
"sim_76",4
"sim_76",4
"sim_76",4
"sim_76",4
"sim_76",4
"sim_76",4
"sim_76",4
"sim_76",4
"sim_76",4
"sim_76",4
"sim_76",4
"sim_76",4
"sim_76",4
"sim_76",4
"sim_76",4
"sim_76",4
"sim_76",4
"sim_76",4
"sim_76",4
"sim_76",4
"sim_76",4
"sim_76",4
"sim_76",4
"sim_76",4
"sim_76",4
"sim_76",4
"sim_76",4
"sim_76",4
"sim_76",4
"sim_76",4
"sim_76",4
"sim_76",4
"sim_76",4
"sim_76",4
"sim_76",4
"sim_76",4
"sim_76",4
"sim_76",4
"sim_76",4
"sim_76",4
"sim_76",4
"sim_76",4
"sim_76",4
"sim_76",4
"sim_76",4
"sim_76",4
"sim_76",4
"sim_76",4
"sim_76",4
"sim_76",4
"sim_76",4
"sim_76",4
"sim_76",4
"sim_76",4
"sim_76",4
"sim_76",4
"sim_76",4
"sim_76",4
"sim_76",4
"sim_76",4
"sim_76",4
"sim_76",4
"sim_76",4
"sim_76",4
"sim_76",4
"sim_76",4
"sim_76",4
"sim_76",4
"sim_76",4
"sim_76",4
"sim_76",4
"sim_76",4
"sim_76",4
"sim_76",4
"sim_76",4
"sim_76",4
"sim_76",4
"sim_76",4
"sim_76",4
"sim_76",4
"sim_76",4
"sim_76",4
"sim_76",4
"sim_76",4
"sim_76",4
"sim_76",4
"sim_76",4
"sim_76",4
"sim_76",4
"sim_76",4
"sim_76",4
"sim_76",4
"sim_76",4
"sim_76",4
"sim_76",4
"sim_76",4
"sim_76",4
"sim_76",4
"sim_76",4
"sim_76",4
"sim_76",4
"sim_76",4
"sim_76",4
"sim_76",4
"sim_76",4
"sim_76",4
"sim_76",4
"sim_76",4
"sim_76",4
"sim_76",4
"sim_76",4
"sim_76",4
"sim_76",4
"sim_76",4
"sim_76",4
"sim_76",4
"sim_76",4
"sim_76",4
"sim_76",4
"sim_76",4
"sim_76",4
"sim_76",4
"sim_76",4
"sim_76",4
"sim_76",4
"sim_76",4
"sim_76",4
"sim_76",4
"sim_76",4
"sim_76",4
"sim_76",4
"sim_76",4
"sim_76",4
"sim_76",4
"sim_76",4
"sim_76",4
"sim_76",4
"sim_76",4
"sim_76",4
"sim_76",4
"sim_76",4
"sim_76",4
"sim_76",4
"sim_76",4
"sim_76",4
"sim_76",4
"sim_76",4
"sim_76",4
"sim_76",4
"sim_76",4
"sim_76",4
"sim_76",4
"sim_76",4
"sim_76",4
"sim_76",4
"sim_76",4
"sim_76",4
"sim_76",4
"sim_76",4
"sim_76",4
"sim_76",4
"sim_76",4
"sim_76",4
"sim_76",4
"sim_76",4
"sim_76",4
"sim_76",4
"sim_76",4
"sim_76",4
"sim_76",4
"sim_76",4
"sim_76",4
"sim_76",4
"sim_76",4
"sim_76",4
"sim_76",4
"sim_76",4
"sim_76",4
"sim_76",4
"sim_76",4
"sim_76",4
"sim_76",4
"sim_76",4
"sim_76",4
"sim_76",4
"sim_76",4
"sim_76",4
"sim_76",4
"sim_76",4
"sim_76",4
"sim_76",4
"sim_76",4
"sim_76",4
"sim_76",4
"sim_76",4
"sim_76",4
"sim_76",4
"sim_76",4
"sim_76",4
"sim_76",5
"sim_76",5
"sim_76",5
"sim_76",5
"sim_76",5
"sim_76",5
"sim_76",5
"sim_76",5
"sim_76",5
"sim_76",5
"sim_76",5
"sim_76",5
"sim_76",5
"sim_76",5
"sim_76",5
"sim_76",5
"sim_76",5
"sim_76",5
"sim_76",5
"sim_76",5
"sim_76",5
"sim_76",5
"sim_76",5
"sim_76",5
"sim_76",5
"sim_76",5
"sim_76",5
"sim_76",5
"sim_76",5
"sim_76",5
"sim_76",5
"sim_76",5
"sim_76",5
"sim_76",5
"sim_76",5
"sim_76",5
"sim_76",5
"sim_76",5
"sim_76",5
"sim_76",5
"sim_76",5
"sim_76",5
"sim_76",5
"sim_76",5
"sim_76",5
"sim_76",5
"sim_76",5
"sim_76",5
"sim_76",5
"sim_76",5
"sim_76",5
"sim_76",5
"sim_76",5
"sim_76",5
"sim_76",5
"sim_76",5
"sim_76",5
"sim_76",5
"sim_76",5
"sim_76",5
"sim_76",5
"sim_76",5
"sim_76",5
"sim_76",5
"sim_76",5
"sim_76",5
"sim_76",5
"sim_76",5
"sim_76",5
"sim_76",5
"sim_76",5
"sim_76",5
"sim_76",5
"sim_76",5
"sim_76",5
"sim_76",5
"sim_76",5
"sim_76",5
"sim_76",5
"sim_76",5
"sim_76",5
"sim_76",5
"sim_76",5
"sim_76",6
"sim_76",6
"sim_76",6
"sim_76",6
"sim_76",6
"sim_76",6
"sim_76",6
"sim_76",6
"sim_76",6
"sim_76",6
"sim_76",6
"sim_76",6
"sim_76",6
"sim_76",6
"sim_76",6
"sim_76",6
"sim_76",6
"sim_76",6
"sim_76",6
"sim_76",6
"sim_76",6
"sim_76",6
"sim_76",6
"sim_76",6
"sim_76",6
"sim_76",6
"sim_76",6
"sim_76",6
"sim_76",6
"sim_76",6
"sim_76",6
"sim_76",6
"sim_76",6
"sim_76",6
"sim_76",6
"sim_76",6
"sim_76",6
"sim_76",6
"sim_76",6
"sim_76",6
"sim_76",6
"sim_76",6
"sim_76",6
"sim_76",6
"sim_76",6
"sim_76",6
"sim_76",6
"sim_76",6
"sim_76",7
"sim_76",7
"sim_76",7
"sim_76",7
"sim_76",7
"sim_76",7
"sim_76",7
"sim_76",7
"sim_76",7
"sim_76",7
"sim_76",7
"sim_76",7
"sim_76",7
"sim_76",7
"sim_76",7
"sim_76",7
"sim_76",7
"sim_76",7
"sim_76",7
"sim_76",7
"sim_76",7
"sim_76",7
"sim_76",7
"sim_76",7
"sim_76",8
"sim_76",8
"sim_76",8
"sim_76",8
"sim_76",8
"sim_76",8
"sim_76",8
"sim_76",8
"sim_76",8
"sim_76",8
"sim_76",8
"sim_76",8
"sim_76",8
"sim_76",8
"sim_76",8
"sim_76",8
"sim_76",8
"sim_76",8
"sim_76",8
"sim_76",9
"sim_76",9
"sim_76",9
"sim_76",9
"sim_76",9
"sim_76",10
"sim_76",10
"sim_76",10
"sim_76",10
"sim_76",10
"sim_76",10
"sim_76",12
"sim_76",13
"sim_76",13
"sim_76",14
"sim_76",14
"sim_76",14
"sim_76",14
"sim_76",14
"sim_76",14
"sim_76",15
"sim_76",15
"sim_77",4
"sim_77",4
"sim_77",4
"sim_77",4
"sim_77",4
"sim_77",4
"sim_77",4
"sim_77",4
"sim_77",4
"sim_77",4
"sim_77",4
"sim_77",4
"sim_77",4
"sim_77",4
"sim_77",4
"sim_77",4
"sim_77",4
"sim_77",4
"sim_77",4
"sim_77",4
"sim_77",4
"sim_77",4
"sim_77",4
"sim_77",4
"sim_77",4
"sim_77",4
"sim_77",4
"sim_77",4
"sim_77",4
"sim_77",4
"sim_77",4
"sim_77",4
"sim_77",4
"sim_77",4
"sim_77",4
"sim_77",4
"sim_77",4
"sim_77",4
"sim_77",4
"sim_77",4
"sim_77",4
"sim_77",4
"sim_77",4
"sim_77",4
"sim_77",4
"sim_77",4
"sim_77",4
"sim_77",4
"sim_77",4
"sim_77",4
"sim_77",4
"sim_77",4
"sim_77",4
"sim_77",4
"sim_77",4
"sim_77",4
"sim_77",4
"sim_77",4
"sim_77",4
"sim_77",4
"sim_77",4
"sim_77",4
"sim_77",4
"sim_77",4
"sim_77",4
"sim_77",4
"sim_77",4
"sim_77",4
"sim_77",4
"sim_77",4
"sim_77",4
"sim_77",4
"sim_77",4
"sim_77",4
"sim_77",4
"sim_77",4
"sim_77",4
"sim_77",4
"sim_77",4
"sim_77",4
"sim_77",4
"sim_77",4
"sim_77",4
"sim_77",4
"sim_77",4
"sim_77",4
"sim_77",4
"sim_77",4
"sim_77",4
"sim_77",4
"sim_77",4
"sim_77",4
"sim_77",4
"sim_77",4
"sim_77",4
"sim_77",4
"sim_77",4
"sim_77",4
"sim_77",4
"sim_77",4
"sim_77",4
"sim_77",4
"sim_77",4
"sim_77",4
"sim_77",4
"sim_77",4
"sim_77",4
"sim_77",4
"sim_77",4
"sim_77",4
"sim_77",4
"sim_77",4
"sim_77",4
"sim_77",4
"sim_77",4
"sim_77",4
"sim_77",4
"sim_77",4
"sim_77",4
"sim_77",4
"sim_77",4
"sim_77",4
"sim_77",4
"sim_77",4
"sim_77",4
"sim_77",4
"sim_77",4
"sim_77",4
"sim_77",4
"sim_77",4
"sim_77",4
"sim_77",4
"sim_77",4
"sim_77",4
"sim_77",4
"sim_77",4
"sim_77",4
"sim_77",4
"sim_77",4
"sim_77",4
"sim_77",4
"sim_77",4
"sim_77",4
"sim_77",4
"sim_77",4
"sim_77",4
"sim_77",4
"sim_77",4
"sim_77",4
"sim_77",4
"sim_77",4
"sim_77",4
"sim_77",4
"sim_77",4
"sim_77",4
"sim_77",4
"sim_77",4
"sim_77",4
"sim_77",4
"sim_77",4
"sim_77",4
"sim_77",4
"sim_77",4
"sim_77",4
"sim_77",4
"sim_77",4
"sim_77",4
"sim_77",4
"sim_77",4
"sim_77",4
"sim_77",4
"sim_77",4
"sim_77",4
"sim_77",4
"sim_77",4
"sim_77",4
"sim_77",4
"sim_77",4
"sim_77",4
"sim_77",4
"sim_77",4
"sim_77",4
"sim_77",4
"sim_77",4
"sim_77",4
"sim_77",4
"sim_77",4
"sim_77",4
"sim_77",4
"sim_77",4
"sim_77",4
"sim_77",4
"sim_77",4
"sim_77",4
"sim_77",4
"sim_77",4
"sim_77",4
"sim_77",4
"sim_77",4
"sim_77",4
"sim_77",4
"sim_77",4
"sim_77",4
"sim_77",4
"sim_77",4
"sim_77",4
"sim_77",4
"sim_77",4
"sim_77",4
"sim_77",4
"sim_77",4
"sim_77",4
"sim_77",4
"sim_77",4
"sim_77",4
"sim_77",4
"sim_77",4
"sim_77",4
"sim_77",4
"sim_77",4
"sim_77",4
"sim_77",4
"sim_77",4
"sim_77",4
"sim_77",4
"sim_77",4
"sim_77",4
"sim_77",4
"sim_77",4
"sim_77",4
"sim_77",4
"sim_77",4
"sim_77",4
"sim_77",4
"sim_77",4
"sim_77",4
"sim_77",4
"sim_77",4
"sim_77",4
"sim_77",4
"sim_77",4
"sim_77",4
"sim_77",4
"sim_77",4
"sim_77",4
"sim_77",4
"sim_77",4
"sim_77",4
"sim_77",4
"sim_77",4
"sim_77",4
"sim_77",4
"sim_77",4
"sim_77",4
"sim_77",4
"sim_77",4
"sim_77",4
"sim_77",4
"sim_77",4
"sim_77",4
"sim_77",4
"sim_77",4
"sim_77",4
"sim_77",4
"sim_77",4
"sim_77",4
"sim_77",4
"sim_77",4
"sim_77",4
"sim_77",4
"sim_77",4
"sim_77",4
"sim_77",4
"sim_77",4
"sim_77",4
"sim_77",4
"sim_77",4
"sim_77",4
"sim_77",4
"sim_77",4
"sim_77",4
"sim_77",4
"sim_77",4
"sim_77",4
"sim_77",4
"sim_77",4
"sim_77",4
"sim_77",4
"sim_77",4
"sim_77",4
"sim_77",4
"sim_77",4
"sim_77",4
"sim_77",4
"sim_77",4
"sim_77",4
"sim_77",4
"sim_77",4
"sim_77",4
"sim_77",4
"sim_77",4
"sim_77",4
"sim_77",4
"sim_77",4
"sim_77",4
"sim_77",4
"sim_77",4
"sim_77",4
"sim_77",4
"sim_77",4
"sim_77",4
"sim_77",4
"sim_77",4
"sim_77",4
"sim_77",4
"sim_77",4
"sim_77",4
"sim_77",4
"sim_77",4
"sim_77",4
"sim_77",4
"sim_77",4
"sim_77",4
"sim_77",4
"sim_77",4
"sim_77",4
"sim_77",4
"sim_77",4
"sim_77",4
"sim_77",4
"sim_77",4
"sim_77",4
"sim_77",4
"sim_77",4
"sim_77",4
"sim_77",4
"sim_77",4
"sim_77",4
"sim_77",4
"sim_77",4
"sim_77",4
"sim_77",4
"sim_77",4
"sim_77",4
"sim_77",4
"sim_77",4
"sim_77",4
"sim_77",4
"sim_77",4
"sim_77",4
"sim_77",4
"sim_77",4
"sim_77",4
"sim_77",4
"sim_77",4
"sim_77",4
"sim_77",4
"sim_77",4
"sim_77",4
"sim_77",4
"sim_77",4
"sim_77",4
"sim_77",4
"sim_77",4
"sim_77",4
"sim_77",4
"sim_77",4
"sim_77",4
"sim_77",4
"sim_77",4
"sim_77",4
"sim_77",4
"sim_77",4
"sim_77",4
"sim_77",4
"sim_77",4
"sim_77",4
"sim_77",4
"sim_77",4
"sim_77",4
"sim_77",4
"sim_77",4
"sim_77",4
"sim_77",4
"sim_77",4
"sim_77",4
"sim_77",4
"sim_77",4
"sim_77",4
"sim_77",4
"sim_77",4
"sim_77",4
"sim_77",4
"sim_77",4
"sim_77",4
"sim_77",4
"sim_77",4
"sim_77",5
"sim_77",5
"sim_77",5
"sim_77",5
"sim_77",5
"sim_77",5
"sim_77",5
"sim_77",5
"sim_77",5
"sim_77",5
"sim_77",5
"sim_77",5
"sim_77",5
"sim_77",5
"sim_77",5
"sim_77",5
"sim_77",5
"sim_77",5
"sim_77",5
"sim_77",5
"sim_77",5
"sim_77",5
"sim_77",5
"sim_77",5
"sim_77",5
"sim_77",5
"sim_77",5
"sim_77",5
"sim_77",5
"sim_77",5
"sim_77",5
"sim_77",5
"sim_77",5
"sim_77",5
"sim_77",5
"sim_77",5
"sim_77",5
"sim_77",5
"sim_77",5
"sim_77",5
"sim_77",5
"sim_77",5
"sim_77",5
"sim_77",5
"sim_77",5
"sim_77",5
"sim_77",5
"sim_77",5
"sim_77",5
"sim_77",5
"sim_77",5
"sim_77",5
"sim_77",5
"sim_77",5
"sim_77",5
"sim_77",5
"sim_77",5
"sim_77",5
"sim_77",5
"sim_77",5
"sim_77",5
"sim_77",5
"sim_77",5
"sim_77",5
"sim_77",5
"sim_77",5
"sim_77",5
"sim_77",5
"sim_77",5
"sim_77",5
"sim_77",5
"sim_77",5
"sim_77",5
"sim_77",5
"sim_77",5
"sim_77",5
"sim_77",5
"sim_77",5
"sim_77",5
"sim_77",5
"sim_77",5
"sim_77",5
"sim_77",5
"sim_77",5
"sim_77",5
"sim_77",5
"sim_77",5
"sim_77",5
"sim_77",5
"sim_77",5
"sim_77",5
"sim_77",5
"sim_77",5
"sim_77",5
"sim_77",5
"sim_77",5
"sim_77",6
"sim_77",6
"sim_77",6
"sim_77",6
"sim_77",6
"sim_77",6
"sim_77",6
"sim_77",6
"sim_77",6
"sim_77",6
"sim_77",6
"sim_77",6
"sim_77",6
"sim_77",6
"sim_77",6
"sim_77",6
"sim_77",6
"sim_77",6
"sim_77",6
"sim_77",6
"sim_77",6
"sim_77",6
"sim_77",6
"sim_77",6
"sim_77",6
"sim_77",6
"sim_77",6
"sim_77",6
"sim_77",6
"sim_77",6
"sim_77",6
"sim_77",6
"sim_77",6
"sim_77",6
"sim_77",6
"sim_77",6
"sim_77",6
"sim_77",6
"sim_77",6
"sim_77",7
"sim_77",7
"sim_77",7
"sim_77",7
"sim_77",7
"sim_77",7
"sim_77",7
"sim_77",7
"sim_77",7
"sim_77",7
"sim_77",7
"sim_77",7
"sim_77",7
"sim_77",7
"sim_77",7
"sim_77",7
"sim_77",7
"sim_77",7
"sim_77",7
"sim_77",7
"sim_77",7
"sim_77",7
"sim_77",8
"sim_77",8
"sim_77",8
"sim_77",8
"sim_77",8
"sim_77",8
"sim_77",9
"sim_77",9
"sim_77",9
"sim_77",9
"sim_77",9
"sim_77",9
"sim_78",4
"sim_78",4
"sim_78",4
"sim_78",4
"sim_78",4
"sim_78",4
"sim_78",4
"sim_78",4
"sim_78",4
"sim_78",4
"sim_78",4
"sim_78",4
"sim_78",4
"sim_78",4
"sim_78",4
"sim_78",4
"sim_78",4
"sim_78",4
"sim_78",4
"sim_78",4
"sim_78",4
"sim_78",4
"sim_78",4
"sim_78",4
"sim_78",4
"sim_78",4
"sim_78",4
"sim_78",4
"sim_78",4
"sim_78",4
"sim_78",4
"sim_78",4
"sim_78",4
"sim_78",4
"sim_78",4
"sim_78",4
"sim_78",4
"sim_78",4
"sim_78",4
"sim_78",4
"sim_78",4
"sim_78",4
"sim_78",4
"sim_78",4
"sim_78",4
"sim_78",4
"sim_78",4
"sim_78",4
"sim_78",4
"sim_78",4
"sim_78",4
"sim_78",4
"sim_78",4
"sim_78",4
"sim_78",4
"sim_78",4
"sim_78",4
"sim_78",4
"sim_78",4
"sim_78",4
"sim_78",4
"sim_78",4
"sim_78",4
"sim_78",4
"sim_78",4
"sim_78",4
"sim_78",4
"sim_78",4
"sim_78",4
"sim_78",4
"sim_78",4
"sim_78",4
"sim_78",4
"sim_78",4
"sim_78",4
"sim_78",4
"sim_78",4
"sim_78",4
"sim_78",4
"sim_78",4
"sim_78",4
"sim_78",4
"sim_78",4
"sim_78",4
"sim_78",4
"sim_78",4
"sim_78",4
"sim_78",4
"sim_78",4
"sim_78",4
"sim_78",4
"sim_78",4
"sim_78",4
"sim_78",4
"sim_78",4
"sim_78",4
"sim_78",4
"sim_78",4
"sim_78",4
"sim_78",4
"sim_78",4
"sim_78",4
"sim_78",4
"sim_78",4
"sim_78",4
"sim_78",4
"sim_78",4
"sim_78",4
"sim_78",4
"sim_78",4
"sim_78",4
"sim_78",4
"sim_78",4
"sim_78",4
"sim_78",4
"sim_78",4
"sim_78",4
"sim_78",4
"sim_78",4
"sim_78",4
"sim_78",4
"sim_78",4
"sim_78",4
"sim_78",4
"sim_78",4
"sim_78",4
"sim_78",4
"sim_78",4
"sim_78",4
"sim_78",4
"sim_78",4
"sim_78",4
"sim_78",4
"sim_78",4
"sim_78",4
"sim_78",4
"sim_78",4
"sim_78",4
"sim_78",4
"sim_78",4
"sim_78",4
"sim_78",4
"sim_78",4
"sim_78",4
"sim_78",4
"sim_78",4
"sim_78",4
"sim_78",4
"sim_78",4
"sim_78",4
"sim_78",4
"sim_78",4
"sim_78",4
"sim_78",4
"sim_78",4
"sim_78",4
"sim_78",4
"sim_78",4
"sim_78",4
"sim_78",4
"sim_78",4
"sim_78",4
"sim_78",4
"sim_78",4
"sim_78",4
"sim_78",4
"sim_78",4
"sim_78",4
"sim_78",4
"sim_78",4
"sim_78",4
"sim_78",4
"sim_78",4
"sim_78",4
"sim_78",4
"sim_78",4
"sim_78",4
"sim_78",4
"sim_78",4
"sim_78",4
"sim_78",4
"sim_78",4
"sim_78",4
"sim_78",4
"sim_78",4
"sim_78",4
"sim_78",4
"sim_78",4
"sim_78",4
"sim_78",4
"sim_78",4
"sim_78",4
"sim_78",4
"sim_78",4
"sim_78",4
"sim_78",4
"sim_78",4
"sim_78",4
"sim_78",4
"sim_78",4
"sim_78",4
"sim_78",4
"sim_78",4
"sim_78",4
"sim_78",4
"sim_78",4
"sim_78",4
"sim_78",4
"sim_78",4
"sim_78",4
"sim_78",4
"sim_78",4
"sim_78",4
"sim_78",4
"sim_78",4
"sim_78",4
"sim_78",4
"sim_78",4
"sim_78",4
"sim_78",4
"sim_78",4
"sim_78",4
"sim_78",4
"sim_78",4
"sim_78",4
"sim_78",4
"sim_78",4
"sim_78",4
"sim_78",4
"sim_78",4
"sim_78",4
"sim_78",4
"sim_78",4
"sim_78",4
"sim_78",4
"sim_78",4
"sim_78",4
"sim_78",4
"sim_78",4
"sim_78",4
"sim_78",4
"sim_78",4
"sim_78",4
"sim_78",4
"sim_78",4
"sim_78",4
"sim_78",4
"sim_78",4
"sim_78",4
"sim_78",4
"sim_78",4
"sim_78",4
"sim_78",4
"sim_78",4
"sim_78",4
"sim_78",4
"sim_78",4
"sim_78",4
"sim_78",4
"sim_78",4
"sim_78",4
"sim_78",4
"sim_78",4
"sim_78",4
"sim_78",4
"sim_78",4
"sim_78",4
"sim_78",4
"sim_78",4
"sim_78",4
"sim_78",4
"sim_78",4
"sim_78",4
"sim_78",4
"sim_78",4
"sim_78",4
"sim_78",4
"sim_78",4
"sim_78",4
"sim_78",4
"sim_78",4
"sim_78",4
"sim_78",4
"sim_78",4
"sim_78",4
"sim_78",4
"sim_78",4
"sim_78",4
"sim_78",4
"sim_78",4
"sim_78",4
"sim_78",4
"sim_78",4
"sim_78",4
"sim_78",4
"sim_78",4
"sim_78",4
"sim_78",4
"sim_78",4
"sim_78",4
"sim_78",4
"sim_78",4
"sim_78",4
"sim_78",4
"sim_78",4
"sim_78",4
"sim_78",4
"sim_78",4
"sim_78",4
"sim_78",4
"sim_78",4
"sim_78",4
"sim_78",4
"sim_78",4
"sim_78",4
"sim_78",4
"sim_78",4
"sim_78",4
"sim_78",4
"sim_78",4
"sim_78",4
"sim_78",4
"sim_78",4
"sim_78",4
"sim_78",4
"sim_78",4
"sim_78",4
"sim_78",4
"sim_78",4
"sim_78",4
"sim_78",4
"sim_78",4
"sim_78",4
"sim_78",4
"sim_78",4
"sim_78",4
"sim_78",4
"sim_78",4
"sim_78",4
"sim_78",4
"sim_78",4
"sim_78",4
"sim_78",4
"sim_78",4
"sim_78",4
"sim_78",4
"sim_78",4
"sim_78",4
"sim_78",4
"sim_78",4
"sim_78",4
"sim_78",4
"sim_78",4
"sim_78",4
"sim_78",4
"sim_78",4
"sim_78",4
"sim_78",4
"sim_78",4
"sim_78",4
"sim_78",4
"sim_78",4
"sim_78",4
"sim_78",4
"sim_78",4
"sim_78",4
"sim_78",4
"sim_78",4
"sim_78",4
"sim_78",4
"sim_78",4
"sim_78",4
"sim_78",5
"sim_78",5
"sim_78",5
"sim_78",5
"sim_78",5
"sim_78",5
"sim_78",5
"sim_78",5
"sim_78",5
"sim_78",5
"sim_78",5
"sim_78",5
"sim_78",5
"sim_78",5
"sim_78",5
"sim_78",5
"sim_78",5
"sim_78",5
"sim_78",5
"sim_78",5
"sim_78",5
"sim_78",5
"sim_78",5
"sim_78",5
"sim_78",5
"sim_78",5
"sim_78",5
"sim_78",5
"sim_78",5
"sim_78",5
"sim_78",5
"sim_78",5
"sim_78",5
"sim_78",5
"sim_78",5
"sim_78",5
"sim_78",5
"sim_78",5
"sim_78",5
"sim_78",5
"sim_78",5
"sim_78",5
"sim_78",5
"sim_78",5
"sim_78",5
"sim_78",5
"sim_78",5
"sim_78",5
"sim_78",5
"sim_78",5
"sim_78",5
"sim_78",5
"sim_78",5
"sim_78",5
"sim_78",5
"sim_78",5
"sim_78",5
"sim_78",5
"sim_78",5
"sim_78",5
"sim_78",5
"sim_78",5
"sim_78",5
"sim_78",5
"sim_78",5
"sim_78",5
"sim_78",5
"sim_78",5
"sim_78",5
"sim_78",5
"sim_78",5
"sim_78",5
"sim_78",5
"sim_78",5
"sim_78",5
"sim_78",5
"sim_78",5
"sim_78",5
"sim_78",5
"sim_78",5
"sim_78",5
"sim_78",5
"sim_78",5
"sim_78",5
"sim_78",5
"sim_78",5
"sim_78",5
"sim_78",5
"sim_78",5
"sim_78",5
"sim_78",5
"sim_78",5
"sim_78",5
"sim_78",5
"sim_78",5
"sim_78",5
"sim_78",5
"sim_78",5
"sim_78",5
"sim_78",5
"sim_78",5
"sim_78",5
"sim_78",5
"sim_78",5
"sim_78",6
"sim_78",6
"sim_78",6
"sim_78",6
"sim_78",6
"sim_78",6
"sim_78",6
"sim_78",6
"sim_78",6
"sim_78",6
"sim_78",6
"sim_78",6
"sim_78",6
"sim_78",6
"sim_78",6
"sim_78",6
"sim_78",6
"sim_78",6
"sim_78",6
"sim_78",6
"sim_78",6
"sim_78",6
"sim_78",6
"sim_78",6
"sim_78",6
"sim_78",6
"sim_78",6
"sim_78",6
"sim_78",6
"sim_78",6
"sim_78",6
"sim_78",6
"sim_78",6
"sim_78",6
"sim_78",6
"sim_78",6
"sim_78",6
"sim_78",6
"sim_78",7
"sim_78",7
"sim_78",7
"sim_78",7
"sim_78",7
"sim_78",7
"sim_78",7
"sim_78",7
"sim_78",7
"sim_78",7
"sim_78",7
"sim_78",7
"sim_78",7
"sim_78",7
"sim_78",7
"sim_78",7
"sim_78",7
"sim_78",7
"sim_78",7
"sim_78",7
"sim_78",8
"sim_78",8
"sim_78",8
"sim_78",8
"sim_78",8
"sim_78",8
"sim_78",8
"sim_78",8
"sim_78",8
"sim_78",8
"sim_78",8
"sim_78",8
"sim_78",8
"sim_78",8
"sim_78",9
"sim_78",9
"sim_78",9
"sim_78",9
"sim_78",9
"sim_78",9
"sim_78",9
"sim_78",9
"sim_78",9
"sim_78",10
"sim_78",10
"sim_78",10
"sim_78",10
"sim_78",11
"sim_78",11
"sim_78",11
"sim_78",11
"sim_78",13
"sim_79",4
"sim_79",4
"sim_79",4
"sim_79",4
"sim_79",4
"sim_79",4
"sim_79",4
"sim_79",4
"sim_79",4
"sim_79",4
"sim_79",4
"sim_79",4
"sim_79",4
"sim_79",4
"sim_79",4
"sim_79",4
"sim_79",4
"sim_79",4
"sim_79",4
"sim_79",4
"sim_79",4
"sim_79",4
"sim_79",4
"sim_79",4
"sim_79",4
"sim_79",4
"sim_79",4
"sim_79",4
"sim_79",4
"sim_79",4
"sim_79",4
"sim_79",4
"sim_79",4
"sim_79",4
"sim_79",4
"sim_79",4
"sim_79",4
"sim_79",4
"sim_79",4
"sim_79",4
"sim_79",4
"sim_79",4
"sim_79",4
"sim_79",4
"sim_79",4
"sim_79",4
"sim_79",4
"sim_79",4
"sim_79",4
"sim_79",4
"sim_79",4
"sim_79",4
"sim_79",4
"sim_79",4
"sim_79",4
"sim_79",4
"sim_79",4
"sim_79",4
"sim_79",4
"sim_79",4
"sim_79",4
"sim_79",4
"sim_79",4
"sim_79",4
"sim_79",4
"sim_79",4
"sim_79",4
"sim_79",4
"sim_79",4
"sim_79",4
"sim_79",4
"sim_79",4
"sim_79",4
"sim_79",4
"sim_79",4
"sim_79",4
"sim_79",4
"sim_79",4
"sim_79",4
"sim_79",4
"sim_79",4
"sim_79",4
"sim_79",4
"sim_79",4
"sim_79",4
"sim_79",4
"sim_79",4
"sim_79",4
"sim_79",4
"sim_79",4
"sim_79",4
"sim_79",4
"sim_79",4
"sim_79",4
"sim_79",4
"sim_79",4
"sim_79",4
"sim_79",4
"sim_79",4
"sim_79",4
"sim_79",4
"sim_79",4
"sim_79",4
"sim_79",4
"sim_79",4
"sim_79",4
"sim_79",4
"sim_79",4
"sim_79",4
"sim_79",4
"sim_79",4
"sim_79",4
"sim_79",4
"sim_79",4
"sim_79",4
"sim_79",4
"sim_79",4
"sim_79",4
"sim_79",4
"sim_79",4
"sim_79",4
"sim_79",4
"sim_79",4
"sim_79",4
"sim_79",4
"sim_79",4
"sim_79",4
"sim_79",4
"sim_79",4
"sim_79",4
"sim_79",4
"sim_79",4
"sim_79",4
"sim_79",4
"sim_79",4
"sim_79",4
"sim_79",4
"sim_79",4
"sim_79",4
"sim_79",4
"sim_79",4
"sim_79",4
"sim_79",4
"sim_79",4
"sim_79",4
"sim_79",4
"sim_79",4
"sim_79",4
"sim_79",4
"sim_79",4
"sim_79",4
"sim_79",4
"sim_79",4
"sim_79",4
"sim_79",4
"sim_79",4
"sim_79",4
"sim_79",4
"sim_79",4
"sim_79",4
"sim_79",4
"sim_79",4
"sim_79",4
"sim_79",4
"sim_79",4
"sim_79",4
"sim_79",4
"sim_79",4
"sim_79",4
"sim_79",4
"sim_79",4
"sim_79",4
"sim_79",4
"sim_79",4
"sim_79",4
"sim_79",4
"sim_79",4
"sim_79",4
"sim_79",4
"sim_79",4
"sim_79",4
"sim_79",4
"sim_79",4
"sim_79",4
"sim_79",4
"sim_79",4
"sim_79",4
"sim_79",4
"sim_79",4
"sim_79",4
"sim_79",4
"sim_79",4
"sim_79",4
"sim_79",4
"sim_79",4
"sim_79",4
"sim_79",4
"sim_79",4
"sim_79",4
"sim_79",4
"sim_79",4
"sim_79",4
"sim_79",4
"sim_79",4
"sim_79",4
"sim_79",4
"sim_79",4
"sim_79",4
"sim_79",4
"sim_79",4
"sim_79",4
"sim_79",4
"sim_79",4
"sim_79",4
"sim_79",4
"sim_79",4
"sim_79",4
"sim_79",4
"sim_79",4
"sim_79",4
"sim_79",4
"sim_79",4
"sim_79",4
"sim_79",4
"sim_79",4
"sim_79",4
"sim_79",4
"sim_79",4
"sim_79",4
"sim_79",4
"sim_79",4
"sim_79",4
"sim_79",4
"sim_79",4
"sim_79",4
"sim_79",4
"sim_79",4
"sim_79",4
"sim_79",4
"sim_79",4
"sim_79",4
"sim_79",4
"sim_79",4
"sim_79",4
"sim_79",4
"sim_79",4
"sim_79",4
"sim_79",4
"sim_79",4
"sim_79",4
"sim_79",4
"sim_79",4
"sim_79",4
"sim_79",4
"sim_79",4
"sim_79",4
"sim_79",4
"sim_79",4
"sim_79",4
"sim_79",4
"sim_79",4
"sim_79",4
"sim_79",4
"sim_79",4
"sim_79",4
"sim_79",4
"sim_79",4
"sim_79",4
"sim_79",4
"sim_79",4
"sim_79",4
"sim_79",4
"sim_79",4
"sim_79",4
"sim_79",4
"sim_79",4
"sim_79",4
"sim_79",4
"sim_79",4
"sim_79",4
"sim_79",4
"sim_79",4
"sim_79",4
"sim_79",4
"sim_79",4
"sim_79",4
"sim_79",4
"sim_79",4
"sim_79",4
"sim_79",4
"sim_79",4
"sim_79",4
"sim_79",4
"sim_79",4
"sim_79",4
"sim_79",4
"sim_79",4
"sim_79",4
"sim_79",4
"sim_79",4
"sim_79",4
"sim_79",4
"sim_79",4
"sim_79",4
"sim_79",4
"sim_79",4
"sim_79",4
"sim_79",4
"sim_79",4
"sim_79",4
"sim_79",4
"sim_79",4
"sim_79",4
"sim_79",4
"sim_79",4
"sim_79",4
"sim_79",4
"sim_79",4
"sim_79",4
"sim_79",4
"sim_79",4
"sim_79",4
"sim_79",4
"sim_79",4
"sim_79",4
"sim_79",4
"sim_79",4
"sim_79",4
"sim_79",4
"sim_79",4
"sim_79",4
"sim_79",4
"sim_79",4
"sim_79",4
"sim_79",4
"sim_79",4
"sim_79",4
"sim_79",4
"sim_79",4
"sim_79",4
"sim_79",4
"sim_79",4
"sim_79",4
"sim_79",4
"sim_79",4
"sim_79",4
"sim_79",4
"sim_79",4
"sim_79",4
"sim_79",4
"sim_79",4
"sim_79",4
"sim_79",4
"sim_79",4
"sim_79",4
"sim_79",4
"sim_79",4
"sim_79",4
"sim_79",4
"sim_79",4
"sim_79",4
"sim_79",4
"sim_79",4
"sim_79",4
"sim_79",4
"sim_79",4
"sim_79",4
"sim_79",4
"sim_79",4
"sim_79",4
"sim_79",4
"sim_79",4
"sim_79",4
"sim_79",4
"sim_79",4
"sim_79",4
"sim_79",4
"sim_79",4
"sim_79",4
"sim_79",4
"sim_79",4
"sim_79",4
"sim_79",4
"sim_79",4
"sim_79",4
"sim_79",5
"sim_79",5
"sim_79",5
"sim_79",5
"sim_79",5
"sim_79",5
"sim_79",5
"sim_79",5
"sim_79",5
"sim_79",5
"sim_79",5
"sim_79",5
"sim_79",5
"sim_79",5
"sim_79",5
"sim_79",5
"sim_79",5
"sim_79",5
"sim_79",5
"sim_79",5
"sim_79",5
"sim_79",5
"sim_79",5
"sim_79",5
"sim_79",5
"sim_79",5
"sim_79",5
"sim_79",5
"sim_79",5
"sim_79",5
"sim_79",5
"sim_79",5
"sim_79",5
"sim_79",5
"sim_79",5
"sim_79",5
"sim_79",5
"sim_79",5
"sim_79",5
"sim_79",5
"sim_79",5
"sim_79",5
"sim_79",5
"sim_79",5
"sim_79",5
"sim_79",5
"sim_79",5
"sim_79",5
"sim_79",5
"sim_79",5
"sim_79",5
"sim_79",5
"sim_79",5
"sim_79",5
"sim_79",5
"sim_79",5
"sim_79",5
"sim_79",5
"sim_79",5
"sim_79",5
"sim_79",5
"sim_79",5
"sim_79",5
"sim_79",5
"sim_79",5
"sim_79",5
"sim_79",5
"sim_79",5
"sim_79",5
"sim_79",5
"sim_79",5
"sim_79",5
"sim_79",5
"sim_79",5
"sim_79",5
"sim_79",5
"sim_79",5
"sim_79",5
"sim_79",5
"sim_79",5
"sim_79",5
"sim_79",5
"sim_79",5
"sim_79",6
"sim_79",6
"sim_79",6
"sim_79",6
"sim_79",6
"sim_79",6
"sim_79",6
"sim_79",6
"sim_79",6
"sim_79",6
"sim_79",6
"sim_79",6
"sim_79",6
"sim_79",6
"sim_79",6
"sim_79",6
"sim_79",6
"sim_79",6
"sim_79",6
"sim_79",6
"sim_79",6
"sim_79",6
"sim_79",6
"sim_79",6
"sim_79",6
"sim_79",6
"sim_79",6
"sim_79",6
"sim_79",6
"sim_79",6
"sim_79",6
"sim_79",6
"sim_79",6
"sim_79",6
"sim_79",6
"sim_79",6
"sim_79",6
"sim_79",6
"sim_79",6
"sim_79",6
"sim_79",6
"sim_79",6
"sim_79",6
"sim_79",6
"sim_79",6
"sim_79",6
"sim_79",6
"sim_79",7
"sim_79",7
"sim_79",7
"sim_79",7
"sim_79",7
"sim_79",7
"sim_79",7
"sim_79",7
"sim_79",7
"sim_79",7
"sim_79",7
"sim_79",7
"sim_79",7
"sim_79",7
"sim_79",7
"sim_79",7
"sim_79",7
"sim_79",7
"sim_79",7
"sim_79",7
"sim_79",7
"sim_79",7
"sim_79",7
"sim_79",7
"sim_79",7
"sim_79",8
"sim_79",8
"sim_79",8
"sim_79",8
"sim_79",8
"sim_79",8
"sim_79",8
"sim_79",8
"sim_79",8
"sim_79",8
"sim_79",8
"sim_79",8
"sim_79",8
"sim_79",8
"sim_79",8
"sim_79",9
"sim_79",9
"sim_79",9
"sim_79",9
"sim_79",9
"sim_79",9
"sim_79",9
"sim_79",9
"sim_79",10
"sim_79",10
"sim_79",10
"sim_80",4
"sim_80",4
"sim_80",4
"sim_80",4
"sim_80",4
"sim_80",4
"sim_80",4
"sim_80",4
"sim_80",4
"sim_80",4
"sim_80",4
"sim_80",4
"sim_80",4
"sim_80",4
"sim_80",4
"sim_80",4
"sim_80",4
"sim_80",4
"sim_80",4
"sim_80",4
"sim_80",4
"sim_80",4
"sim_80",4
"sim_80",4
"sim_80",4
"sim_80",4
"sim_80",4
"sim_80",4
"sim_80",4
"sim_80",4
"sim_80",4
"sim_80",4
"sim_80",4
"sim_80",4
"sim_80",4
"sim_80",4
"sim_80",4
"sim_80",4
"sim_80",4
"sim_80",4
"sim_80",4
"sim_80",4
"sim_80",4
"sim_80",4
"sim_80",4
"sim_80",4
"sim_80",4
"sim_80",4
"sim_80",4
"sim_80",4
"sim_80",4
"sim_80",4
"sim_80",4
"sim_80",4
"sim_80",4
"sim_80",4
"sim_80",4
"sim_80",4
"sim_80",4
"sim_80",4
"sim_80",4
"sim_80",4
"sim_80",4
"sim_80",4
"sim_80",4
"sim_80",4
"sim_80",4
"sim_80",4
"sim_80",4
"sim_80",4
"sim_80",4
"sim_80",4
"sim_80",4
"sim_80",4
"sim_80",4
"sim_80",4
"sim_80",4
"sim_80",4
"sim_80",4
"sim_80",4
"sim_80",4
"sim_80",4
"sim_80",4
"sim_80",4
"sim_80",4
"sim_80",4
"sim_80",4
"sim_80",4
"sim_80",4
"sim_80",4
"sim_80",4
"sim_80",4
"sim_80",4
"sim_80",4
"sim_80",4
"sim_80",4
"sim_80",4
"sim_80",4
"sim_80",4
"sim_80",4
"sim_80",4
"sim_80",4
"sim_80",4
"sim_80",4
"sim_80",4
"sim_80",4
"sim_80",4
"sim_80",4
"sim_80",4
"sim_80",4
"sim_80",4
"sim_80",4
"sim_80",4
"sim_80",4
"sim_80",4
"sim_80",4
"sim_80",4
"sim_80",4
"sim_80",4
"sim_80",4
"sim_80",4
"sim_80",4
"sim_80",4
"sim_80",4
"sim_80",4
"sim_80",4
"sim_80",4
"sim_80",4
"sim_80",4
"sim_80",4
"sim_80",4
"sim_80",4
"sim_80",4
"sim_80",4
"sim_80",4
"sim_80",4
"sim_80",4
"sim_80",4
"sim_80",4
"sim_80",4
"sim_80",4
"sim_80",4
"sim_80",4
"sim_80",4
"sim_80",4
"sim_80",4
"sim_80",4
"sim_80",4
"sim_80",4
"sim_80",4
"sim_80",4
"sim_80",4
"sim_80",4
"sim_80",4
"sim_80",4
"sim_80",4
"sim_80",4
"sim_80",4
"sim_80",4
"sim_80",4
"sim_80",4
"sim_80",4
"sim_80",4
"sim_80",4
"sim_80",4
"sim_80",4
"sim_80",4
"sim_80",4
"sim_80",4
"sim_80",4
"sim_80",4
"sim_80",4
"sim_80",4
"sim_80",4
"sim_80",4
"sim_80",4
"sim_80",4
"sim_80",4
"sim_80",4
"sim_80",4
"sim_80",4
"sim_80",4
"sim_80",4
"sim_80",4
"sim_80",4
"sim_80",4
"sim_80",4
"sim_80",4
"sim_80",4
"sim_80",4
"sim_80",4
"sim_80",4
"sim_80",4
"sim_80",4
"sim_80",4
"sim_80",4
"sim_80",4
"sim_80",4
"sim_80",4
"sim_80",4
"sim_80",4
"sim_80",4
"sim_80",4
"sim_80",4
"sim_80",4
"sim_80",4
"sim_80",4
"sim_80",4
"sim_80",4
"sim_80",4
"sim_80",4
"sim_80",4
"sim_80",4
"sim_80",4
"sim_80",4
"sim_80",4
"sim_80",4
"sim_80",4
"sim_80",4
"sim_80",4
"sim_80",4
"sim_80",4
"sim_80",4
"sim_80",4
"sim_80",4
"sim_80",4
"sim_80",4
"sim_80",4
"sim_80",4
"sim_80",4
"sim_80",4
"sim_80",4
"sim_80",4
"sim_80",4
"sim_80",4
"sim_80",4
"sim_80",4
"sim_80",4
"sim_80",4
"sim_80",4
"sim_80",4
"sim_80",4
"sim_80",4
"sim_80",4
"sim_80",4
"sim_80",4
"sim_80",4
"sim_80",4
"sim_80",4
"sim_80",4
"sim_80",4
"sim_80",4
"sim_80",4
"sim_80",4
"sim_80",4
"sim_80",4
"sim_80",4
"sim_80",4
"sim_80",4
"sim_80",4
"sim_80",4
"sim_80",4
"sim_80",4
"sim_80",4
"sim_80",4
"sim_80",4
"sim_80",4
"sim_80",4
"sim_80",4
"sim_80",4
"sim_80",4
"sim_80",4
"sim_80",4
"sim_80",4
"sim_80",4
"sim_80",4
"sim_80",4
"sim_80",4
"sim_80",4
"sim_80",4
"sim_80",4
"sim_80",4
"sim_80",4
"sim_80",4
"sim_80",4
"sim_80",4
"sim_80",4
"sim_80",4
"sim_80",4
"sim_80",4
"sim_80",4
"sim_80",4
"sim_80",4
"sim_80",4
"sim_80",4
"sim_80",4
"sim_80",4
"sim_80",4
"sim_80",4
"sim_80",4
"sim_80",4
"sim_80",4
"sim_80",4
"sim_80",4
"sim_80",4
"sim_80",4
"sim_80",4
"sim_80",4
"sim_80",4
"sim_80",4
"sim_80",4
"sim_80",4
"sim_80",4
"sim_80",4
"sim_80",4
"sim_80",4
"sim_80",4
"sim_80",4
"sim_80",4
"sim_80",4
"sim_80",4
"sim_80",4
"sim_80",4
"sim_80",4
"sim_80",4
"sim_80",4
"sim_80",4
"sim_80",4
"sim_80",4
"sim_80",4
"sim_80",4
"sim_80",4
"sim_80",4
"sim_80",4
"sim_80",4
"sim_80",4
"sim_80",4
"sim_80",4
"sim_80",4
"sim_80",4
"sim_80",4
"sim_80",4
"sim_80",4
"sim_80",4
"sim_80",4
"sim_80",4
"sim_80",4
"sim_80",4
"sim_80",4
"sim_80",4
"sim_80",4
"sim_80",4
"sim_80",4
"sim_80",4
"sim_80",4
"sim_80",4
"sim_80",4
"sim_80",4
"sim_80",4
"sim_80",4
"sim_80",4
"sim_80",4
"sim_80",4
"sim_80",4
"sim_80",4
"sim_80",4
"sim_80",4
"sim_80",4
"sim_80",4
"sim_80",4
"sim_80",4
"sim_80",4
"sim_80",4
"sim_80",4
"sim_80",4
"sim_80",4
"sim_80",5
"sim_80",5
"sim_80",5
"sim_80",5
"sim_80",5
"sim_80",5
"sim_80",5
"sim_80",5
"sim_80",5
"sim_80",5
"sim_80",5
"sim_80",5
"sim_80",5
"sim_80",5
"sim_80",5
"sim_80",5
"sim_80",5
"sim_80",5
"sim_80",5
"sim_80",5
"sim_80",5
"sim_80",5
"sim_80",5
"sim_80",5
"sim_80",5
"sim_80",5
"sim_80",5
"sim_80",5
"sim_80",5
"sim_80",5
"sim_80",5
"sim_80",5
"sim_80",5
"sim_80",5
"sim_80",5
"sim_80",5
"sim_80",5
"sim_80",5
"sim_80",5
"sim_80",5
"sim_80",5
"sim_80",5
"sim_80",5
"sim_80",5
"sim_80",5
"sim_80",5
"sim_80",5
"sim_80",5
"sim_80",5
"sim_80",5
"sim_80",5
"sim_80",5
"sim_80",5
"sim_80",5
"sim_80",5
"sim_80",5
"sim_80",5
"sim_80",5
"sim_80",5
"sim_80",5
"sim_80",5
"sim_80",5
"sim_80",5
"sim_80",5
"sim_80",5
"sim_80",5
"sim_80",5
"sim_80",5
"sim_80",5
"sim_80",5
"sim_80",5
"sim_80",5
"sim_80",5
"sim_80",5
"sim_80",5
"sim_80",5
"sim_80",5
"sim_80",5
"sim_80",5
"sim_80",5
"sim_80",5
"sim_80",5
"sim_80",5
"sim_80",5
"sim_80",5
"sim_80",5
"sim_80",5
"sim_80",5
"sim_80",5
"sim_80",5
"sim_80",5
"sim_80",5
"sim_80",5
"sim_80",5
"sim_80",6
"sim_80",6
"sim_80",6
"sim_80",6
"sim_80",6
"sim_80",6
"sim_80",6
"sim_80",6
"sim_80",6
"sim_80",6
"sim_80",6
"sim_80",6
"sim_80",6
"sim_80",6
"sim_80",6
"sim_80",6
"sim_80",6
"sim_80",6
"sim_80",6
"sim_80",6
"sim_80",6
"sim_80",6
"sim_80",6
"sim_80",6
"sim_80",6
"sim_80",6
"sim_80",6
"sim_80",6
"sim_80",6
"sim_80",6
"sim_80",6
"sim_80",6
"sim_80",6
"sim_80",6
"sim_80",6
"sim_80",6
"sim_80",6
"sim_80",6
"sim_80",6
"sim_80",6
"sim_80",6
"sim_80",6
"sim_80",6
"sim_80",6
"sim_80",6
"sim_80",7
"sim_80",7
"sim_80",7
"sim_80",7
"sim_80",7
"sim_80",7
"sim_80",7
"sim_80",7
"sim_80",7
"sim_80",7
"sim_80",7
"sim_80",7
"sim_80",7
"sim_80",7
"sim_80",7
"sim_80",7
"sim_80",7
"sim_80",7
"sim_80",7
"sim_80",7
"sim_80",7
"sim_80",7
"sim_80",8
"sim_80",8
"sim_80",8
"sim_80",8
"sim_80",8
"sim_80",8
"sim_80",8
"sim_80",8
"sim_80",8
"sim_80",8
"sim_80",8
"sim_80",8
"sim_80",8
"sim_80",8
"sim_80",8
"sim_80",8
"sim_80",9
"sim_80",9
"sim_80",9
"sim_80",9
"sim_80",9
"sim_80",10
"sim_80",10
"sim_80",11
"sim_80",11
"sim_80",11
"sim_80",11
"sim_80",11
"sim_80",12
"sim_81",4
"sim_81",4
"sim_81",4
"sim_81",4
"sim_81",4
"sim_81",4
"sim_81",4
"sim_81",4
"sim_81",4
"sim_81",4
"sim_81",4
"sim_81",4
"sim_81",4
"sim_81",4
"sim_81",4
"sim_81",4
"sim_81",4
"sim_81",4
"sim_81",4
"sim_81",4
"sim_81",4
"sim_81",4
"sim_81",4
"sim_81",4
"sim_81",4
"sim_81",4
"sim_81",4
"sim_81",4
"sim_81",4
"sim_81",4
"sim_81",4
"sim_81",4
"sim_81",4
"sim_81",4
"sim_81",4
"sim_81",4
"sim_81",4
"sim_81",4
"sim_81",4
"sim_81",4
"sim_81",4
"sim_81",4
"sim_81",4
"sim_81",4
"sim_81",4
"sim_81",4
"sim_81",4
"sim_81",4
"sim_81",4
"sim_81",4
"sim_81",4
"sim_81",4
"sim_81",4
"sim_81",4
"sim_81",4
"sim_81",4
"sim_81",4
"sim_81",4
"sim_81",4
"sim_81",4
"sim_81",4
"sim_81",4
"sim_81",4
"sim_81",4
"sim_81",4
"sim_81",4
"sim_81",4
"sim_81",4
"sim_81",4
"sim_81",4
"sim_81",4
"sim_81",4
"sim_81",4
"sim_81",4
"sim_81",4
"sim_81",4
"sim_81",4
"sim_81",4
"sim_81",4
"sim_81",4
"sim_81",4
"sim_81",4
"sim_81",4
"sim_81",4
"sim_81",4
"sim_81",4
"sim_81",4
"sim_81",4
"sim_81",4
"sim_81",4
"sim_81",4
"sim_81",4
"sim_81",4
"sim_81",4
"sim_81",4
"sim_81",4
"sim_81",4
"sim_81",4
"sim_81",4
"sim_81",4
"sim_81",4
"sim_81",4
"sim_81",4
"sim_81",4
"sim_81",4
"sim_81",4
"sim_81",4
"sim_81",4
"sim_81",4
"sim_81",4
"sim_81",4
"sim_81",4
"sim_81",4
"sim_81",4
"sim_81",4
"sim_81",4
"sim_81",4
"sim_81",4
"sim_81",4
"sim_81",4
"sim_81",4
"sim_81",4
"sim_81",4
"sim_81",4
"sim_81",4
"sim_81",4
"sim_81",4
"sim_81",4
"sim_81",4
"sim_81",4
"sim_81",4
"sim_81",4
"sim_81",4
"sim_81",4
"sim_81",4
"sim_81",4
"sim_81",4
"sim_81",4
"sim_81",4
"sim_81",4
"sim_81",4
"sim_81",4
"sim_81",4
"sim_81",4
"sim_81",4
"sim_81",4
"sim_81",4
"sim_81",4
"sim_81",4
"sim_81",4
"sim_81",4
"sim_81",4
"sim_81",4
"sim_81",4
"sim_81",4
"sim_81",4
"sim_81",4
"sim_81",4
"sim_81",4
"sim_81",4
"sim_81",4
"sim_81",4
"sim_81",4
"sim_81",4
"sim_81",4
"sim_81",4
"sim_81",4
"sim_81",4
"sim_81",4
"sim_81",4
"sim_81",4
"sim_81",4
"sim_81",4
"sim_81",4
"sim_81",4
"sim_81",4
"sim_81",4
"sim_81",4
"sim_81",4
"sim_81",4
"sim_81",4
"sim_81",4
"sim_81",4
"sim_81",4
"sim_81",4
"sim_81",4
"sim_81",4
"sim_81",4
"sim_81",4
"sim_81",4
"sim_81",4
"sim_81",4
"sim_81",4
"sim_81",4
"sim_81",4
"sim_81",4
"sim_81",4
"sim_81",4
"sim_81",4
"sim_81",4
"sim_81",4
"sim_81",4
"sim_81",4
"sim_81",4
"sim_81",4
"sim_81",4
"sim_81",4
"sim_81",4
"sim_81",4
"sim_81",4
"sim_81",4
"sim_81",4
"sim_81",4
"sim_81",4
"sim_81",4
"sim_81",4
"sim_81",4
"sim_81",4
"sim_81",4
"sim_81",4
"sim_81",4
"sim_81",4
"sim_81",4
"sim_81",4
"sim_81",4
"sim_81",4
"sim_81",4
"sim_81",4
"sim_81",4
"sim_81",4
"sim_81",4
"sim_81",4
"sim_81",4
"sim_81",4
"sim_81",4
"sim_81",4
"sim_81",4
"sim_81",4
"sim_81",4
"sim_81",4
"sim_81",4
"sim_81",4
"sim_81",4
"sim_81",4
"sim_81",4
"sim_81",4
"sim_81",4
"sim_81",4
"sim_81",4
"sim_81",4
"sim_81",4
"sim_81",4
"sim_81",4
"sim_81",4
"sim_81",4
"sim_81",4
"sim_81",4
"sim_81",4
"sim_81",4
"sim_81",4
"sim_81",4
"sim_81",4
"sim_81",4
"sim_81",4
"sim_81",4
"sim_81",4
"sim_81",4
"sim_81",4
"sim_81",4
"sim_81",4
"sim_81",4
"sim_81",4
"sim_81",4
"sim_81",4
"sim_81",4
"sim_81",4
"sim_81",4
"sim_81",4
"sim_81",4
"sim_81",4
"sim_81",4
"sim_81",4
"sim_81",4
"sim_81",4
"sim_81",4
"sim_81",4
"sim_81",4
"sim_81",4
"sim_81",4
"sim_81",4
"sim_81",4
"sim_81",4
"sim_81",4
"sim_81",4
"sim_81",4
"sim_81",4
"sim_81",4
"sim_81",4
"sim_81",4
"sim_81",4
"sim_81",4
"sim_81",4
"sim_81",4
"sim_81",4
"sim_81",4
"sim_81",4
"sim_81",4
"sim_81",4
"sim_81",4
"sim_81",4
"sim_81",4
"sim_81",4
"sim_81",4
"sim_81",4
"sim_81",4
"sim_81",4
"sim_81",4
"sim_81",4
"sim_81",4
"sim_81",4
"sim_81",4
"sim_81",4
"sim_81",4
"sim_81",4
"sim_81",4
"sim_81",4
"sim_81",4
"sim_81",4
"sim_81",4
"sim_81",4
"sim_81",4
"sim_81",4
"sim_81",4
"sim_81",4
"sim_81",4
"sim_81",4
"sim_81",4
"sim_81",4
"sim_81",4
"sim_81",4
"sim_81",4
"sim_81",4
"sim_81",4
"sim_81",4
"sim_81",4
"sim_81",4
"sim_81",4
"sim_81",4
"sim_81",4
"sim_81",4
"sim_81",4
"sim_81",4
"sim_81",4
"sim_81",4
"sim_81",4
"sim_81",4
"sim_81",4
"sim_81",4
"sim_81",4
"sim_81",4
"sim_81",4
"sim_81",4
"sim_81",4
"sim_81",5
"sim_81",5
"sim_81",5
"sim_81",5
"sim_81",5
"sim_81",5
"sim_81",5
"sim_81",5
"sim_81",5
"sim_81",5
"sim_81",5
"sim_81",5
"sim_81",5
"sim_81",5
"sim_81",5
"sim_81",5
"sim_81",5
"sim_81",5
"sim_81",5
"sim_81",5
"sim_81",5
"sim_81",5
"sim_81",5
"sim_81",5
"sim_81",5
"sim_81",5
"sim_81",5
"sim_81",5
"sim_81",5
"sim_81",5
"sim_81",5
"sim_81",5
"sim_81",5
"sim_81",5
"sim_81",5
"sim_81",5
"sim_81",5
"sim_81",5
"sim_81",5
"sim_81",5
"sim_81",5
"sim_81",5
"sim_81",5
"sim_81",5
"sim_81",5
"sim_81",5
"sim_81",5
"sim_81",5
"sim_81",5
"sim_81",5
"sim_81",5
"sim_81",5
"sim_81",5
"sim_81",5
"sim_81",5
"sim_81",5
"sim_81",5
"sim_81",5
"sim_81",5
"sim_81",5
"sim_81",5
"sim_81",5
"sim_81",5
"sim_81",5
"sim_81",5
"sim_81",5
"sim_81",5
"sim_81",5
"sim_81",5
"sim_81",5
"sim_81",5
"sim_81",5
"sim_81",5
"sim_81",5
"sim_81",5
"sim_81",5
"sim_81",5
"sim_81",5
"sim_81",5
"sim_81",5
"sim_81",5
"sim_81",5
"sim_81",5
"sim_81",5
"sim_81",5
"sim_81",5
"sim_81",5
"sim_81",5
"sim_81",5
"sim_81",5
"sim_81",5
"sim_81",5
"sim_81",5
"sim_81",5
"sim_81",5
"sim_81",5
"sim_81",5
"sim_81",5
"sim_81",5
"sim_81",5
"sim_81",5
"sim_81",5
"sim_81",5
"sim_81",5
"sim_81",5
"sim_81",5
"sim_81",5
"sim_81",5
"sim_81",5
"sim_81",5
"sim_81",5
"sim_81",5
"sim_81",5
"sim_81",5
"sim_81",5
"sim_81",5
"sim_81",5
"sim_81",5
"sim_81",5
"sim_81",5
"sim_81",5
"sim_81",5
"sim_81",5
"sim_81",5
"sim_81",5
"sim_81",5
"sim_81",5
"sim_81",6
"sim_81",6
"sim_81",6
"sim_81",6
"sim_81",6
"sim_81",6
"sim_81",6
"sim_81",6
"sim_81",6
"sim_81",6
"sim_81",6
"sim_81",6
"sim_81",6
"sim_81",6
"sim_81",6
"sim_81",6
"sim_81",6
"sim_81",6
"sim_81",6
"sim_81",6
"sim_81",6
"sim_81",6
"sim_81",6
"sim_81",6
"sim_81",6
"sim_81",7
"sim_81",7
"sim_81",7
"sim_81",7
"sim_81",7
"sim_81",7
"sim_81",7
"sim_81",7
"sim_81",7
"sim_81",7
"sim_81",7
"sim_81",7
"sim_81",7
"sim_81",7
"sim_81",7
"sim_81",8
"sim_81",8
"sim_81",8
"sim_81",8
"sim_81",8
"sim_81",8
"sim_81",8
"sim_81",8
"sim_81",8
"sim_81",8
"sim_81",8
"sim_81",8
"sim_81",8
"sim_81",8
"sim_81",8
"sim_81",8
"sim_81",8
"sim_81",8
"sim_81",8
"sim_81",8
"sim_81",8
"sim_81",9
"sim_81",9
"sim_81",9
"sim_81",9
"sim_81",9
"sim_81",9
"sim_81",10
"sim_81",10
"sim_81",10
"sim_81",10
"sim_81",11
"sim_81",11
"sim_81",12
"sim_81",12
"sim_81",12
"sim_82",4
"sim_82",4
"sim_82",4
"sim_82",4
"sim_82",4
"sim_82",4
"sim_82",4
"sim_82",4
"sim_82",4
"sim_82",4
"sim_82",4
"sim_82",4
"sim_82",4
"sim_82",4
"sim_82",4
"sim_82",4
"sim_82",4
"sim_82",4
"sim_82",4
"sim_82",4
"sim_82",4
"sim_82",4
"sim_82",4
"sim_82",4
"sim_82",4
"sim_82",4
"sim_82",4
"sim_82",4
"sim_82",4
"sim_82",4
"sim_82",4
"sim_82",4
"sim_82",4
"sim_82",4
"sim_82",4
"sim_82",4
"sim_82",4
"sim_82",4
"sim_82",4
"sim_82",4
"sim_82",4
"sim_82",4
"sim_82",4
"sim_82",4
"sim_82",4
"sim_82",4
"sim_82",4
"sim_82",4
"sim_82",4
"sim_82",4
"sim_82",4
"sim_82",4
"sim_82",4
"sim_82",4
"sim_82",4
"sim_82",4
"sim_82",4
"sim_82",4
"sim_82",4
"sim_82",4
"sim_82",4
"sim_82",4
"sim_82",4
"sim_82",4
"sim_82",4
"sim_82",4
"sim_82",4
"sim_82",4
"sim_82",4
"sim_82",4
"sim_82",4
"sim_82",4
"sim_82",4
"sim_82",4
"sim_82",4
"sim_82",4
"sim_82",4
"sim_82",4
"sim_82",4
"sim_82",4
"sim_82",4
"sim_82",4
"sim_82",4
"sim_82",4
"sim_82",4
"sim_82",4
"sim_82",4
"sim_82",4
"sim_82",4
"sim_82",4
"sim_82",4
"sim_82",4
"sim_82",4
"sim_82",4
"sim_82",4
"sim_82",4
"sim_82",4
"sim_82",4
"sim_82",4
"sim_82",4
"sim_82",4
"sim_82",4
"sim_82",4
"sim_82",4
"sim_82",4
"sim_82",4
"sim_82",4
"sim_82",4
"sim_82",4
"sim_82",4
"sim_82",4
"sim_82",4
"sim_82",4
"sim_82",4
"sim_82",4
"sim_82",4
"sim_82",4
"sim_82",4
"sim_82",4
"sim_82",4
"sim_82",4
"sim_82",4
"sim_82",4
"sim_82",4
"sim_82",4
"sim_82",4
"sim_82",4
"sim_82",4
"sim_82",4
"sim_82",4
"sim_82",4
"sim_82",4
"sim_82",4
"sim_82",4
"sim_82",4
"sim_82",4
"sim_82",4
"sim_82",4
"sim_82",4
"sim_82",4
"sim_82",4
"sim_82",4
"sim_82",4
"sim_82",4
"sim_82",4
"sim_82",4
"sim_82",4
"sim_82",4
"sim_82",4
"sim_82",4
"sim_82",4
"sim_82",4
"sim_82",4
"sim_82",4
"sim_82",4
"sim_82",4
"sim_82",4
"sim_82",4
"sim_82",4
"sim_82",4
"sim_82",4
"sim_82",4
"sim_82",4
"sim_82",4
"sim_82",4
"sim_82",4
"sim_82",4
"sim_82",4
"sim_82",4
"sim_82",4
"sim_82",4
"sim_82",4
"sim_82",4
"sim_82",4
"sim_82",4
"sim_82",4
"sim_82",4
"sim_82",4
"sim_82",4
"sim_82",4
"sim_82",4
"sim_82",4
"sim_82",4
"sim_82",4
"sim_82",4
"sim_82",4
"sim_82",4
"sim_82",4
"sim_82",4
"sim_82",4
"sim_82",4
"sim_82",4
"sim_82",4
"sim_82",4
"sim_82",4
"sim_82",4
"sim_82",4
"sim_82",4
"sim_82",4
"sim_82",4
"sim_82",4
"sim_82",4
"sim_82",4
"sim_82",4
"sim_82",4
"sim_82",4
"sim_82",4
"sim_82",4
"sim_82",4
"sim_82",4
"sim_82",4
"sim_82",4
"sim_82",4
"sim_82",4
"sim_82",4
"sim_82",4
"sim_82",4
"sim_82",4
"sim_82",4
"sim_82",4
"sim_82",4
"sim_82",4
"sim_82",4
"sim_82",4
"sim_82",4
"sim_82",4
"sim_82",4
"sim_82",4
"sim_82",4
"sim_82",4
"sim_82",4
"sim_82",4
"sim_82",4
"sim_82",4
"sim_82",4
"sim_82",4
"sim_82",4
"sim_82",4
"sim_82",4
"sim_82",4
"sim_82",4
"sim_82",4
"sim_82",4
"sim_82",4
"sim_82",4
"sim_82",4
"sim_82",4
"sim_82",4
"sim_82",4
"sim_82",4
"sim_82",4
"sim_82",4
"sim_82",4
"sim_82",4
"sim_82",4
"sim_82",4
"sim_82",4
"sim_82",4
"sim_82",4
"sim_82",4
"sim_82",4
"sim_82",4
"sim_82",4
"sim_82",4
"sim_82",4
"sim_82",4
"sim_82",4
"sim_82",4
"sim_82",4
"sim_82",4
"sim_82",4
"sim_82",4
"sim_82",4
"sim_82",4
"sim_82",4
"sim_82",4
"sim_82",4
"sim_82",4
"sim_82",4
"sim_82",4
"sim_82",4
"sim_82",4
"sim_82",4
"sim_82",4
"sim_82",4
"sim_82",4
"sim_82",4
"sim_82",4
"sim_82",4
"sim_82",4
"sim_82",4
"sim_82",4
"sim_82",4
"sim_82",4
"sim_82",4
"sim_82",4
"sim_82",4
"sim_82",4
"sim_82",4
"sim_82",4
"sim_82",4
"sim_82",4
"sim_82",4
"sim_82",4
"sim_82",4
"sim_82",4
"sim_82",4
"sim_82",4
"sim_82",4
"sim_82",4
"sim_82",4
"sim_82",4
"sim_82",4
"sim_82",4
"sim_82",4
"sim_82",4
"sim_82",4
"sim_82",4
"sim_82",4
"sim_82",4
"sim_82",4
"sim_82",4
"sim_82",4
"sim_82",4
"sim_82",4
"sim_82",4
"sim_82",4
"sim_82",4
"sim_82",4
"sim_82",4
"sim_82",4
"sim_82",4
"sim_82",4
"sim_82",4
"sim_82",4
"sim_82",4
"sim_82",4
"sim_82",4
"sim_82",4
"sim_82",4
"sim_82",4
"sim_82",4
"sim_82",4
"sim_82",4
"sim_82",4
"sim_82",4
"sim_82",4
"sim_82",4
"sim_82",4
"sim_82",4
"sim_82",4
"sim_82",4
"sim_82",4
"sim_82",4
"sim_82",4
"sim_82",4
"sim_82",4
"sim_82",4
"sim_82",4
"sim_82",4
"sim_82",4
"sim_82",4
"sim_82",4
"sim_82",4
"sim_82",4
"sim_82",4
"sim_82",4
"sim_82",4
"sim_82",4
"sim_82",4
"sim_82",4
"sim_82",4
"sim_82",4
"sim_82",4
"sim_82",5
"sim_82",5
"sim_82",5
"sim_82",5
"sim_82",5
"sim_82",5
"sim_82",5
"sim_82",5
"sim_82",5
"sim_82",5
"sim_82",5
"sim_82",5
"sim_82",5
"sim_82",5
"sim_82",5
"sim_82",5
"sim_82",5
"sim_82",5
"sim_82",5
"sim_82",5
"sim_82",5
"sim_82",5
"sim_82",5
"sim_82",5
"sim_82",5
"sim_82",5
"sim_82",5
"sim_82",5
"sim_82",5
"sim_82",5
"sim_82",5
"sim_82",5
"sim_82",5
"sim_82",5
"sim_82",5
"sim_82",5
"sim_82",5
"sim_82",5
"sim_82",5
"sim_82",5
"sim_82",5
"sim_82",5
"sim_82",5
"sim_82",5
"sim_82",5
"sim_82",5
"sim_82",5
"sim_82",5
"sim_82",5
"sim_82",5
"sim_82",5
"sim_82",5
"sim_82",5
"sim_82",5
"sim_82",5
"sim_82",5
"sim_82",5
"sim_82",5
"sim_82",5
"sim_82",5
"sim_82",5
"sim_82",5
"sim_82",5
"sim_82",5
"sim_82",5
"sim_82",5
"sim_82",5
"sim_82",5
"sim_82",5
"sim_82",5
"sim_82",5
"sim_82",5
"sim_82",5
"sim_82",5
"sim_82",5
"sim_82",5
"sim_82",5
"sim_82",5
"sim_82",5
"sim_82",5
"sim_82",5
"sim_82",5
"sim_82",5
"sim_82",6
"sim_82",6
"sim_82",6
"sim_82",6
"sim_82",6
"sim_82",6
"sim_82",6
"sim_82",6
"sim_82",6
"sim_82",6
"sim_82",6
"sim_82",6
"sim_82",6
"sim_82",6
"sim_82",6
"sim_82",6
"sim_82",6
"sim_82",6
"sim_82",6
"sim_82",6
"sim_82",6
"sim_82",6
"sim_82",6
"sim_82",6
"sim_82",6
"sim_82",6
"sim_82",6
"sim_82",6
"sim_82",6
"sim_82",6
"sim_82",6
"sim_82",6
"sim_82",6
"sim_82",6
"sim_82",6
"sim_82",6
"sim_82",6
"sim_82",6
"sim_82",6
"sim_82",6
"sim_82",6
"sim_82",6
"sim_82",6
"sim_82",6
"sim_82",6
"sim_82",7
"sim_82",7
"sim_82",7
"sim_82",7
"sim_82",7
"sim_82",7
"sim_82",7
"sim_82",7
"sim_82",7
"sim_82",7
"sim_82",7
"sim_82",7
"sim_82",7
"sim_82",7
"sim_82",7
"sim_82",7
"sim_82",7
"sim_82",7
"sim_82",7
"sim_82",7
"sim_82",7
"sim_82",7
"sim_82",7
"sim_82",7
"sim_82",7
"sim_82",7
"sim_82",7
"sim_82",8
"sim_82",8
"sim_82",8
"sim_82",8
"sim_82",8
"sim_82",8
"sim_82",8
"sim_82",8
"sim_82",8
"sim_82",8
"sim_82",8
"sim_82",8
"sim_82",8
"sim_82",8
"sim_82",8
"sim_82",8
"sim_82",8
"sim_82",8
"sim_82",8
"sim_82",8
"sim_82",9
"sim_82",9
"sim_82",9
"sim_82",9
"sim_82",9
"sim_82",9
"sim_82",9
"sim_82",9
"sim_82",10
"sim_82",10
"sim_82",10
"sim_82",10
"sim_82",10
"sim_82",10
"sim_82",12
"sim_82",13
"sim_82",15
"sim_83",4
"sim_83",4
"sim_83",4
"sim_83",4
"sim_83",4
"sim_83",4
"sim_83",4
"sim_83",4
"sim_83",4
"sim_83",4
"sim_83",4
"sim_83",4
"sim_83",4
"sim_83",4
"sim_83",4
"sim_83",4
"sim_83",4
"sim_83",4
"sim_83",4
"sim_83",4
"sim_83",4
"sim_83",4
"sim_83",4
"sim_83",4
"sim_83",4
"sim_83",4
"sim_83",4
"sim_83",4
"sim_83",4
"sim_83",4
"sim_83",4
"sim_83",4
"sim_83",4
"sim_83",4
"sim_83",4
"sim_83",4
"sim_83",4
"sim_83",4
"sim_83",4
"sim_83",4
"sim_83",4
"sim_83",4
"sim_83",4
"sim_83",4
"sim_83",4
"sim_83",4
"sim_83",4
"sim_83",4
"sim_83",4
"sim_83",4
"sim_83",4
"sim_83",4
"sim_83",4
"sim_83",4
"sim_83",4
"sim_83",4
"sim_83",4
"sim_83",4
"sim_83",4
"sim_83",4
"sim_83",4
"sim_83",4
"sim_83",4
"sim_83",4
"sim_83",4
"sim_83",4
"sim_83",4
"sim_83",4
"sim_83",4
"sim_83",4
"sim_83",4
"sim_83",4
"sim_83",4
"sim_83",4
"sim_83",4
"sim_83",4
"sim_83",4
"sim_83",4
"sim_83",4
"sim_83",4
"sim_83",4
"sim_83",4
"sim_83",4
"sim_83",4
"sim_83",4
"sim_83",4
"sim_83",4
"sim_83",4
"sim_83",4
"sim_83",4
"sim_83",4
"sim_83",4
"sim_83",4
"sim_83",4
"sim_83",4
"sim_83",4
"sim_83",4
"sim_83",4
"sim_83",4
"sim_83",4
"sim_83",4
"sim_83",4
"sim_83",4
"sim_83",4
"sim_83",4
"sim_83",4
"sim_83",4
"sim_83",4
"sim_83",4
"sim_83",4
"sim_83",4
"sim_83",4
"sim_83",4
"sim_83",4
"sim_83",4
"sim_83",4
"sim_83",4
"sim_83",4
"sim_83",4
"sim_83",4
"sim_83",4
"sim_83",4
"sim_83",4
"sim_83",4
"sim_83",4
"sim_83",4
"sim_83",4
"sim_83",4
"sim_83",4
"sim_83",4
"sim_83",4
"sim_83",4
"sim_83",4
"sim_83",4
"sim_83",4
"sim_83",4
"sim_83",4
"sim_83",4
"sim_83",4
"sim_83",4
"sim_83",4
"sim_83",4
"sim_83",4
"sim_83",4
"sim_83",4
"sim_83",4
"sim_83",4
"sim_83",4
"sim_83",4
"sim_83",4
"sim_83",4
"sim_83",4
"sim_83",4
"sim_83",4
"sim_83",4
"sim_83",4
"sim_83",4
"sim_83",4
"sim_83",4
"sim_83",4
"sim_83",4
"sim_83",4
"sim_83",4
"sim_83",4
"sim_83",4
"sim_83",4
"sim_83",4
"sim_83",4
"sim_83",4
"sim_83",4
"sim_83",4
"sim_83",4
"sim_83",4
"sim_83",4
"sim_83",4
"sim_83",4
"sim_83",4
"sim_83",4
"sim_83",4
"sim_83",4
"sim_83",4
"sim_83",4
"sim_83",4
"sim_83",4
"sim_83",4
"sim_83",4
"sim_83",4
"sim_83",4
"sim_83",4
"sim_83",4
"sim_83",4
"sim_83",4
"sim_83",4
"sim_83",4
"sim_83",4
"sim_83",4
"sim_83",4
"sim_83",4
"sim_83",4
"sim_83",4
"sim_83",4
"sim_83",4
"sim_83",4
"sim_83",4
"sim_83",4
"sim_83",4
"sim_83",4
"sim_83",4
"sim_83",4
"sim_83",4
"sim_83",4
"sim_83",4
"sim_83",4
"sim_83",4
"sim_83",4
"sim_83",4
"sim_83",4
"sim_83",4
"sim_83",4
"sim_83",4
"sim_83",4
"sim_83",4
"sim_83",4
"sim_83",4
"sim_83",4
"sim_83",4
"sim_83",4
"sim_83",4
"sim_83",4
"sim_83",4
"sim_83",4
"sim_83",4
"sim_83",4
"sim_83",4
"sim_83",4
"sim_83",4
"sim_83",4
"sim_83",4
"sim_83",4
"sim_83",4
"sim_83",4
"sim_83",4
"sim_83",4
"sim_83",4
"sim_83",4
"sim_83",4
"sim_83",4
"sim_83",4
"sim_83",4
"sim_83",4
"sim_83",4
"sim_83",4
"sim_83",4
"sim_83",4
"sim_83",4
"sim_83",4
"sim_83",4
"sim_83",4
"sim_83",4
"sim_83",4
"sim_83",4
"sim_83",4
"sim_83",4
"sim_83",4
"sim_83",4
"sim_83",4
"sim_83",4
"sim_83",4
"sim_83",4
"sim_83",4
"sim_83",4
"sim_83",4
"sim_83",4
"sim_83",4
"sim_83",4
"sim_83",4
"sim_83",4
"sim_83",4
"sim_83",4
"sim_83",4
"sim_83",4
"sim_83",4
"sim_83",4
"sim_83",4
"sim_83",4
"sim_83",4
"sim_83",4
"sim_83",4
"sim_83",4
"sim_83",4
"sim_83",4
"sim_83",4
"sim_83",4
"sim_83",4
"sim_83",4
"sim_83",4
"sim_83",4
"sim_83",4
"sim_83",4
"sim_83",4
"sim_83",4
"sim_83",4
"sim_83",4
"sim_83",4
"sim_83",4
"sim_83",4
"sim_83",4
"sim_83",4
"sim_83",4
"sim_83",4
"sim_83",4
"sim_83",4
"sim_83",4
"sim_83",4
"sim_83",4
"sim_83",4
"sim_83",4
"sim_83",4
"sim_83",4
"sim_83",4
"sim_83",4
"sim_83",4
"sim_83",4
"sim_83",4
"sim_83",4
"sim_83",4
"sim_83",4
"sim_83",4
"sim_83",4
"sim_83",4
"sim_83",4
"sim_83",4
"sim_83",4
"sim_83",4
"sim_83",4
"sim_83",4
"sim_83",4
"sim_83",4
"sim_83",4
"sim_83",4
"sim_83",4
"sim_83",4
"sim_83",4
"sim_83",4
"sim_83",4
"sim_83",4
"sim_83",4
"sim_83",4
"sim_83",4
"sim_83",4
"sim_83",4
"sim_83",4
"sim_83",4
"sim_83",4
"sim_83",4
"sim_83",4
"sim_83",4
"sim_83",4
"sim_83",4
"sim_83",4
"sim_83",5
"sim_83",5
"sim_83",5
"sim_83",5
"sim_83",5
"sim_83",5
"sim_83",5
"sim_83",5
"sim_83",5
"sim_83",5
"sim_83",5
"sim_83",5
"sim_83",5
"sim_83",5
"sim_83",5
"sim_83",5
"sim_83",5
"sim_83",5
"sim_83",5
"sim_83",5
"sim_83",5
"sim_83",5
"sim_83",5
"sim_83",5
"sim_83",5
"sim_83",5
"sim_83",5
"sim_83",5
"sim_83",5
"sim_83",5
"sim_83",5
"sim_83",5
"sim_83",5
"sim_83",5
"sim_83",5
"sim_83",5
"sim_83",5
"sim_83",5
"sim_83",5
"sim_83",5
"sim_83",5
"sim_83",5
"sim_83",5
"sim_83",5
"sim_83",5
"sim_83",5
"sim_83",5
"sim_83",5
"sim_83",5
"sim_83",5
"sim_83",5
"sim_83",5
"sim_83",5
"sim_83",5
"sim_83",5
"sim_83",5
"sim_83",5
"sim_83",5
"sim_83",5
"sim_83",5
"sim_83",5
"sim_83",5
"sim_83",5
"sim_83",5
"sim_83",5
"sim_83",5
"sim_83",5
"sim_83",5
"sim_83",5
"sim_83",5
"sim_83",5
"sim_83",5
"sim_83",5
"sim_83",5
"sim_83",5
"sim_83",5
"sim_83",5
"sim_83",5
"sim_83",5
"sim_83",5
"sim_83",5
"sim_83",5
"sim_83",5
"sim_83",5
"sim_83",5
"sim_83",5
"sim_83",5
"sim_83",5
"sim_83",5
"sim_83",5
"sim_83",5
"sim_83",5
"sim_83",5
"sim_83",5
"sim_83",5
"sim_83",5
"sim_83",5
"sim_83",5
"sim_83",5
"sim_83",6
"sim_83",6
"sim_83",6
"sim_83",6
"sim_83",6
"sim_83",6
"sim_83",6
"sim_83",6
"sim_83",6
"sim_83",6
"sim_83",6
"sim_83",6
"sim_83",6
"sim_83",6
"sim_83",6
"sim_83",6
"sim_83",6
"sim_83",6
"sim_83",6
"sim_83",6
"sim_83",6
"sim_83",6
"sim_83",6
"sim_83",6
"sim_83",6
"sim_83",6
"sim_83",6
"sim_83",6
"sim_83",6
"sim_83",6
"sim_83",6
"sim_83",6
"sim_83",6
"sim_83",6
"sim_83",6
"sim_83",7
"sim_83",7
"sim_83",7
"sim_83",7
"sim_83",7
"sim_83",7
"sim_83",7
"sim_83",7
"sim_83",7
"sim_83",7
"sim_83",7
"sim_83",7
"sim_83",7
"sim_83",7
"sim_83",7
"sim_83",7
"sim_83",7
"sim_83",7
"sim_83",7
"sim_83",7
"sim_83",7
"sim_83",7
"sim_83",7
"sim_83",7
"sim_83",7
"sim_83",7
"sim_83",7
"sim_83",7
"sim_83",8
"sim_83",8
"sim_83",8
"sim_83",8
"sim_83",8
"sim_83",8
"sim_83",8
"sim_83",8
"sim_83",8
"sim_83",8
"sim_83",8
"sim_83",8
"sim_83",8
"sim_83",8
"sim_83",8
"sim_83",8
"sim_83",8
"sim_83",8
"sim_83",8
"sim_83",9
"sim_83",9
"sim_83",9
"sim_83",9
"sim_83",9
"sim_83",9
"sim_83",9
"sim_83",9
"sim_83",9
"sim_83",9
"sim_83",9
"sim_83",9
"sim_83",9
"sim_83",10
"sim_83",11
"sim_83",11
"sim_83",11
"sim_83",12
"sim_83",12
"sim_83",12
"sim_83",12
"sim_83",13
"sim_83",14
"sim_83",14
"sim_83",14
"sim_84",4
"sim_84",4
"sim_84",4
"sim_84",4
"sim_84",4
"sim_84",4
"sim_84",4
"sim_84",4
"sim_84",4
"sim_84",4
"sim_84",4
"sim_84",4
"sim_84",4
"sim_84",4
"sim_84",4
"sim_84",4
"sim_84",4
"sim_84",4
"sim_84",4
"sim_84",4
"sim_84",4
"sim_84",4
"sim_84",4
"sim_84",4
"sim_84",4
"sim_84",4
"sim_84",4
"sim_84",4
"sim_84",4
"sim_84",4
"sim_84",4
"sim_84",4
"sim_84",4
"sim_84",4
"sim_84",4
"sim_84",4
"sim_84",4
"sim_84",4
"sim_84",4
"sim_84",4
"sim_84",4
"sim_84",4
"sim_84",4
"sim_84",4
"sim_84",4
"sim_84",4
"sim_84",4
"sim_84",4
"sim_84",4
"sim_84",4
"sim_84",4
"sim_84",4
"sim_84",4
"sim_84",4
"sim_84",4
"sim_84",4
"sim_84",4
"sim_84",4
"sim_84",4
"sim_84",4
"sim_84",4
"sim_84",4
"sim_84",4
"sim_84",4
"sim_84",4
"sim_84",4
"sim_84",4
"sim_84",4
"sim_84",4
"sim_84",4
"sim_84",4
"sim_84",4
"sim_84",4
"sim_84",4
"sim_84",4
"sim_84",4
"sim_84",4
"sim_84",4
"sim_84",4
"sim_84",4
"sim_84",4
"sim_84",4
"sim_84",4
"sim_84",4
"sim_84",4
"sim_84",4
"sim_84",4
"sim_84",4
"sim_84",4
"sim_84",4
"sim_84",4
"sim_84",4
"sim_84",4
"sim_84",4
"sim_84",4
"sim_84",4
"sim_84",4
"sim_84",4
"sim_84",4
"sim_84",4
"sim_84",4
"sim_84",4
"sim_84",4
"sim_84",4
"sim_84",4
"sim_84",4
"sim_84",4
"sim_84",4
"sim_84",4
"sim_84",4
"sim_84",4
"sim_84",4
"sim_84",4
"sim_84",4
"sim_84",4
"sim_84",4
"sim_84",4
"sim_84",4
"sim_84",4
"sim_84",4
"sim_84",4
"sim_84",4
"sim_84",4
"sim_84",4
"sim_84",4
"sim_84",4
"sim_84",4
"sim_84",4
"sim_84",4
"sim_84",4
"sim_84",4
"sim_84",4
"sim_84",4
"sim_84",4
"sim_84",4
"sim_84",4
"sim_84",4
"sim_84",4
"sim_84",4
"sim_84",4
"sim_84",4
"sim_84",4
"sim_84",4
"sim_84",4
"sim_84",4
"sim_84",4
"sim_84",4
"sim_84",4
"sim_84",4
"sim_84",4
"sim_84",4
"sim_84",4
"sim_84",4
"sim_84",4
"sim_84",4
"sim_84",4
"sim_84",4
"sim_84",4
"sim_84",4
"sim_84",4
"sim_84",4
"sim_84",4
"sim_84",4
"sim_84",4
"sim_84",4
"sim_84",4
"sim_84",4
"sim_84",4
"sim_84",4
"sim_84",4
"sim_84",4
"sim_84",4
"sim_84",4
"sim_84",4
"sim_84",4
"sim_84",4
"sim_84",4
"sim_84",4
"sim_84",4
"sim_84",4
"sim_84",4
"sim_84",4
"sim_84",4
"sim_84",4
"sim_84",4
"sim_84",4
"sim_84",4
"sim_84",4
"sim_84",4
"sim_84",4
"sim_84",4
"sim_84",4
"sim_84",4
"sim_84",4
"sim_84",4
"sim_84",4
"sim_84",4
"sim_84",4
"sim_84",4
"sim_84",4
"sim_84",4
"sim_84",4
"sim_84",4
"sim_84",4
"sim_84",4
"sim_84",4
"sim_84",4
"sim_84",4
"sim_84",4
"sim_84",4
"sim_84",4
"sim_84",4
"sim_84",4
"sim_84",4
"sim_84",4
"sim_84",4
"sim_84",4
"sim_84",4
"sim_84",4
"sim_84",4
"sim_84",4
"sim_84",4
"sim_84",4
"sim_84",4
"sim_84",4
"sim_84",4
"sim_84",4
"sim_84",4
"sim_84",4
"sim_84",4
"sim_84",4
"sim_84",4
"sim_84",4
"sim_84",4
"sim_84",4
"sim_84",4
"sim_84",4
"sim_84",4
"sim_84",4
"sim_84",4
"sim_84",4
"sim_84",4
"sim_84",4
"sim_84",4
"sim_84",4
"sim_84",4
"sim_84",4
"sim_84",4
"sim_84",4
"sim_84",4
"sim_84",4
"sim_84",4
"sim_84",4
"sim_84",4
"sim_84",4
"sim_84",4
"sim_84",4
"sim_84",4
"sim_84",4
"sim_84",4
"sim_84",4
"sim_84",4
"sim_84",4
"sim_84",4
"sim_84",4
"sim_84",4
"sim_84",4
"sim_84",4
"sim_84",4
"sim_84",4
"sim_84",4
"sim_84",4
"sim_84",4
"sim_84",4
"sim_84",4
"sim_84",4
"sim_84",4
"sim_84",4
"sim_84",4
"sim_84",4
"sim_84",4
"sim_84",4
"sim_84",4
"sim_84",4
"sim_84",4
"sim_84",4
"sim_84",4
"sim_84",4
"sim_84",4
"sim_84",4
"sim_84",4
"sim_84",4
"sim_84",4
"sim_84",4
"sim_84",4
"sim_84",4
"sim_84",4
"sim_84",4
"sim_84",4
"sim_84",4
"sim_84",4
"sim_84",4
"sim_84",4
"sim_84",4
"sim_84",4
"sim_84",4
"sim_84",4
"sim_84",4
"sim_84",4
"sim_84",4
"sim_84",4
"sim_84",4
"sim_84",4
"sim_84",4
"sim_84",4
"sim_84",4
"sim_84",4
"sim_84",4
"sim_84",4
"sim_84",4
"sim_84",4
"sim_84",4
"sim_84",4
"sim_84",4
"sim_84",4
"sim_84",4
"sim_84",4
"sim_84",4
"sim_84",4
"sim_84",4
"sim_84",4
"sim_84",4
"sim_84",4
"sim_84",4
"sim_84",4
"sim_84",4
"sim_84",4
"sim_84",4
"sim_84",4
"sim_84",4
"sim_84",4
"sim_84",4
"sim_84",4
"sim_84",4
"sim_84",4
"sim_84",4
"sim_84",4
"sim_84",4
"sim_84",4
"sim_84",4
"sim_84",4
"sim_84",4
"sim_84",4
"sim_84",4
"sim_84",4
"sim_84",4
"sim_84",4
"sim_84",4
"sim_84",4
"sim_84",4
"sim_84",4
"sim_84",4
"sim_84",4
"sim_84",4
"sim_84",4
"sim_84",4
"sim_84",4
"sim_84",4
"sim_84",4
"sim_84",4
"sim_84",4
"sim_84",4
"sim_84",4
"sim_84",4
"sim_84",4
"sim_84",4
"sim_84",4
"sim_84",4
"sim_84",4
"sim_84",4
"sim_84",4
"sim_84",4
"sim_84",4
"sim_84",4
"sim_84",4
"sim_84",4
"sim_84",4
"sim_84",4
"sim_84",4
"sim_84",4
"sim_84",4
"sim_84",5
"sim_84",5
"sim_84",5
"sim_84",5
"sim_84",5
"sim_84",5
"sim_84",5
"sim_84",5
"sim_84",5
"sim_84",5
"sim_84",5
"sim_84",5
"sim_84",5
"sim_84",5
"sim_84",5
"sim_84",5
"sim_84",5
"sim_84",5
"sim_84",5
"sim_84",5
"sim_84",5
"sim_84",5
"sim_84",5
"sim_84",5
"sim_84",5
"sim_84",5
"sim_84",5
"sim_84",5
"sim_84",5
"sim_84",5
"sim_84",5
"sim_84",5
"sim_84",5
"sim_84",5
"sim_84",5
"sim_84",5
"sim_84",5
"sim_84",5
"sim_84",5
"sim_84",5
"sim_84",5
"sim_84",5
"sim_84",5
"sim_84",5
"sim_84",5
"sim_84",5
"sim_84",5
"sim_84",5
"sim_84",5
"sim_84",5
"sim_84",5
"sim_84",5
"sim_84",5
"sim_84",5
"sim_84",5
"sim_84",5
"sim_84",5
"sim_84",5
"sim_84",5
"sim_84",5
"sim_84",5
"sim_84",5
"sim_84",5
"sim_84",5
"sim_84",5
"sim_84",5
"sim_84",5
"sim_84",5
"sim_84",5
"sim_84",5
"sim_84",5
"sim_84",5
"sim_84",5
"sim_84",5
"sim_84",5
"sim_84",5
"sim_84",5
"sim_84",5
"sim_84",5
"sim_84",5
"sim_84",5
"sim_84",5
"sim_84",5
"sim_84",5
"sim_84",5
"sim_84",5
"sim_84",5
"sim_84",5
"sim_84",5
"sim_84",5
"sim_84",5
"sim_84",5
"sim_84",6
"sim_84",6
"sim_84",6
"sim_84",6
"sim_84",6
"sim_84",6
"sim_84",6
"sim_84",6
"sim_84",6
"sim_84",6
"sim_84",6
"sim_84",6
"sim_84",6
"sim_84",6
"sim_84",6
"sim_84",6
"sim_84",6
"sim_84",6
"sim_84",6
"sim_84",6
"sim_84",6
"sim_84",6
"sim_84",6
"sim_84",6
"sim_84",6
"sim_84",6
"sim_84",6
"sim_84",6
"sim_84",6
"sim_84",6
"sim_84",6
"sim_84",7
"sim_84",7
"sim_84",7
"sim_84",7
"sim_84",7
"sim_84",7
"sim_84",7
"sim_84",7
"sim_84",7
"sim_84",7
"sim_84",7
"sim_84",7
"sim_84",7
"sim_84",7
"sim_84",7
"sim_84",7
"sim_84",7
"sim_84",7
"sim_84",7
"sim_84",7
"sim_84",7
"sim_84",7
"sim_84",7
"sim_84",8
"sim_84",8
"sim_84",8
"sim_84",8
"sim_84",8
"sim_84",8
"sim_84",8
"sim_84",8
"sim_84",8
"sim_84",8
"sim_84",8
"sim_84",8
"sim_84",8
"sim_84",8
"sim_84",8
"sim_84",8
"sim_84",9
"sim_84",9
"sim_84",9
"sim_84",9
"sim_84",9
"sim_84",9
"sim_84",9
"sim_84",10
"sim_84",10
"sim_84",11
"sim_84",11
"sim_84",12
"sim_84",12
"sim_85",4
"sim_85",4
"sim_85",4
"sim_85",4
"sim_85",4
"sim_85",4
"sim_85",4
"sim_85",4
"sim_85",4
"sim_85",4
"sim_85",4
"sim_85",4
"sim_85",4
"sim_85",4
"sim_85",4
"sim_85",4
"sim_85",4
"sim_85",4
"sim_85",4
"sim_85",4
"sim_85",4
"sim_85",4
"sim_85",4
"sim_85",4
"sim_85",4
"sim_85",4
"sim_85",4
"sim_85",4
"sim_85",4
"sim_85",4
"sim_85",4
"sim_85",4
"sim_85",4
"sim_85",4
"sim_85",4
"sim_85",4
"sim_85",4
"sim_85",4
"sim_85",4
"sim_85",4
"sim_85",4
"sim_85",4
"sim_85",4
"sim_85",4
"sim_85",4
"sim_85",4
"sim_85",4
"sim_85",4
"sim_85",4
"sim_85",4
"sim_85",4
"sim_85",4
"sim_85",4
"sim_85",4
"sim_85",4
"sim_85",4
"sim_85",4
"sim_85",4
"sim_85",4
"sim_85",4
"sim_85",4
"sim_85",4
"sim_85",4
"sim_85",4
"sim_85",4
"sim_85",4
"sim_85",4
"sim_85",4
"sim_85",4
"sim_85",4
"sim_85",4
"sim_85",4
"sim_85",4
"sim_85",4
"sim_85",4
"sim_85",4
"sim_85",4
"sim_85",4
"sim_85",4
"sim_85",4
"sim_85",4
"sim_85",4
"sim_85",4
"sim_85",4
"sim_85",4
"sim_85",4
"sim_85",4
"sim_85",4
"sim_85",4
"sim_85",4
"sim_85",4
"sim_85",4
"sim_85",4
"sim_85",4
"sim_85",4
"sim_85",4
"sim_85",4
"sim_85",4
"sim_85",4
"sim_85",4
"sim_85",4
"sim_85",4
"sim_85",4
"sim_85",4
"sim_85",4
"sim_85",4
"sim_85",4
"sim_85",4
"sim_85",4
"sim_85",4
"sim_85",4
"sim_85",4
"sim_85",4
"sim_85",4
"sim_85",4
"sim_85",4
"sim_85",4
"sim_85",4
"sim_85",4
"sim_85",4
"sim_85",4
"sim_85",4
"sim_85",4
"sim_85",4
"sim_85",4
"sim_85",4
"sim_85",4
"sim_85",4
"sim_85",4
"sim_85",4
"sim_85",4
"sim_85",4
"sim_85",4
"sim_85",4
"sim_85",4
"sim_85",4
"sim_85",4
"sim_85",4
"sim_85",4
"sim_85",4
"sim_85",4
"sim_85",4
"sim_85",4
"sim_85",4
"sim_85",4
"sim_85",4
"sim_85",4
"sim_85",4
"sim_85",4
"sim_85",4
"sim_85",4
"sim_85",4
"sim_85",4
"sim_85",4
"sim_85",4
"sim_85",4
"sim_85",4
"sim_85",4
"sim_85",4
"sim_85",4
"sim_85",4
"sim_85",4
"sim_85",4
"sim_85",4
"sim_85",4
"sim_85",4
"sim_85",4
"sim_85",4
"sim_85",4
"sim_85",4
"sim_85",4
"sim_85",4
"sim_85",4
"sim_85",4
"sim_85",4
"sim_85",4
"sim_85",4
"sim_85",4
"sim_85",4
"sim_85",4
"sim_85",4
"sim_85",4
"sim_85",4
"sim_85",4
"sim_85",4
"sim_85",4
"sim_85",4
"sim_85",4
"sim_85",4
"sim_85",4
"sim_85",4
"sim_85",4
"sim_85",4
"sim_85",4
"sim_85",4
"sim_85",4
"sim_85",4
"sim_85",4
"sim_85",4
"sim_85",4
"sim_85",4
"sim_85",4
"sim_85",4
"sim_85",4
"sim_85",4
"sim_85",4
"sim_85",4
"sim_85",4
"sim_85",4
"sim_85",4
"sim_85",4
"sim_85",4
"sim_85",4
"sim_85",4
"sim_85",4
"sim_85",4
"sim_85",4
"sim_85",4
"sim_85",4
"sim_85",4
"sim_85",4
"sim_85",4
"sim_85",4
"sim_85",4
"sim_85",4
"sim_85",4
"sim_85",4
"sim_85",4
"sim_85",4
"sim_85",4
"sim_85",4
"sim_85",4
"sim_85",4
"sim_85",4
"sim_85",4
"sim_85",4
"sim_85",4
"sim_85",4
"sim_85",4
"sim_85",4
"sim_85",4
"sim_85",4
"sim_85",4
"sim_85",4
"sim_85",4
"sim_85",4
"sim_85",4
"sim_85",4
"sim_85",4
"sim_85",4
"sim_85",4
"sim_85",4
"sim_85",4
"sim_85",4
"sim_85",4
"sim_85",4
"sim_85",4
"sim_85",4
"sim_85",4
"sim_85",4
"sim_85",4
"sim_85",4
"sim_85",4
"sim_85",4
"sim_85",4
"sim_85",4
"sim_85",4
"sim_85",4
"sim_85",4
"sim_85",4
"sim_85",4
"sim_85",4
"sim_85",4
"sim_85",4
"sim_85",4
"sim_85",4
"sim_85",4
"sim_85",4
"sim_85",4
"sim_85",4
"sim_85",4
"sim_85",4
"sim_85",4
"sim_85",4
"sim_85",4
"sim_85",4
"sim_85",4
"sim_85",4
"sim_85",4
"sim_85",4
"sim_85",4
"sim_85",4
"sim_85",4
"sim_85",4
"sim_85",4
"sim_85",4
"sim_85",4
"sim_85",4
"sim_85",4
"sim_85",4
"sim_85",4
"sim_85",4
"sim_85",4
"sim_85",4
"sim_85",4
"sim_85",4
"sim_85",4
"sim_85",4
"sim_85",4
"sim_85",4
"sim_85",4
"sim_85",4
"sim_85",4
"sim_85",4
"sim_85",4
"sim_85",4
"sim_85",4
"sim_85",4
"sim_85",4
"sim_85",4
"sim_85",4
"sim_85",4
"sim_85",4
"sim_85",4
"sim_85",4
"sim_85",4
"sim_85",4
"sim_85",4
"sim_85",4
"sim_85",4
"sim_85",4
"sim_85",4
"sim_85",4
"sim_85",4
"sim_85",4
"sim_85",4
"sim_85",4
"sim_85",4
"sim_85",4
"sim_85",4
"sim_85",4
"sim_85",4
"sim_85",4
"sim_85",4
"sim_85",4
"sim_85",4
"sim_85",4
"sim_85",4
"sim_85",4
"sim_85",4
"sim_85",4
"sim_85",4
"sim_85",4
"sim_85",4
"sim_85",4
"sim_85",4
"sim_85",4
"sim_85",4
"sim_85",4
"sim_85",4
"sim_85",4
"sim_85",4
"sim_85",4
"sim_85",4
"sim_85",4
"sim_85",4
"sim_85",4
"sim_85",4
"sim_85",4
"sim_85",4
"sim_85",5
"sim_85",5
"sim_85",5
"sim_85",5
"sim_85",5
"sim_85",5
"sim_85",5
"sim_85",5
"sim_85",5
"sim_85",5
"sim_85",5
"sim_85",5
"sim_85",5
"sim_85",5
"sim_85",5
"sim_85",5
"sim_85",5
"sim_85",5
"sim_85",5
"sim_85",5
"sim_85",5
"sim_85",5
"sim_85",5
"sim_85",5
"sim_85",5
"sim_85",5
"sim_85",5
"sim_85",5
"sim_85",5
"sim_85",5
"sim_85",5
"sim_85",5
"sim_85",5
"sim_85",5
"sim_85",5
"sim_85",5
"sim_85",5
"sim_85",5
"sim_85",5
"sim_85",5
"sim_85",5
"sim_85",5
"sim_85",5
"sim_85",5
"sim_85",5
"sim_85",5
"sim_85",5
"sim_85",5
"sim_85",5
"sim_85",5
"sim_85",5
"sim_85",5
"sim_85",5
"sim_85",5
"sim_85",5
"sim_85",5
"sim_85",5
"sim_85",5
"sim_85",5
"sim_85",5
"sim_85",5
"sim_85",5
"sim_85",5
"sim_85",5
"sim_85",5
"sim_85",5
"sim_85",5
"sim_85",5
"sim_85",5
"sim_85",5
"sim_85",5
"sim_85",5
"sim_85",5
"sim_85",5
"sim_85",5
"sim_85",5
"sim_85",5
"sim_85",5
"sim_85",5
"sim_85",5
"sim_85",5
"sim_85",5
"sim_85",5
"sim_85",5
"sim_85",5
"sim_85",5
"sim_85",5
"sim_85",5
"sim_85",5
"sim_85",5
"sim_85",5
"sim_85",5
"sim_85",5
"sim_85",5
"sim_85",6
"sim_85",6
"sim_85",6
"sim_85",6
"sim_85",6
"sim_85",6
"sim_85",6
"sim_85",6
"sim_85",6
"sim_85",6
"sim_85",6
"sim_85",6
"sim_85",6
"sim_85",6
"sim_85",6
"sim_85",6
"sim_85",6
"sim_85",6
"sim_85",6
"sim_85",6
"sim_85",6
"sim_85",6
"sim_85",6
"sim_85",6
"sim_85",6
"sim_85",6
"sim_85",6
"sim_85",6
"sim_85",6
"sim_85",6
"sim_85",6
"sim_85",6
"sim_85",6
"sim_85",6
"sim_85",6
"sim_85",6
"sim_85",6
"sim_85",7
"sim_85",7
"sim_85",7
"sim_85",7
"sim_85",7
"sim_85",7
"sim_85",7
"sim_85",7
"sim_85",7
"sim_85",7
"sim_85",7
"sim_85",7
"sim_85",7
"sim_85",7
"sim_85",7
"sim_85",7
"sim_85",7
"sim_85",7
"sim_85",7
"sim_85",8
"sim_85",8
"sim_85",8
"sim_85",8
"sim_85",8
"sim_85",8
"sim_85",8
"sim_85",8
"sim_85",8
"sim_85",8
"sim_85",8
"sim_85",8
"sim_85",8
"sim_85",8
"sim_85",8
"sim_85",8
"sim_85",8
"sim_85",8
"sim_85",8
"sim_85",8
"sim_85",9
"sim_85",9
"sim_85",9
"sim_85",9
"sim_85",9
"sim_85",9
"sim_85",9
"sim_85",9
"sim_85",9
"sim_85",9
"sim_85",9
"sim_85",9
"sim_85",9
"sim_85",10
"sim_85",10
"sim_85",10
"sim_85",11
"sim_85",11
"sim_85",11
"sim_85",12
"sim_85",12
"sim_85",12
"sim_85",12
"sim_85",13
"sim_85",15
"sim_85",15
"sim_86",4
"sim_86",4
"sim_86",4
"sim_86",4
"sim_86",4
"sim_86",4
"sim_86",4
"sim_86",4
"sim_86",4
"sim_86",4
"sim_86",4
"sim_86",4
"sim_86",4
"sim_86",4
"sim_86",4
"sim_86",4
"sim_86",4
"sim_86",4
"sim_86",4
"sim_86",4
"sim_86",4
"sim_86",4
"sim_86",4
"sim_86",4
"sim_86",4
"sim_86",4
"sim_86",4
"sim_86",4
"sim_86",4
"sim_86",4
"sim_86",4
"sim_86",4
"sim_86",4
"sim_86",4
"sim_86",4
"sim_86",4
"sim_86",4
"sim_86",4
"sim_86",4
"sim_86",4
"sim_86",4
"sim_86",4
"sim_86",4
"sim_86",4
"sim_86",4
"sim_86",4
"sim_86",4
"sim_86",4
"sim_86",4
"sim_86",4
"sim_86",4
"sim_86",4
"sim_86",4
"sim_86",4
"sim_86",4
"sim_86",4
"sim_86",4
"sim_86",4
"sim_86",4
"sim_86",4
"sim_86",4
"sim_86",4
"sim_86",4
"sim_86",4
"sim_86",4
"sim_86",4
"sim_86",4
"sim_86",4
"sim_86",4
"sim_86",4
"sim_86",4
"sim_86",4
"sim_86",4
"sim_86",4
"sim_86",4
"sim_86",4
"sim_86",4
"sim_86",4
"sim_86",4
"sim_86",4
"sim_86",4
"sim_86",4
"sim_86",4
"sim_86",4
"sim_86",4
"sim_86",4
"sim_86",4
"sim_86",4
"sim_86",4
"sim_86",4
"sim_86",4
"sim_86",4
"sim_86",4
"sim_86",4
"sim_86",4
"sim_86",4
"sim_86",4
"sim_86",4
"sim_86",4
"sim_86",4
"sim_86",4
"sim_86",4
"sim_86",4
"sim_86",4
"sim_86",4
"sim_86",4
"sim_86",4
"sim_86",4
"sim_86",4
"sim_86",4
"sim_86",4
"sim_86",4
"sim_86",4
"sim_86",4
"sim_86",4
"sim_86",4
"sim_86",4
"sim_86",4
"sim_86",4
"sim_86",4
"sim_86",4
"sim_86",4
"sim_86",4
"sim_86",4
"sim_86",4
"sim_86",4
"sim_86",4
"sim_86",4
"sim_86",4
"sim_86",4
"sim_86",4
"sim_86",4
"sim_86",4
"sim_86",4
"sim_86",4
"sim_86",4
"sim_86",4
"sim_86",4
"sim_86",4
"sim_86",4
"sim_86",4
"sim_86",4
"sim_86",4
"sim_86",4
"sim_86",4
"sim_86",4
"sim_86",4
"sim_86",4
"sim_86",4
"sim_86",4
"sim_86",4
"sim_86",4
"sim_86",4
"sim_86",4
"sim_86",4
"sim_86",4
"sim_86",4
"sim_86",4
"sim_86",4
"sim_86",4
"sim_86",4
"sim_86",4
"sim_86",4
"sim_86",4
"sim_86",4
"sim_86",4
"sim_86",4
"sim_86",4
"sim_86",4
"sim_86",4
"sim_86",4
"sim_86",4
"sim_86",4
"sim_86",4
"sim_86",4
"sim_86",4
"sim_86",4
"sim_86",4
"sim_86",4
"sim_86",4
"sim_86",4
"sim_86",4
"sim_86",4
"sim_86",4
"sim_86",4
"sim_86",4
"sim_86",4
"sim_86",4
"sim_86",4
"sim_86",4
"sim_86",4
"sim_86",4
"sim_86",4
"sim_86",4
"sim_86",4
"sim_86",4
"sim_86",4
"sim_86",4
"sim_86",4
"sim_86",4
"sim_86",4
"sim_86",4
"sim_86",4
"sim_86",4
"sim_86",4
"sim_86",4
"sim_86",4
"sim_86",4
"sim_86",4
"sim_86",4
"sim_86",4
"sim_86",4
"sim_86",4
"sim_86",4
"sim_86",4
"sim_86",4
"sim_86",4
"sim_86",4
"sim_86",4
"sim_86",4
"sim_86",4
"sim_86",4
"sim_86",4
"sim_86",4
"sim_86",4
"sim_86",4
"sim_86",4
"sim_86",4
"sim_86",4
"sim_86",4
"sim_86",4
"sim_86",4
"sim_86",4
"sim_86",4
"sim_86",4
"sim_86",4
"sim_86",4
"sim_86",4
"sim_86",4
"sim_86",4
"sim_86",4
"sim_86",4
"sim_86",4
"sim_86",4
"sim_86",4
"sim_86",4
"sim_86",4
"sim_86",4
"sim_86",4
"sim_86",4
"sim_86",4
"sim_86",4
"sim_86",4
"sim_86",4
"sim_86",4
"sim_86",4
"sim_86",4
"sim_86",4
"sim_86",4
"sim_86",4
"sim_86",4
"sim_86",4
"sim_86",4
"sim_86",4
"sim_86",4
"sim_86",4
"sim_86",4
"sim_86",4
"sim_86",4
"sim_86",4
"sim_86",4
"sim_86",4
"sim_86",4
"sim_86",4
"sim_86",4
"sim_86",4
"sim_86",4
"sim_86",4
"sim_86",4
"sim_86",4
"sim_86",4
"sim_86",4
"sim_86",4
"sim_86",4
"sim_86",4
"sim_86",4
"sim_86",4
"sim_86",4
"sim_86",4
"sim_86",4
"sim_86",4
"sim_86",4
"sim_86",4
"sim_86",4
"sim_86",4
"sim_86",4
"sim_86",4
"sim_86",4
"sim_86",4
"sim_86",4
"sim_86",4
"sim_86",4
"sim_86",4
"sim_86",4
"sim_86",4
"sim_86",4
"sim_86",4
"sim_86",4
"sim_86",4
"sim_86",4
"sim_86",4
"sim_86",4
"sim_86",4
"sim_86",4
"sim_86",4
"sim_86",4
"sim_86",4
"sim_86",4
"sim_86",4
"sim_86",4
"sim_86",4
"sim_86",4
"sim_86",4
"sim_86",4
"sim_86",4
"sim_86",4
"sim_86",4
"sim_86",4
"sim_86",4
"sim_86",4
"sim_86",4
"sim_86",4
"sim_86",4
"sim_86",4
"sim_86",4
"sim_86",4
"sim_86",4
"sim_86",4
"sim_86",4
"sim_86",4
"sim_86",4
"sim_86",4
"sim_86",4
"sim_86",4
"sim_86",4
"sim_86",4
"sim_86",4
"sim_86",4
"sim_86",4
"sim_86",4
"sim_86",4
"sim_86",4
"sim_86",4
"sim_86",4
"sim_86",4
"sim_86",4
"sim_86",4
"sim_86",4
"sim_86",4
"sim_86",4
"sim_86",4
"sim_86",4
"sim_86",4
"sim_86",4
"sim_86",4
"sim_86",4
"sim_86",4
"sim_86",4
"sim_86",4
"sim_86",4
"sim_86",4
"sim_86",4
"sim_86",4
"sim_86",4
"sim_86",4
"sim_86",4
"sim_86",4
"sim_86",4
"sim_86",4
"sim_86",4
"sim_86",4
"sim_86",4
"sim_86",4
"sim_86",4
"sim_86",4
"sim_86",4
"sim_86",4
"sim_86",5
"sim_86",5
"sim_86",5
"sim_86",5
"sim_86",5
"sim_86",5
"sim_86",5
"sim_86",5
"sim_86",5
"sim_86",5
"sim_86",5
"sim_86",5
"sim_86",5
"sim_86",5
"sim_86",5
"sim_86",5
"sim_86",5
"sim_86",5
"sim_86",5
"sim_86",5
"sim_86",5
"sim_86",5
"sim_86",5
"sim_86",5
"sim_86",5
"sim_86",5
"sim_86",5
"sim_86",5
"sim_86",5
"sim_86",5
"sim_86",5
"sim_86",5
"sim_86",5
"sim_86",5
"sim_86",5
"sim_86",5
"sim_86",5
"sim_86",5
"sim_86",5
"sim_86",5
"sim_86",5
"sim_86",5
"sim_86",5
"sim_86",5
"sim_86",5
"sim_86",5
"sim_86",5
"sim_86",5
"sim_86",5
"sim_86",5
"sim_86",5
"sim_86",5
"sim_86",5
"sim_86",5
"sim_86",5
"sim_86",5
"sim_86",5
"sim_86",5
"sim_86",5
"sim_86",5
"sim_86",5
"sim_86",5
"sim_86",5
"sim_86",5
"sim_86",5
"sim_86",5
"sim_86",5
"sim_86",5
"sim_86",5
"sim_86",5
"sim_86",5
"sim_86",5
"sim_86",5
"sim_86",5
"sim_86",5
"sim_86",5
"sim_86",5
"sim_86",5
"sim_86",5
"sim_86",5
"sim_86",5
"sim_86",5
"sim_86",5
"sim_86",5
"sim_86",5
"sim_86",5
"sim_86",5
"sim_86",5
"sim_86",5
"sim_86",6
"sim_86",6
"sim_86",6
"sim_86",6
"sim_86",6
"sim_86",6
"sim_86",6
"sim_86",6
"sim_86",6
"sim_86",6
"sim_86",6
"sim_86",6
"sim_86",6
"sim_86",6
"sim_86",6
"sim_86",6
"sim_86",6
"sim_86",6
"sim_86",6
"sim_86",6
"sim_86",6
"sim_86",6
"sim_86",6
"sim_86",6
"sim_86",6
"sim_86",6
"sim_86",6
"sim_86",6
"sim_86",6
"sim_86",6
"sim_86",6
"sim_86",6
"sim_86",6
"sim_86",6
"sim_86",6
"sim_86",6
"sim_86",6
"sim_86",6
"sim_86",6
"sim_86",6
"sim_86",6
"sim_86",6
"sim_86",6
"sim_86",7
"sim_86",7
"sim_86",7
"sim_86",7
"sim_86",7
"sim_86",7
"sim_86",7
"sim_86",7
"sim_86",7
"sim_86",7
"sim_86",7
"sim_86",7
"sim_86",7
"sim_86",7
"sim_86",7
"sim_86",7
"sim_86",7
"sim_86",7
"sim_86",7
"sim_86",7
"sim_86",7
"sim_86",8
"sim_86",8
"sim_86",8
"sim_86",8
"sim_86",8
"sim_86",8
"sim_86",9
"sim_86",9
"sim_86",9
"sim_86",9
"sim_86",9
"sim_86",9
"sim_86",9
"sim_86",9
"sim_86",11
"sim_86",12
"sim_86",13
"sim_86",13
"sim_86",13
"sim_86",14
"sim_86",14
"sim_86",14
"sim_86",14
"sim_86",14
"sim_86",15
"sim_86",15
"sim_87",4
"sim_87",4
"sim_87",4
"sim_87",4
"sim_87",4
"sim_87",4
"sim_87",4
"sim_87",4
"sim_87",4
"sim_87",4
"sim_87",4
"sim_87",4
"sim_87",4
"sim_87",4
"sim_87",4
"sim_87",4
"sim_87",4
"sim_87",4
"sim_87",4
"sim_87",4
"sim_87",4
"sim_87",4
"sim_87",4
"sim_87",4
"sim_87",4
"sim_87",4
"sim_87",4
"sim_87",4
"sim_87",4
"sim_87",4
"sim_87",4
"sim_87",4
"sim_87",4
"sim_87",4
"sim_87",4
"sim_87",4
"sim_87",4
"sim_87",4
"sim_87",4
"sim_87",4
"sim_87",4
"sim_87",4
"sim_87",4
"sim_87",4
"sim_87",4
"sim_87",4
"sim_87",4
"sim_87",4
"sim_87",4
"sim_87",4
"sim_87",4
"sim_87",4
"sim_87",4
"sim_87",4
"sim_87",4
"sim_87",4
"sim_87",4
"sim_87",4
"sim_87",4
"sim_87",4
"sim_87",4
"sim_87",4
"sim_87",4
"sim_87",4
"sim_87",4
"sim_87",4
"sim_87",4
"sim_87",4
"sim_87",4
"sim_87",4
"sim_87",4
"sim_87",4
"sim_87",4
"sim_87",4
"sim_87",4
"sim_87",4
"sim_87",4
"sim_87",4
"sim_87",4
"sim_87",4
"sim_87",4
"sim_87",4
"sim_87",4
"sim_87",4
"sim_87",4
"sim_87",4
"sim_87",4
"sim_87",4
"sim_87",4
"sim_87",4
"sim_87",4
"sim_87",4
"sim_87",4
"sim_87",4
"sim_87",4
"sim_87",4
"sim_87",4
"sim_87",4
"sim_87",4
"sim_87",4
"sim_87",4
"sim_87",4
"sim_87",4
"sim_87",4
"sim_87",4
"sim_87",4
"sim_87",4
"sim_87",4
"sim_87",4
"sim_87",4
"sim_87",4
"sim_87",4
"sim_87",4
"sim_87",4
"sim_87",4
"sim_87",4
"sim_87",4
"sim_87",4
"sim_87",4
"sim_87",4
"sim_87",4
"sim_87",4
"sim_87",4
"sim_87",4
"sim_87",4
"sim_87",4
"sim_87",4
"sim_87",4
"sim_87",4
"sim_87",4
"sim_87",4
"sim_87",4
"sim_87",4
"sim_87",4
"sim_87",4
"sim_87",4
"sim_87",4
"sim_87",4
"sim_87",4
"sim_87",4
"sim_87",4
"sim_87",4
"sim_87",4
"sim_87",4
"sim_87",4
"sim_87",4
"sim_87",4
"sim_87",4
"sim_87",4
"sim_87",4
"sim_87",4
"sim_87",4
"sim_87",4
"sim_87",4
"sim_87",4
"sim_87",4
"sim_87",4
"sim_87",4
"sim_87",4
"sim_87",4
"sim_87",4
"sim_87",4
"sim_87",4
"sim_87",4
"sim_87",4
"sim_87",4
"sim_87",4
"sim_87",4
"sim_87",4
"sim_87",4
"sim_87",4
"sim_87",4
"sim_87",4
"sim_87",4
"sim_87",4
"sim_87",4
"sim_87",4
"sim_87",4
"sim_87",4
"sim_87",4
"sim_87",4
"sim_87",4
"sim_87",4
"sim_87",4
"sim_87",4
"sim_87",4
"sim_87",4
"sim_87",4
"sim_87",4
"sim_87",4
"sim_87",4
"sim_87",4
"sim_87",4
"sim_87",4
"sim_87",4
"sim_87",4
"sim_87",4
"sim_87",4
"sim_87",4
"sim_87",4
"sim_87",4
"sim_87",4
"sim_87",4
"sim_87",4
"sim_87",4
"sim_87",4
"sim_87",4
"sim_87",4
"sim_87",4
"sim_87",4
"sim_87",4
"sim_87",4
"sim_87",4
"sim_87",4
"sim_87",4
"sim_87",4
"sim_87",4
"sim_87",4
"sim_87",4
"sim_87",4
"sim_87",4
"sim_87",4
"sim_87",4
"sim_87",4
"sim_87",4
"sim_87",4
"sim_87",4
"sim_87",4
"sim_87",4
"sim_87",4
"sim_87",4
"sim_87",4
"sim_87",4
"sim_87",4
"sim_87",4
"sim_87",4
"sim_87",4
"sim_87",4
"sim_87",4
"sim_87",4
"sim_87",4
"sim_87",4
"sim_87",4
"sim_87",4
"sim_87",4
"sim_87",4
"sim_87",4
"sim_87",4
"sim_87",4
"sim_87",4
"sim_87",4
"sim_87",4
"sim_87",4
"sim_87",4
"sim_87",4
"sim_87",4
"sim_87",4
"sim_87",4
"sim_87",4
"sim_87",4
"sim_87",4
"sim_87",4
"sim_87",4
"sim_87",4
"sim_87",4
"sim_87",4
"sim_87",4
"sim_87",4
"sim_87",4
"sim_87",4
"sim_87",4
"sim_87",4
"sim_87",4
"sim_87",4
"sim_87",4
"sim_87",4
"sim_87",4
"sim_87",4
"sim_87",4
"sim_87",4
"sim_87",4
"sim_87",4
"sim_87",4
"sim_87",4
"sim_87",4
"sim_87",4
"sim_87",4
"sim_87",4
"sim_87",4
"sim_87",4
"sim_87",4
"sim_87",4
"sim_87",4
"sim_87",4
"sim_87",4
"sim_87",4
"sim_87",4
"sim_87",4
"sim_87",4
"sim_87",4
"sim_87",4
"sim_87",4
"sim_87",4
"sim_87",4
"sim_87",4
"sim_87",4
"sim_87",4
"sim_87",4
"sim_87",4
"sim_87",4
"sim_87",4
"sim_87",4
"sim_87",4
"sim_87",4
"sim_87",4
"sim_87",4
"sim_87",4
"sim_87",4
"sim_87",4
"sim_87",4
"sim_87",4
"sim_87",4
"sim_87",4
"sim_87",4
"sim_87",4
"sim_87",4
"sim_87",4
"sim_87",4
"sim_87",4
"sim_87",4
"sim_87",4
"sim_87",4
"sim_87",4
"sim_87",4
"sim_87",4
"sim_87",4
"sim_87",4
"sim_87",4
"sim_87",4
"sim_87",4
"sim_87",4
"sim_87",4
"sim_87",4
"sim_87",4
"sim_87",4
"sim_87",4
"sim_87",4
"sim_87",4
"sim_87",4
"sim_87",4
"sim_87",4
"sim_87",4
"sim_87",4
"sim_87",4
"sim_87",4
"sim_87",4
"sim_87",4
"sim_87",4
"sim_87",4
"sim_87",4
"sim_87",4
"sim_87",4
"sim_87",4
"sim_87",4
"sim_87",4
"sim_87",4
"sim_87",4
"sim_87",4
"sim_87",4
"sim_87",4
"sim_87",4
"sim_87",4
"sim_87",4
"sim_87",4
"sim_87",4
"sim_87",4
"sim_87",4
"sim_87",4
"sim_87",4
"sim_87",4
"sim_87",4
"sim_87",4
"sim_87",4
"sim_87",4
"sim_87",4
"sim_87",4
"sim_87",4
"sim_87",4
"sim_87",4
"sim_87",5
"sim_87",5
"sim_87",5
"sim_87",5
"sim_87",5
"sim_87",5
"sim_87",5
"sim_87",5
"sim_87",5
"sim_87",5
"sim_87",5
"sim_87",5
"sim_87",5
"sim_87",5
"sim_87",5
"sim_87",5
"sim_87",5
"sim_87",5
"sim_87",5
"sim_87",5
"sim_87",5
"sim_87",5
"sim_87",5
"sim_87",5
"sim_87",5
"sim_87",5
"sim_87",5
"sim_87",5
"sim_87",5
"sim_87",5
"sim_87",5
"sim_87",5
"sim_87",5
"sim_87",5
"sim_87",5
"sim_87",5
"sim_87",5
"sim_87",5
"sim_87",5
"sim_87",5
"sim_87",5
"sim_87",5
"sim_87",5
"sim_87",5
"sim_87",5
"sim_87",5
"sim_87",5
"sim_87",5
"sim_87",5
"sim_87",5
"sim_87",5
"sim_87",5
"sim_87",5
"sim_87",5
"sim_87",5
"sim_87",5
"sim_87",5
"sim_87",5
"sim_87",5
"sim_87",5
"sim_87",5
"sim_87",5
"sim_87",5
"sim_87",5
"sim_87",5
"sim_87",5
"sim_87",5
"sim_87",5
"sim_87",5
"sim_87",5
"sim_87",5
"sim_87",5
"sim_87",5
"sim_87",5
"sim_87",5
"sim_87",5
"sim_87",5
"sim_87",5
"sim_87",5
"sim_87",5
"sim_87",5
"sim_87",5
"sim_87",5
"sim_87",5
"sim_87",5
"sim_87",5
"sim_87",5
"sim_87",5
"sim_87",5
"sim_87",5
"sim_87",5
"sim_87",5
"sim_87",5
"sim_87",5
"sim_87",5
"sim_87",5
"sim_87",5
"sim_87",5
"sim_87",6
"sim_87",6
"sim_87",6
"sim_87",6
"sim_87",6
"sim_87",6
"sim_87",6
"sim_87",6
"sim_87",6
"sim_87",6
"sim_87",6
"sim_87",6
"sim_87",6
"sim_87",6
"sim_87",6
"sim_87",6
"sim_87",6
"sim_87",6
"sim_87",6
"sim_87",6
"sim_87",6
"sim_87",6
"sim_87",6
"sim_87",6
"sim_87",6
"sim_87",6
"sim_87",6
"sim_87",6
"sim_87",6
"sim_87",6
"sim_87",6
"sim_87",6
"sim_87",6
"sim_87",6
"sim_87",7
"sim_87",7
"sim_87",7
"sim_87",7
"sim_87",7
"sim_87",7
"sim_87",7
"sim_87",7
"sim_87",7
"sim_87",7
"sim_87",7
"sim_87",7
"sim_87",7
"sim_87",7
"sim_87",7
"sim_87",7
"sim_87",7
"sim_87",7
"sim_87",7
"sim_87",7
"sim_87",7
"sim_87",7
"sim_87",7
"sim_87",7
"sim_87",7
"sim_87",7
"sim_87",8
"sim_87",8
"sim_87",8
"sim_87",8
"sim_87",8
"sim_87",8
"sim_87",8
"sim_87",8
"sim_87",8
"sim_87",8
"sim_87",8
"sim_87",8
"sim_87",9
"sim_87",9
"sim_87",9
"sim_87",9
"sim_87",10
"sim_87",11
"sim_87",11
"sim_88",4
"sim_88",4
"sim_88",4
"sim_88",4
"sim_88",4
"sim_88",4
"sim_88",4
"sim_88",4
"sim_88",4
"sim_88",4
"sim_88",4
"sim_88",4
"sim_88",4
"sim_88",4
"sim_88",4
"sim_88",4
"sim_88",4
"sim_88",4
"sim_88",4
"sim_88",4
"sim_88",4
"sim_88",4
"sim_88",4
"sim_88",4
"sim_88",4
"sim_88",4
"sim_88",4
"sim_88",4
"sim_88",4
"sim_88",4
"sim_88",4
"sim_88",4
"sim_88",4
"sim_88",4
"sim_88",4
"sim_88",4
"sim_88",4
"sim_88",4
"sim_88",4
"sim_88",4
"sim_88",4
"sim_88",4
"sim_88",4
"sim_88",4
"sim_88",4
"sim_88",4
"sim_88",4
"sim_88",4
"sim_88",4
"sim_88",4
"sim_88",4
"sim_88",4
"sim_88",4
"sim_88",4
"sim_88",4
"sim_88",4
"sim_88",4
"sim_88",4
"sim_88",4
"sim_88",4
"sim_88",4
"sim_88",4
"sim_88",4
"sim_88",4
"sim_88",4
"sim_88",4
"sim_88",4
"sim_88",4
"sim_88",4
"sim_88",4
"sim_88",4
"sim_88",4
"sim_88",4
"sim_88",4
"sim_88",4
"sim_88",4
"sim_88",4
"sim_88",4
"sim_88",4
"sim_88",4
"sim_88",4
"sim_88",4
"sim_88",4
"sim_88",4
"sim_88",4
"sim_88",4
"sim_88",4
"sim_88",4
"sim_88",4
"sim_88",4
"sim_88",4
"sim_88",4
"sim_88",4
"sim_88",4
"sim_88",4
"sim_88",4
"sim_88",4
"sim_88",4
"sim_88",4
"sim_88",4
"sim_88",4
"sim_88",4
"sim_88",4
"sim_88",4
"sim_88",4
"sim_88",4
"sim_88",4
"sim_88",4
"sim_88",4
"sim_88",4
"sim_88",4
"sim_88",4
"sim_88",4
"sim_88",4
"sim_88",4
"sim_88",4
"sim_88",4
"sim_88",4
"sim_88",4
"sim_88",4
"sim_88",4
"sim_88",4
"sim_88",4
"sim_88",4
"sim_88",4
"sim_88",4
"sim_88",4
"sim_88",4
"sim_88",4
"sim_88",4
"sim_88",4
"sim_88",4
"sim_88",4
"sim_88",4
"sim_88",4
"sim_88",4
"sim_88",4
"sim_88",4
"sim_88",4
"sim_88",4
"sim_88",4
"sim_88",4
"sim_88",4
"sim_88",4
"sim_88",4
"sim_88",4
"sim_88",4
"sim_88",4
"sim_88",4
"sim_88",4
"sim_88",4
"sim_88",4
"sim_88",4
"sim_88",4
"sim_88",4
"sim_88",4
"sim_88",4
"sim_88",4
"sim_88",4
"sim_88",4
"sim_88",4
"sim_88",4
"sim_88",4
"sim_88",4
"sim_88",4
"sim_88",4
"sim_88",4
"sim_88",4
"sim_88",4
"sim_88",4
"sim_88",4
"sim_88",4
"sim_88",4
"sim_88",4
"sim_88",4
"sim_88",4
"sim_88",4
"sim_88",4
"sim_88",4
"sim_88",4
"sim_88",4
"sim_88",4
"sim_88",4
"sim_88",4
"sim_88",4
"sim_88",4
"sim_88",4
"sim_88",4
"sim_88",4
"sim_88",4
"sim_88",4
"sim_88",4
"sim_88",4
"sim_88",4
"sim_88",4
"sim_88",4
"sim_88",4
"sim_88",4
"sim_88",4
"sim_88",4
"sim_88",4
"sim_88",4
"sim_88",4
"sim_88",4
"sim_88",4
"sim_88",4
"sim_88",4
"sim_88",4
"sim_88",4
"sim_88",4
"sim_88",4
"sim_88",4
"sim_88",4
"sim_88",4
"sim_88",4
"sim_88",4
"sim_88",4
"sim_88",4
"sim_88",4
"sim_88",4
"sim_88",4
"sim_88",4
"sim_88",4
"sim_88",4
"sim_88",4
"sim_88",4
"sim_88",4
"sim_88",4
"sim_88",4
"sim_88",4
"sim_88",4
"sim_88",4
"sim_88",4
"sim_88",4
"sim_88",4
"sim_88",4
"sim_88",4
"sim_88",4
"sim_88",4
"sim_88",4
"sim_88",4
"sim_88",4
"sim_88",4
"sim_88",4
"sim_88",4
"sim_88",4
"sim_88",4
"sim_88",4
"sim_88",4
"sim_88",4
"sim_88",4
"sim_88",4
"sim_88",4
"sim_88",4
"sim_88",4
"sim_88",4
"sim_88",4
"sim_88",4
"sim_88",4
"sim_88",4
"sim_88",4
"sim_88",4
"sim_88",4
"sim_88",4
"sim_88",4
"sim_88",4
"sim_88",4
"sim_88",4
"sim_88",4
"sim_88",4
"sim_88",4
"sim_88",4
"sim_88",4
"sim_88",4
"sim_88",4
"sim_88",4
"sim_88",4
"sim_88",4
"sim_88",4
"sim_88",4
"sim_88",4
"sim_88",4
"sim_88",4
"sim_88",4
"sim_88",4
"sim_88",4
"sim_88",4
"sim_88",4
"sim_88",4
"sim_88",4
"sim_88",4
"sim_88",4
"sim_88",4
"sim_88",4
"sim_88",4
"sim_88",4
"sim_88",4
"sim_88",4
"sim_88",4
"sim_88",4
"sim_88",4
"sim_88",4
"sim_88",4
"sim_88",4
"sim_88",4
"sim_88",4
"sim_88",4
"sim_88",4
"sim_88",4
"sim_88",4
"sim_88",4
"sim_88",4
"sim_88",4
"sim_88",4
"sim_88",4
"sim_88",4
"sim_88",4
"sim_88",4
"sim_88",4
"sim_88",4
"sim_88",4
"sim_88",4
"sim_88",4
"sim_88",4
"sim_88",4
"sim_88",4
"sim_88",4
"sim_88",4
"sim_88",4
"sim_88",4
"sim_88",4
"sim_88",4
"sim_88",4
"sim_88",4
"sim_88",4
"sim_88",4
"sim_88",4
"sim_88",4
"sim_88",4
"sim_88",4
"sim_88",4
"sim_88",4
"sim_88",4
"sim_88",4
"sim_88",4
"sim_88",4
"sim_88",4
"sim_88",4
"sim_88",4
"sim_88",4
"sim_88",4
"sim_88",4
"sim_88",4
"sim_88",4
"sim_88",4
"sim_88",4
"sim_88",4
"sim_88",4
"sim_88",4
"sim_88",4
"sim_88",4
"sim_88",4
"sim_88",4
"sim_88",4
"sim_88",4
"sim_88",4
"sim_88",4
"sim_88",4
"sim_88",4
"sim_88",4
"sim_88",4
"sim_88",4
"sim_88",4
"sim_88",4
"sim_88",4
"sim_88",4
"sim_88",4
"sim_88",4
"sim_88",4
"sim_88",4
"sim_88",4
"sim_88",4
"sim_88",4
"sim_88",4
"sim_88",4
"sim_88",4
"sim_88",5
"sim_88",5
"sim_88",5
"sim_88",5
"sim_88",5
"sim_88",5
"sim_88",5
"sim_88",5
"sim_88",5
"sim_88",5
"sim_88",5
"sim_88",5
"sim_88",5
"sim_88",5
"sim_88",5
"sim_88",5
"sim_88",5
"sim_88",5
"sim_88",5
"sim_88",5
"sim_88",5
"sim_88",5
"sim_88",5
"sim_88",5
"sim_88",5
"sim_88",5
"sim_88",5
"sim_88",5
"sim_88",5
"sim_88",5
"sim_88",5
"sim_88",5
"sim_88",5
"sim_88",5
"sim_88",5
"sim_88",5
"sim_88",5
"sim_88",5
"sim_88",5
"sim_88",5
"sim_88",5
"sim_88",5
"sim_88",5
"sim_88",5
"sim_88",5
"sim_88",5
"sim_88",5
"sim_88",5
"sim_88",5
"sim_88",5
"sim_88",5
"sim_88",5
"sim_88",5
"sim_88",5
"sim_88",5
"sim_88",5
"sim_88",5
"sim_88",5
"sim_88",5
"sim_88",5
"sim_88",5
"sim_88",5
"sim_88",5
"sim_88",5
"sim_88",5
"sim_88",5
"sim_88",5
"sim_88",5
"sim_88",5
"sim_88",5
"sim_88",5
"sim_88",5
"sim_88",5
"sim_88",5
"sim_88",5
"sim_88",5
"sim_88",5
"sim_88",5
"sim_88",5
"sim_88",5
"sim_88",5
"sim_88",5
"sim_88",5
"sim_88",5
"sim_88",5
"sim_88",5
"sim_88",5
"sim_88",5
"sim_88",5
"sim_88",5
"sim_88",5
"sim_88",5
"sim_88",5
"sim_88",5
"sim_88",6
"sim_88",6
"sim_88",6
"sim_88",6
"sim_88",6
"sim_88",6
"sim_88",6
"sim_88",6
"sim_88",6
"sim_88",6
"sim_88",6
"sim_88",6
"sim_88",6
"sim_88",6
"sim_88",6
"sim_88",6
"sim_88",6
"sim_88",6
"sim_88",6
"sim_88",6
"sim_88",6
"sim_88",6
"sim_88",6
"sim_88",6
"sim_88",6
"sim_88",6
"sim_88",6
"sim_88",6
"sim_88",6
"sim_88",6
"sim_88",6
"sim_88",7
"sim_88",7
"sim_88",7
"sim_88",7
"sim_88",7
"sim_88",7
"sim_88",7
"sim_88",7
"sim_88",7
"sim_88",7
"sim_88",7
"sim_88",8
"sim_88",8
"sim_88",8
"sim_88",8
"sim_88",8
"sim_88",8
"sim_88",8
"sim_88",8
"sim_88",8
"sim_88",8
"sim_88",8
"sim_88",8
"sim_88",8
"sim_88",9
"sim_88",9
"sim_88",9
"sim_88",9
"sim_88",9
"sim_88",9
"sim_88",9
"sim_88",9
"sim_88",9
"sim_88",9
"sim_88",9
"sim_88",9
"sim_88",9
"sim_88",9
"sim_88",9
"sim_88",9
"sim_88",9
"sim_88",9
"sim_88",10
"sim_88",10
"sim_88",10
"sim_88",11
"sim_88",11
"sim_88",11
"sim_88",12
"sim_88",12
"sim_88",12
"sim_88",13
"sim_88",13
"sim_88",13
"sim_88",15
"sim_89",4
"sim_89",4
"sim_89",4
"sim_89",4
"sim_89",4
"sim_89",4
"sim_89",4
"sim_89",4
"sim_89",4
"sim_89",4
"sim_89",4
"sim_89",4
"sim_89",4
"sim_89",4
"sim_89",4
"sim_89",4
"sim_89",4
"sim_89",4
"sim_89",4
"sim_89",4
"sim_89",4
"sim_89",4
"sim_89",4
"sim_89",4
"sim_89",4
"sim_89",4
"sim_89",4
"sim_89",4
"sim_89",4
"sim_89",4
"sim_89",4
"sim_89",4
"sim_89",4
"sim_89",4
"sim_89",4
"sim_89",4
"sim_89",4
"sim_89",4
"sim_89",4
"sim_89",4
"sim_89",4
"sim_89",4
"sim_89",4
"sim_89",4
"sim_89",4
"sim_89",4
"sim_89",4
"sim_89",4
"sim_89",4
"sim_89",4
"sim_89",4
"sim_89",4
"sim_89",4
"sim_89",4
"sim_89",4
"sim_89",4
"sim_89",4
"sim_89",4
"sim_89",4
"sim_89",4
"sim_89",4
"sim_89",4
"sim_89",4
"sim_89",4
"sim_89",4
"sim_89",4
"sim_89",4
"sim_89",4
"sim_89",4
"sim_89",4
"sim_89",4
"sim_89",4
"sim_89",4
"sim_89",4
"sim_89",4
"sim_89",4
"sim_89",4
"sim_89",4
"sim_89",4
"sim_89",4
"sim_89",4
"sim_89",4
"sim_89",4
"sim_89",4
"sim_89",4
"sim_89",4
"sim_89",4
"sim_89",4
"sim_89",4
"sim_89",4
"sim_89",4
"sim_89",4
"sim_89",4
"sim_89",4
"sim_89",4
"sim_89",4
"sim_89",4
"sim_89",4
"sim_89",4
"sim_89",4
"sim_89",4
"sim_89",4
"sim_89",4
"sim_89",4
"sim_89",4
"sim_89",4
"sim_89",4
"sim_89",4
"sim_89",4
"sim_89",4
"sim_89",4
"sim_89",4
"sim_89",4
"sim_89",4
"sim_89",4
"sim_89",4
"sim_89",4
"sim_89",4
"sim_89",4
"sim_89",4
"sim_89",4
"sim_89",4
"sim_89",4
"sim_89",4
"sim_89",4
"sim_89",4
"sim_89",4
"sim_89",4
"sim_89",4
"sim_89",4
"sim_89",4
"sim_89",4
"sim_89",4
"sim_89",4
"sim_89",4
"sim_89",4
"sim_89",4
"sim_89",4
"sim_89",4
"sim_89",4
"sim_89",4
"sim_89",4
"sim_89",4
"sim_89",4
"sim_89",4
"sim_89",4
"sim_89",4
"sim_89",4
"sim_89",4
"sim_89",4
"sim_89",4
"sim_89",4
"sim_89",4
"sim_89",4
"sim_89",4
"sim_89",4
"sim_89",4
"sim_89",4
"sim_89",4
"sim_89",4
"sim_89",4
"sim_89",4
"sim_89",4
"sim_89",4
"sim_89",4
"sim_89",4
"sim_89",4
"sim_89",4
"sim_89",4
"sim_89",4
"sim_89",4
"sim_89",4
"sim_89",4
"sim_89",4
"sim_89",4
"sim_89",4
"sim_89",4
"sim_89",4
"sim_89",4
"sim_89",4
"sim_89",4
"sim_89",4
"sim_89",4
"sim_89",4
"sim_89",4
"sim_89",4
"sim_89",4
"sim_89",4
"sim_89",4
"sim_89",4
"sim_89",4
"sim_89",4
"sim_89",4
"sim_89",4
"sim_89",4
"sim_89",4
"sim_89",4
"sim_89",4
"sim_89",4
"sim_89",4
"sim_89",4
"sim_89",4
"sim_89",4
"sim_89",4
"sim_89",4
"sim_89",4
"sim_89",4
"sim_89",4
"sim_89",4
"sim_89",4
"sim_89",4
"sim_89",4
"sim_89",4
"sim_89",4
"sim_89",4
"sim_89",4
"sim_89",4
"sim_89",4
"sim_89",4
"sim_89",4
"sim_89",4
"sim_89",4
"sim_89",4
"sim_89",4
"sim_89",4
"sim_89",4
"sim_89",4
"sim_89",4
"sim_89",4
"sim_89",4
"sim_89",4
"sim_89",4
"sim_89",4
"sim_89",4
"sim_89",4
"sim_89",4
"sim_89",4
"sim_89",4
"sim_89",4
"sim_89",4
"sim_89",4
"sim_89",4
"sim_89",4
"sim_89",4
"sim_89",4
"sim_89",4
"sim_89",4
"sim_89",4
"sim_89",4
"sim_89",4
"sim_89",4
"sim_89",4
"sim_89",4
"sim_89",4
"sim_89",4
"sim_89",4
"sim_89",4
"sim_89",4
"sim_89",4
"sim_89",4
"sim_89",4
"sim_89",4
"sim_89",4
"sim_89",4
"sim_89",4
"sim_89",4
"sim_89",4
"sim_89",4
"sim_89",4
"sim_89",4
"sim_89",4
"sim_89",4
"sim_89",4
"sim_89",4
"sim_89",4
"sim_89",4
"sim_89",4
"sim_89",4
"sim_89",4
"sim_89",4
"sim_89",4
"sim_89",4
"sim_89",4
"sim_89",4
"sim_89",4
"sim_89",4
"sim_89",4
"sim_89",4
"sim_89",4
"sim_89",4
"sim_89",4
"sim_89",4
"sim_89",4
"sim_89",4
"sim_89",4
"sim_89",4
"sim_89",4
"sim_89",4
"sim_89",4
"sim_89",4
"sim_89",4
"sim_89",4
"sim_89",4
"sim_89",4
"sim_89",4
"sim_89",4
"sim_89",4
"sim_89",4
"sim_89",4
"sim_89",4
"sim_89",4
"sim_89",4
"sim_89",4
"sim_89",4
"sim_89",4
"sim_89",4
"sim_89",4
"sim_89",4
"sim_89",4
"sim_89",4
"sim_89",4
"sim_89",4
"sim_89",4
"sim_89",4
"sim_89",4
"sim_89",4
"sim_89",4
"sim_89",4
"sim_89",4
"sim_89",4
"sim_89",4
"sim_89",4
"sim_89",4
"sim_89",4
"sim_89",4
"sim_89",4
"sim_89",4
"sim_89",4
"sim_89",4
"sim_89",4
"sim_89",4
"sim_89",4
"sim_89",4
"sim_89",4
"sim_89",4
"sim_89",4
"sim_89",4
"sim_89",4
"sim_89",4
"sim_89",4
"sim_89",4
"sim_89",4
"sim_89",4
"sim_89",4
"sim_89",4
"sim_89",4
"sim_89",4
"sim_89",4
"sim_89",4
"sim_89",4
"sim_89",4
"sim_89",4
"sim_89",4
"sim_89",4
"sim_89",4
"sim_89",4
"sim_89",4
"sim_89",4
"sim_89",4
"sim_89",4
"sim_89",4
"sim_89",4
"sim_89",4
"sim_89",4
"sim_89",4
"sim_89",4
"sim_89",4
"sim_89",4
"sim_89",4
"sim_89",4
"sim_89",4
"sim_89",5
"sim_89",5
"sim_89",5
"sim_89",5
"sim_89",5
"sim_89",5
"sim_89",5
"sim_89",5
"sim_89",5
"sim_89",5
"sim_89",5
"sim_89",5
"sim_89",5
"sim_89",5
"sim_89",5
"sim_89",5
"sim_89",5
"sim_89",5
"sim_89",5
"sim_89",5
"sim_89",5
"sim_89",5
"sim_89",5
"sim_89",5
"sim_89",5
"sim_89",5
"sim_89",5
"sim_89",5
"sim_89",5
"sim_89",5
"sim_89",5
"sim_89",5
"sim_89",5
"sim_89",5
"sim_89",5
"sim_89",5
"sim_89",5
"sim_89",5
"sim_89",5
"sim_89",5
"sim_89",5
"sim_89",5
"sim_89",5
"sim_89",5
"sim_89",5
"sim_89",5
"sim_89",5
"sim_89",5
"sim_89",5
"sim_89",5
"sim_89",5
"sim_89",5
"sim_89",5
"sim_89",5
"sim_89",5
"sim_89",5
"sim_89",5
"sim_89",5
"sim_89",5
"sim_89",5
"sim_89",5
"sim_89",5
"sim_89",5
"sim_89",5
"sim_89",5
"sim_89",5
"sim_89",5
"sim_89",5
"sim_89",5
"sim_89",5
"sim_89",5
"sim_89",5
"sim_89",5
"sim_89",5
"sim_89",5
"sim_89",5
"sim_89",5
"sim_89",5
"sim_89",5
"sim_89",5
"sim_89",5
"sim_89",5
"sim_89",5
"sim_89",5
"sim_89",5
"sim_89",5
"sim_89",5
"sim_89",5
"sim_89",5
"sim_89",5
"sim_89",5
"sim_89",5
"sim_89",5
"sim_89",5
"sim_89",6
"sim_89",6
"sim_89",6
"sim_89",6
"sim_89",6
"sim_89",6
"sim_89",6
"sim_89",6
"sim_89",6
"sim_89",6
"sim_89",6
"sim_89",6
"sim_89",6
"sim_89",6
"sim_89",6
"sim_89",6
"sim_89",6
"sim_89",6
"sim_89",6
"sim_89",6
"sim_89",6
"sim_89",6
"sim_89",6
"sim_89",6
"sim_89",6
"sim_89",6
"sim_89",6
"sim_89",6
"sim_89",6
"sim_89",6
"sim_89",6
"sim_89",6
"sim_89",6
"sim_89",6
"sim_89",6
"sim_89",7
"sim_89",7
"sim_89",7
"sim_89",7
"sim_89",7
"sim_89",7
"sim_89",7
"sim_89",7
"sim_89",7
"sim_89",7
"sim_89",7
"sim_89",7
"sim_89",7
"sim_89",7
"sim_89",7
"sim_89",8
"sim_89",8
"sim_89",8
"sim_89",8
"sim_89",8
"sim_89",8
"sim_89",8
"sim_89",8
"sim_89",8
"sim_89",8
"sim_89",8
"sim_89",8
"sim_89",8
"sim_89",8
"sim_89",8
"sim_89",8
"sim_89",8
"sim_89",8
"sim_89",8
"sim_89",9
"sim_89",9
"sim_89",9
"sim_89",9
"sim_89",9
"sim_89",9
"sim_89",9
"sim_89",9
"sim_89",9
"sim_89",9
"sim_89",10
"sim_89",10
"sim_89",10
"sim_89",10
"sim_89",10
"sim_89",10
"sim_89",10
"sim_89",10
"sim_89",11
"sim_89",11
"sim_89",14
"sim_89",17
"sim_90",4
"sim_90",4
"sim_90",4
"sim_90",4
"sim_90",4
"sim_90",4
"sim_90",4
"sim_90",4
"sim_90",4
"sim_90",4
"sim_90",4
"sim_90",4
"sim_90",4
"sim_90",4
"sim_90",4
"sim_90",4
"sim_90",4
"sim_90",4
"sim_90",4
"sim_90",4
"sim_90",4
"sim_90",4
"sim_90",4
"sim_90",4
"sim_90",4
"sim_90",4
"sim_90",4
"sim_90",4
"sim_90",4
"sim_90",4
"sim_90",4
"sim_90",4
"sim_90",4
"sim_90",4
"sim_90",4
"sim_90",4
"sim_90",4
"sim_90",4
"sim_90",4
"sim_90",4
"sim_90",4
"sim_90",4
"sim_90",4
"sim_90",4
"sim_90",4
"sim_90",4
"sim_90",4
"sim_90",4
"sim_90",4
"sim_90",4
"sim_90",4
"sim_90",4
"sim_90",4
"sim_90",4
"sim_90",4
"sim_90",4
"sim_90",4
"sim_90",4
"sim_90",4
"sim_90",4
"sim_90",4
"sim_90",4
"sim_90",4
"sim_90",4
"sim_90",4
"sim_90",4
"sim_90",4
"sim_90",4
"sim_90",4
"sim_90",4
"sim_90",4
"sim_90",4
"sim_90",4
"sim_90",4
"sim_90",4
"sim_90",4
"sim_90",4
"sim_90",4
"sim_90",4
"sim_90",4
"sim_90",4
"sim_90",4
"sim_90",4
"sim_90",4
"sim_90",4
"sim_90",4
"sim_90",4
"sim_90",4
"sim_90",4
"sim_90",4
"sim_90",4
"sim_90",4
"sim_90",4
"sim_90",4
"sim_90",4
"sim_90",4
"sim_90",4
"sim_90",4
"sim_90",4
"sim_90",4
"sim_90",4
"sim_90",4
"sim_90",4
"sim_90",4
"sim_90",4
"sim_90",4
"sim_90",4
"sim_90",4
"sim_90",4
"sim_90",4
"sim_90",4
"sim_90",4
"sim_90",4
"sim_90",4
"sim_90",4
"sim_90",4
"sim_90",4
"sim_90",4
"sim_90",4
"sim_90",4
"sim_90",4
"sim_90",4
"sim_90",4
"sim_90",4
"sim_90",4
"sim_90",4
"sim_90",4
"sim_90",4
"sim_90",4
"sim_90",4
"sim_90",4
"sim_90",4
"sim_90",4
"sim_90",4
"sim_90",4
"sim_90",4
"sim_90",4
"sim_90",4
"sim_90",4
"sim_90",4
"sim_90",4
"sim_90",4
"sim_90",4
"sim_90",4
"sim_90",4
"sim_90",4
"sim_90",4
"sim_90",4
"sim_90",4
"sim_90",4
"sim_90",4
"sim_90",4
"sim_90",4
"sim_90",4
"sim_90",4
"sim_90",4
"sim_90",4
"sim_90",4
"sim_90",4
"sim_90",4
"sim_90",4
"sim_90",4
"sim_90",4
"sim_90",4
"sim_90",4
"sim_90",4
"sim_90",4
"sim_90",4
"sim_90",4
"sim_90",4
"sim_90",4
"sim_90",4
"sim_90",4
"sim_90",4
"sim_90",4
"sim_90",4
"sim_90",4
"sim_90",4
"sim_90",4
"sim_90",4
"sim_90",4
"sim_90",4
"sim_90",4
"sim_90",4
"sim_90",4
"sim_90",4
"sim_90",4
"sim_90",4
"sim_90",4
"sim_90",4
"sim_90",4
"sim_90",4
"sim_90",4
"sim_90",4
"sim_90",4
"sim_90",4
"sim_90",4
"sim_90",4
"sim_90",4
"sim_90",4
"sim_90",4
"sim_90",4
"sim_90",4
"sim_90",4
"sim_90",4
"sim_90",4
"sim_90",4
"sim_90",4
"sim_90",4
"sim_90",4
"sim_90",4
"sim_90",4
"sim_90",4
"sim_90",4
"sim_90",4
"sim_90",4
"sim_90",4
"sim_90",4
"sim_90",4
"sim_90",4
"sim_90",4
"sim_90",4
"sim_90",4
"sim_90",4
"sim_90",4
"sim_90",4
"sim_90",4
"sim_90",4
"sim_90",4
"sim_90",4
"sim_90",4
"sim_90",4
"sim_90",4
"sim_90",4
"sim_90",4
"sim_90",4
"sim_90",4
"sim_90",4
"sim_90",4
"sim_90",4
"sim_90",4
"sim_90",4
"sim_90",4
"sim_90",4
"sim_90",4
"sim_90",4
"sim_90",4
"sim_90",4
"sim_90",4
"sim_90",4
"sim_90",4
"sim_90",4
"sim_90",4
"sim_90",4
"sim_90",4
"sim_90",4
"sim_90",4
"sim_90",4
"sim_90",4
"sim_90",4
"sim_90",4
"sim_90",4
"sim_90",4
"sim_90",4
"sim_90",4
"sim_90",4
"sim_90",4
"sim_90",4
"sim_90",4
"sim_90",4
"sim_90",4
"sim_90",4
"sim_90",4
"sim_90",4
"sim_90",4
"sim_90",4
"sim_90",4
"sim_90",4
"sim_90",4
"sim_90",4
"sim_90",4
"sim_90",4
"sim_90",4
"sim_90",4
"sim_90",4
"sim_90",4
"sim_90",4
"sim_90",4
"sim_90",4
"sim_90",4
"sim_90",4
"sim_90",4
"sim_90",4
"sim_90",4
"sim_90",4
"sim_90",4
"sim_90",4
"sim_90",4
"sim_90",4
"sim_90",4
"sim_90",4
"sim_90",4
"sim_90",4
"sim_90",4
"sim_90",4
"sim_90",4
"sim_90",4
"sim_90",4
"sim_90",4
"sim_90",4
"sim_90",4
"sim_90",4
"sim_90",4
"sim_90",4
"sim_90",4
"sim_90",4
"sim_90",4
"sim_90",4
"sim_90",4
"sim_90",4
"sim_90",4
"sim_90",4
"sim_90",4
"sim_90",4
"sim_90",4
"sim_90",4
"sim_90",4
"sim_90",4
"sim_90",4
"sim_90",4
"sim_90",4
"sim_90",4
"sim_90",4
"sim_90",4
"sim_90",4
"sim_90",4
"sim_90",4
"sim_90",4
"sim_90",4
"sim_90",4
"sim_90",4
"sim_90",4
"sim_90",4
"sim_90",4
"sim_90",4
"sim_90",4
"sim_90",4
"sim_90",4
"sim_90",4
"sim_90",4
"sim_90",4
"sim_90",4
"sim_90",4
"sim_90",4
"sim_90",4
"sim_90",4
"sim_90",4
"sim_90",4
"sim_90",4
"sim_90",4
"sim_90",4
"sim_90",4
"sim_90",4
"sim_90",4
"sim_90",4
"sim_90",4
"sim_90",4
"sim_90",5
"sim_90",5
"sim_90",5
"sim_90",5
"sim_90",5
"sim_90",5
"sim_90",5
"sim_90",5
"sim_90",5
"sim_90",5
"sim_90",5
"sim_90",5
"sim_90",5
"sim_90",5
"sim_90",5
"sim_90",5
"sim_90",5
"sim_90",5
"sim_90",5
"sim_90",5
"sim_90",5
"sim_90",5
"sim_90",5
"sim_90",5
"sim_90",5
"sim_90",5
"sim_90",5
"sim_90",5
"sim_90",5
"sim_90",5
"sim_90",5
"sim_90",5
"sim_90",5
"sim_90",5
"sim_90",5
"sim_90",5
"sim_90",5
"sim_90",5
"sim_90",5
"sim_90",5
"sim_90",5
"sim_90",5
"sim_90",5
"sim_90",5
"sim_90",5
"sim_90",5
"sim_90",5
"sim_90",5
"sim_90",5
"sim_90",5
"sim_90",5
"sim_90",5
"sim_90",5
"sim_90",5
"sim_90",5
"sim_90",5
"sim_90",5
"sim_90",5
"sim_90",5
"sim_90",5
"sim_90",5
"sim_90",5
"sim_90",5
"sim_90",5
"sim_90",5
"sim_90",5
"sim_90",5
"sim_90",5
"sim_90",5
"sim_90",5
"sim_90",5
"sim_90",5
"sim_90",5
"sim_90",5
"sim_90",5
"sim_90",5
"sim_90",5
"sim_90",5
"sim_90",5
"sim_90",5
"sim_90",5
"sim_90",5
"sim_90",5
"sim_90",5
"sim_90",5
"sim_90",5
"sim_90",5
"sim_90",5
"sim_90",5
"sim_90",5
"sim_90",5
"sim_90",5
"sim_90",5
"sim_90",5
"sim_90",5
"sim_90",5
"sim_90",5
"sim_90",5
"sim_90",5
"sim_90",5
"sim_90",5
"sim_90",5
"sim_90",5
"sim_90",6
"sim_90",6
"sim_90",6
"sim_90",6
"sim_90",6
"sim_90",6
"sim_90",6
"sim_90",6
"sim_90",6
"sim_90",6
"sim_90",6
"sim_90",6
"sim_90",6
"sim_90",6
"sim_90",6
"sim_90",6
"sim_90",6
"sim_90",6
"sim_90",6
"sim_90",6
"sim_90",6
"sim_90",6
"sim_90",6
"sim_90",6
"sim_90",6
"sim_90",6
"sim_90",6
"sim_90",6
"sim_90",6
"sim_90",6
"sim_90",6
"sim_90",6
"sim_90",6
"sim_90",6
"sim_90",6
"sim_90",6
"sim_90",7
"sim_90",7
"sim_90",7
"sim_90",7
"sim_90",7
"sim_90",7
"sim_90",7
"sim_90",7
"sim_90",7
"sim_90",7
"sim_90",7
"sim_90",7
"sim_90",7
"sim_90",7
"sim_90",7
"sim_90",7
"sim_90",7
"sim_90",7
"sim_90",7
"sim_90",7
"sim_90",7
"sim_90",7
"sim_90",7
"sim_90",7
"sim_90",7
"sim_90",7
"sim_90",7
"sim_90",7
"sim_90",7
"sim_90",7
"sim_90",7
"sim_90",8
"sim_90",8
"sim_90",8
"sim_90",8
"sim_90",8
"sim_90",8
"sim_90",8
"sim_90",8
"sim_90",8
"sim_90",8
"sim_90",8
"sim_90",8
"sim_90",9
"sim_90",9
"sim_90",9
"sim_90",9
"sim_90",9
"sim_90",10
"sim_90",10
"sim_90",10
"sim_90",10
"sim_90",10
"sim_90",11
"sim_90",11
"sim_90",11
"sim_90",11
"sim_90",11
"sim_90",11
"sim_90",13
"sim_91",4
"sim_91",4
"sim_91",4
"sim_91",4
"sim_91",4
"sim_91",4
"sim_91",4
"sim_91",4
"sim_91",4
"sim_91",4
"sim_91",4
"sim_91",4
"sim_91",4
"sim_91",4
"sim_91",4
"sim_91",4
"sim_91",4
"sim_91",4
"sim_91",4
"sim_91",4
"sim_91",4
"sim_91",4
"sim_91",4
"sim_91",4
"sim_91",4
"sim_91",4
"sim_91",4
"sim_91",4
"sim_91",4
"sim_91",4
"sim_91",4
"sim_91",4
"sim_91",4
"sim_91",4
"sim_91",4
"sim_91",4
"sim_91",4
"sim_91",4
"sim_91",4
"sim_91",4
"sim_91",4
"sim_91",4
"sim_91",4
"sim_91",4
"sim_91",4
"sim_91",4
"sim_91",4
"sim_91",4
"sim_91",4
"sim_91",4
"sim_91",4
"sim_91",4
"sim_91",4
"sim_91",4
"sim_91",4
"sim_91",4
"sim_91",4
"sim_91",4
"sim_91",4
"sim_91",4
"sim_91",4
"sim_91",4
"sim_91",4
"sim_91",4
"sim_91",4
"sim_91",4
"sim_91",4
"sim_91",4
"sim_91",4
"sim_91",4
"sim_91",4
"sim_91",4
"sim_91",4
"sim_91",4
"sim_91",4
"sim_91",4
"sim_91",4
"sim_91",4
"sim_91",4
"sim_91",4
"sim_91",4
"sim_91",4
"sim_91",4
"sim_91",4
"sim_91",4
"sim_91",4
"sim_91",4
"sim_91",4
"sim_91",4
"sim_91",4
"sim_91",4
"sim_91",4
"sim_91",4
"sim_91",4
"sim_91",4
"sim_91",4
"sim_91",4
"sim_91",4
"sim_91",4
"sim_91",4
"sim_91",4
"sim_91",4
"sim_91",4
"sim_91",4
"sim_91",4
"sim_91",4
"sim_91",4
"sim_91",4
"sim_91",4
"sim_91",4
"sim_91",4
"sim_91",4
"sim_91",4
"sim_91",4
"sim_91",4
"sim_91",4
"sim_91",4
"sim_91",4
"sim_91",4
"sim_91",4
"sim_91",4
"sim_91",4
"sim_91",4
"sim_91",4
"sim_91",4
"sim_91",4
"sim_91",4
"sim_91",4
"sim_91",4
"sim_91",4
"sim_91",4
"sim_91",4
"sim_91",4
"sim_91",4
"sim_91",4
"sim_91",4
"sim_91",4
"sim_91",4
"sim_91",4
"sim_91",4
"sim_91",4
"sim_91",4
"sim_91",4
"sim_91",4
"sim_91",4
"sim_91",4
"sim_91",4
"sim_91",4
"sim_91",4
"sim_91",4
"sim_91",4
"sim_91",4
"sim_91",4
"sim_91",4
"sim_91",4
"sim_91",4
"sim_91",4
"sim_91",4
"sim_91",4
"sim_91",4
"sim_91",4
"sim_91",4
"sim_91",4
"sim_91",4
"sim_91",4
"sim_91",4
"sim_91",4
"sim_91",4
"sim_91",4
"sim_91",4
"sim_91",4
"sim_91",4
"sim_91",4
"sim_91",4
"sim_91",4
"sim_91",4
"sim_91",4
"sim_91",4
"sim_91",4
"sim_91",4
"sim_91",4
"sim_91",4
"sim_91",4
"sim_91",4
"sim_91",4
"sim_91",4
"sim_91",4
"sim_91",4
"sim_91",4
"sim_91",4
"sim_91",4
"sim_91",4
"sim_91",4
"sim_91",4
"sim_91",4
"sim_91",4
"sim_91",4
"sim_91",4
"sim_91",4
"sim_91",4
"sim_91",4
"sim_91",4
"sim_91",4
"sim_91",4
"sim_91",4
"sim_91",4
"sim_91",4
"sim_91",4
"sim_91",4
"sim_91",4
"sim_91",4
"sim_91",4
"sim_91",4
"sim_91",4
"sim_91",4
"sim_91",4
"sim_91",4
"sim_91",4
"sim_91",4
"sim_91",4
"sim_91",4
"sim_91",4
"sim_91",4
"sim_91",4
"sim_91",4
"sim_91",4
"sim_91",4
"sim_91",4
"sim_91",4
"sim_91",4
"sim_91",4
"sim_91",4
"sim_91",4
"sim_91",4
"sim_91",4
"sim_91",4
"sim_91",4
"sim_91",4
"sim_91",4
"sim_91",4
"sim_91",4
"sim_91",4
"sim_91",4
"sim_91",4
"sim_91",4
"sim_91",4
"sim_91",4
"sim_91",4
"sim_91",4
"sim_91",4
"sim_91",4
"sim_91",4
"sim_91",4
"sim_91",4
"sim_91",4
"sim_91",4
"sim_91",4
"sim_91",4
"sim_91",4
"sim_91",4
"sim_91",4
"sim_91",4
"sim_91",4
"sim_91",4
"sim_91",4
"sim_91",4
"sim_91",4
"sim_91",4
"sim_91",4
"sim_91",4
"sim_91",4
"sim_91",4
"sim_91",4
"sim_91",4
"sim_91",4
"sim_91",4
"sim_91",4
"sim_91",4
"sim_91",4
"sim_91",4
"sim_91",4
"sim_91",4
"sim_91",4
"sim_91",4
"sim_91",4
"sim_91",4
"sim_91",4
"sim_91",4
"sim_91",4
"sim_91",4
"sim_91",4
"sim_91",4
"sim_91",4
"sim_91",4
"sim_91",4
"sim_91",4
"sim_91",4
"sim_91",4
"sim_91",4
"sim_91",4
"sim_91",4
"sim_91",4
"sim_91",4
"sim_91",4
"sim_91",4
"sim_91",4
"sim_91",4
"sim_91",4
"sim_91",4
"sim_91",4
"sim_91",4
"sim_91",4
"sim_91",4
"sim_91",4
"sim_91",4
"sim_91",4
"sim_91",4
"sim_91",4
"sim_91",4
"sim_91",4
"sim_91",4
"sim_91",4
"sim_91",4
"sim_91",4
"sim_91",4
"sim_91",4
"sim_91",4
"sim_91",4
"sim_91",4
"sim_91",4
"sim_91",4
"sim_91",4
"sim_91",4
"sim_91",4
"sim_91",4
"sim_91",4
"sim_91",4
"sim_91",4
"sim_91",4
"sim_91",4
"sim_91",4
"sim_91",4
"sim_91",4
"sim_91",4
"sim_91",4
"sim_91",4
"sim_91",4
"sim_91",4
"sim_91",4
"sim_91",4
"sim_91",4
"sim_91",4
"sim_91",4
"sim_91",4
"sim_91",4
"sim_91",4
"sim_91",4
"sim_91",4
"sim_91",4
"sim_91",4
"sim_91",4
"sim_91",4
"sim_91",4
"sim_91",4
"sim_91",4
"sim_91",5
"sim_91",5
"sim_91",5
"sim_91",5
"sim_91",5
"sim_91",5
"sim_91",5
"sim_91",5
"sim_91",5
"sim_91",5
"sim_91",5
"sim_91",5
"sim_91",5
"sim_91",5
"sim_91",5
"sim_91",5
"sim_91",5
"sim_91",5
"sim_91",5
"sim_91",5
"sim_91",5
"sim_91",5
"sim_91",5
"sim_91",5
"sim_91",5
"sim_91",5
"sim_91",5
"sim_91",5
"sim_91",5
"sim_91",5
"sim_91",5
"sim_91",5
"sim_91",5
"sim_91",5
"sim_91",5
"sim_91",5
"sim_91",5
"sim_91",5
"sim_91",5
"sim_91",5
"sim_91",5
"sim_91",5
"sim_91",5
"sim_91",5
"sim_91",5
"sim_91",5
"sim_91",5
"sim_91",5
"sim_91",5
"sim_91",5
"sim_91",5
"sim_91",5
"sim_91",5
"sim_91",5
"sim_91",5
"sim_91",5
"sim_91",5
"sim_91",5
"sim_91",5
"sim_91",5
"sim_91",5
"sim_91",5
"sim_91",5
"sim_91",5
"sim_91",5
"sim_91",5
"sim_91",5
"sim_91",5
"sim_91",5
"sim_91",5
"sim_91",5
"sim_91",5
"sim_91",5
"sim_91",5
"sim_91",5
"sim_91",5
"sim_91",5
"sim_91",5
"sim_91",5
"sim_91",5
"sim_91",5
"sim_91",5
"sim_91",5
"sim_91",5
"sim_91",5
"sim_91",5
"sim_91",5
"sim_91",5
"sim_91",5
"sim_91",5
"sim_91",5
"sim_91",5
"sim_91",5
"sim_91",5
"sim_91",5
"sim_91",5
"sim_91",5
"sim_91",5
"sim_91",5
"sim_91",5
"sim_91",5
"sim_91",5
"sim_91",5
"sim_91",5
"sim_91",5
"sim_91",5
"sim_91",5
"sim_91",5
"sim_91",5
"sim_91",5
"sim_91",6
"sim_91",6
"sim_91",6
"sim_91",6
"sim_91",6
"sim_91",6
"sim_91",6
"sim_91",6
"sim_91",6
"sim_91",6
"sim_91",6
"sim_91",6
"sim_91",6
"sim_91",6
"sim_91",6
"sim_91",6
"sim_91",6
"sim_91",6
"sim_91",6
"sim_91",6
"sim_91",6
"sim_91",6
"sim_91",6
"sim_91",6
"sim_91",6
"sim_91",6
"sim_91",6
"sim_91",6
"sim_91",6
"sim_91",6
"sim_91",6
"sim_91",6
"sim_91",6
"sim_91",6
"sim_91",7
"sim_91",7
"sim_91",7
"sim_91",7
"sim_91",7
"sim_91",7
"sim_91",7
"sim_91",7
"sim_91",7
"sim_91",7
"sim_91",7
"sim_91",7
"sim_91",7
"sim_91",7
"sim_91",7
"sim_91",7
"sim_91",7
"sim_91",7
"sim_91",7
"sim_91",7
"sim_91",7
"sim_91",7
"sim_91",7
"sim_91",7
"sim_91",7
"sim_91",7
"sim_91",7
"sim_91",7
"sim_91",8
"sim_91",8
"sim_91",8
"sim_91",8
"sim_91",8
"sim_91",8
"sim_91",8
"sim_91",8
"sim_91",8
"sim_91",8
"sim_91",8
"sim_91",8
"sim_91",9
"sim_91",9
"sim_91",9
"sim_91",9
"sim_91",9
"sim_91",9
"sim_91",9
"sim_91",10
"sim_91",10
"sim_91",10
"sim_91",10
"sim_91",10
"sim_91",10
"sim_91",11
"sim_91",11
"sim_91",13
"sim_91",14
"sim_92",4
"sim_92",4
"sim_92",4
"sim_92",4
"sim_92",4
"sim_92",4
"sim_92",4
"sim_92",4
"sim_92",4
"sim_92",4
"sim_92",4
"sim_92",4
"sim_92",4
"sim_92",4
"sim_92",4
"sim_92",4
"sim_92",4
"sim_92",4
"sim_92",4
"sim_92",4
"sim_92",4
"sim_92",4
"sim_92",4
"sim_92",4
"sim_92",4
"sim_92",4
"sim_92",4
"sim_92",4
"sim_92",4
"sim_92",4
"sim_92",4
"sim_92",4
"sim_92",4
"sim_92",4
"sim_92",4
"sim_92",4
"sim_92",4
"sim_92",4
"sim_92",4
"sim_92",4
"sim_92",4
"sim_92",4
"sim_92",4
"sim_92",4
"sim_92",4
"sim_92",4
"sim_92",4
"sim_92",4
"sim_92",4
"sim_92",4
"sim_92",4
"sim_92",4
"sim_92",4
"sim_92",4
"sim_92",4
"sim_92",4
"sim_92",4
"sim_92",4
"sim_92",4
"sim_92",4
"sim_92",4
"sim_92",4
"sim_92",4
"sim_92",4
"sim_92",4
"sim_92",4
"sim_92",4
"sim_92",4
"sim_92",4
"sim_92",4
"sim_92",4
"sim_92",4
"sim_92",4
"sim_92",4
"sim_92",4
"sim_92",4
"sim_92",4
"sim_92",4
"sim_92",4
"sim_92",4
"sim_92",4
"sim_92",4
"sim_92",4
"sim_92",4
"sim_92",4
"sim_92",4
"sim_92",4
"sim_92",4
"sim_92",4
"sim_92",4
"sim_92",4
"sim_92",4
"sim_92",4
"sim_92",4
"sim_92",4
"sim_92",4
"sim_92",4
"sim_92",4
"sim_92",4
"sim_92",4
"sim_92",4
"sim_92",4
"sim_92",4
"sim_92",4
"sim_92",4
"sim_92",4
"sim_92",4
"sim_92",4
"sim_92",4
"sim_92",4
"sim_92",4
"sim_92",4
"sim_92",4
"sim_92",4
"sim_92",4
"sim_92",4
"sim_92",4
"sim_92",4
"sim_92",4
"sim_92",4
"sim_92",4
"sim_92",4
"sim_92",4
"sim_92",4
"sim_92",4
"sim_92",4
"sim_92",4
"sim_92",4
"sim_92",4
"sim_92",4
"sim_92",4
"sim_92",4
"sim_92",4
"sim_92",4
"sim_92",4
"sim_92",4
"sim_92",4
"sim_92",4
"sim_92",4
"sim_92",4
"sim_92",4
"sim_92",4
"sim_92",4
"sim_92",4
"sim_92",4
"sim_92",4
"sim_92",4
"sim_92",4
"sim_92",4
"sim_92",4
"sim_92",4
"sim_92",4
"sim_92",4
"sim_92",4
"sim_92",4
"sim_92",4
"sim_92",4
"sim_92",4
"sim_92",4
"sim_92",4
"sim_92",4
"sim_92",4
"sim_92",4
"sim_92",4
"sim_92",4
"sim_92",4
"sim_92",4
"sim_92",4
"sim_92",4
"sim_92",4
"sim_92",4
"sim_92",4
"sim_92",4
"sim_92",4
"sim_92",4
"sim_92",4
"sim_92",4
"sim_92",4
"sim_92",4
"sim_92",4
"sim_92",4
"sim_92",4
"sim_92",4
"sim_92",4
"sim_92",4
"sim_92",4
"sim_92",4
"sim_92",4
"sim_92",4
"sim_92",4
"sim_92",4
"sim_92",4
"sim_92",4
"sim_92",4
"sim_92",4
"sim_92",4
"sim_92",4
"sim_92",4
"sim_92",4
"sim_92",4
"sim_92",4
"sim_92",4
"sim_92",4
"sim_92",4
"sim_92",4
"sim_92",4
"sim_92",4
"sim_92",4
"sim_92",4
"sim_92",4
"sim_92",4
"sim_92",4
"sim_92",4
"sim_92",4
"sim_92",4
"sim_92",4
"sim_92",4
"sim_92",4
"sim_92",4
"sim_92",4
"sim_92",4
"sim_92",4
"sim_92",4
"sim_92",4
"sim_92",4
"sim_92",4
"sim_92",4
"sim_92",4
"sim_92",4
"sim_92",4
"sim_92",4
"sim_92",4
"sim_92",4
"sim_92",4
"sim_92",4
"sim_92",4
"sim_92",4
"sim_92",4
"sim_92",4
"sim_92",4
"sim_92",4
"sim_92",4
"sim_92",4
"sim_92",4
"sim_92",4
"sim_92",4
"sim_92",4
"sim_92",4
"sim_92",4
"sim_92",4
"sim_92",4
"sim_92",4
"sim_92",4
"sim_92",4
"sim_92",4
"sim_92",4
"sim_92",4
"sim_92",4
"sim_92",4
"sim_92",4
"sim_92",4
"sim_92",4
"sim_92",4
"sim_92",4
"sim_92",4
"sim_92",4
"sim_92",4
"sim_92",4
"sim_92",4
"sim_92",4
"sim_92",4
"sim_92",4
"sim_92",4
"sim_92",4
"sim_92",4
"sim_92",4
"sim_92",4
"sim_92",4
"sim_92",4
"sim_92",4
"sim_92",4
"sim_92",4
"sim_92",4
"sim_92",4
"sim_92",4
"sim_92",4
"sim_92",4
"sim_92",4
"sim_92",4
"sim_92",4
"sim_92",4
"sim_92",4
"sim_92",4
"sim_92",4
"sim_92",4
"sim_92",4
"sim_92",4
"sim_92",4
"sim_92",4
"sim_92",4
"sim_92",4
"sim_92",4
"sim_92",4
"sim_92",4
"sim_92",4
"sim_92",4
"sim_92",4
"sim_92",4
"sim_92",4
"sim_92",4
"sim_92",4
"sim_92",4
"sim_92",4
"sim_92",4
"sim_92",4
"sim_92",4
"sim_92",4
"sim_92",4
"sim_92",4
"sim_92",4
"sim_92",4
"sim_92",4
"sim_92",4
"sim_92",4
"sim_92",4
"sim_92",4
"sim_92",4
"sim_92",4
"sim_92",4
"sim_92",4
"sim_92",4
"sim_92",4
"sim_92",4
"sim_92",4
"sim_92",4
"sim_92",4
"sim_92",4
"sim_92",4
"sim_92",4
"sim_92",4
"sim_92",4
"sim_92",4
"sim_92",4
"sim_92",4
"sim_92",4
"sim_92",4
"sim_92",4
"sim_92",4
"sim_92",4
"sim_92",4
"sim_92",4
"sim_92",4
"sim_92",4
"sim_92",4
"sim_92",4
"sim_92",4
"sim_92",4
"sim_92",4
"sim_92",4
"sim_92",4
"sim_92",4
"sim_92",4
"sim_92",4
"sim_92",4
"sim_92",4
"sim_92",4
"sim_92",4
"sim_92",4
"sim_92",4
"sim_92",4
"sim_92",4
"sim_92",4
"sim_92",4
"sim_92",4
"sim_92",5
"sim_92",5
"sim_92",5
"sim_92",5
"sim_92",5
"sim_92",5
"sim_92",5
"sim_92",5
"sim_92",5
"sim_92",5
"sim_92",5
"sim_92",5
"sim_92",5
"sim_92",5
"sim_92",5
"sim_92",5
"sim_92",5
"sim_92",5
"sim_92",5
"sim_92",5
"sim_92",5
"sim_92",5
"sim_92",5
"sim_92",5
"sim_92",5
"sim_92",5
"sim_92",5
"sim_92",5
"sim_92",5
"sim_92",5
"sim_92",5
"sim_92",5
"sim_92",5
"sim_92",5
"sim_92",5
"sim_92",5
"sim_92",5
"sim_92",5
"sim_92",5
"sim_92",5
"sim_92",5
"sim_92",5
"sim_92",5
"sim_92",5
"sim_92",5
"sim_92",5
"sim_92",5
"sim_92",5
"sim_92",5
"sim_92",5
"sim_92",5
"sim_92",5
"sim_92",5
"sim_92",5
"sim_92",5
"sim_92",5
"sim_92",5
"sim_92",5
"sim_92",5
"sim_92",5
"sim_92",5
"sim_92",5
"sim_92",5
"sim_92",5
"sim_92",5
"sim_92",5
"sim_92",5
"sim_92",5
"sim_92",5
"sim_92",5
"sim_92",5
"sim_92",5
"sim_92",5
"sim_92",5
"sim_92",5
"sim_92",5
"sim_92",5
"sim_92",5
"sim_92",5
"sim_92",5
"sim_92",5
"sim_92",5
"sim_92",5
"sim_92",5
"sim_92",5
"sim_92",5
"sim_92",5
"sim_92",5
"sim_92",5
"sim_92",5
"sim_92",5
"sim_92",5
"sim_92",5
"sim_92",5
"sim_92",5
"sim_92",5
"sim_92",5
"sim_92",5
"sim_92",5
"sim_92",5
"sim_92",6
"sim_92",6
"sim_92",6
"sim_92",6
"sim_92",6
"sim_92",6
"sim_92",6
"sim_92",6
"sim_92",6
"sim_92",6
"sim_92",6
"sim_92",6
"sim_92",6
"sim_92",6
"sim_92",6
"sim_92",6
"sim_92",6
"sim_92",6
"sim_92",6
"sim_92",6
"sim_92",6
"sim_92",6
"sim_92",6
"sim_92",6
"sim_92",6
"sim_92",6
"sim_92",6
"sim_92",6
"sim_92",6
"sim_92",6
"sim_92",6
"sim_92",6
"sim_92",6
"sim_92",6
"sim_92",6
"sim_92",6
"sim_92",6
"sim_92",6
"sim_92",6
"sim_92",6
"sim_92",7
"sim_92",7
"sim_92",7
"sim_92",7
"sim_92",7
"sim_92",7
"sim_92",7
"sim_92",7
"sim_92",7
"sim_92",7
"sim_92",7
"sim_92",7
"sim_92",7
"sim_92",7
"sim_92",7
"sim_92",7
"sim_92",7
"sim_92",7
"sim_92",7
"sim_92",7
"sim_92",7
"sim_92",7
"sim_92",8
"sim_92",8
"sim_92",8
"sim_92",8
"sim_92",8
"sim_92",8
"sim_92",8
"sim_92",8
"sim_92",8
"sim_92",8
"sim_92",8
"sim_92",8
"sim_92",8
"sim_92",8
"sim_92",8
"sim_92",8
"sim_92",9
"sim_92",9
"sim_92",9
"sim_92",9
"sim_92",9
"sim_92",9
"sim_92",9
"sim_92",9
"sim_92",9
"sim_92",10
"sim_92",10
"sim_92",10
"sim_92",10
"sim_92",13
"sim_93",4
"sim_93",4
"sim_93",4
"sim_93",4
"sim_93",4
"sim_93",4
"sim_93",4
"sim_93",4
"sim_93",4
"sim_93",4
"sim_93",4
"sim_93",4
"sim_93",4
"sim_93",4
"sim_93",4
"sim_93",4
"sim_93",4
"sim_93",4
"sim_93",4
"sim_93",4
"sim_93",4
"sim_93",4
"sim_93",4
"sim_93",4
"sim_93",4
"sim_93",4
"sim_93",4
"sim_93",4
"sim_93",4
"sim_93",4
"sim_93",4
"sim_93",4
"sim_93",4
"sim_93",4
"sim_93",4
"sim_93",4
"sim_93",4
"sim_93",4
"sim_93",4
"sim_93",4
"sim_93",4
"sim_93",4
"sim_93",4
"sim_93",4
"sim_93",4
"sim_93",4
"sim_93",4
"sim_93",4
"sim_93",4
"sim_93",4
"sim_93",4
"sim_93",4
"sim_93",4
"sim_93",4
"sim_93",4
"sim_93",4
"sim_93",4
"sim_93",4
"sim_93",4
"sim_93",4
"sim_93",4
"sim_93",4
"sim_93",4
"sim_93",4
"sim_93",4
"sim_93",4
"sim_93",4
"sim_93",4
"sim_93",4
"sim_93",4
"sim_93",4
"sim_93",4
"sim_93",4
"sim_93",4
"sim_93",4
"sim_93",4
"sim_93",4
"sim_93",4
"sim_93",4
"sim_93",4
"sim_93",4
"sim_93",4
"sim_93",4
"sim_93",4
"sim_93",4
"sim_93",4
"sim_93",4
"sim_93",4
"sim_93",4
"sim_93",4
"sim_93",4
"sim_93",4
"sim_93",4
"sim_93",4
"sim_93",4
"sim_93",4
"sim_93",4
"sim_93",4
"sim_93",4
"sim_93",4
"sim_93",4
"sim_93",4
"sim_93",4
"sim_93",4
"sim_93",4
"sim_93",4
"sim_93",4
"sim_93",4
"sim_93",4
"sim_93",4
"sim_93",4
"sim_93",4
"sim_93",4
"sim_93",4
"sim_93",4
"sim_93",4
"sim_93",4
"sim_93",4
"sim_93",4
"sim_93",4
"sim_93",4
"sim_93",4
"sim_93",4
"sim_93",4
"sim_93",4
"sim_93",4
"sim_93",4
"sim_93",4
"sim_93",4
"sim_93",4
"sim_93",4
"sim_93",4
"sim_93",4
"sim_93",4
"sim_93",4
"sim_93",4
"sim_93",4
"sim_93",4
"sim_93",4
"sim_93",4
"sim_93",4
"sim_93",4
"sim_93",4
"sim_93",4
"sim_93",4
"sim_93",4
"sim_93",4
"sim_93",4
"sim_93",4
"sim_93",4
"sim_93",4
"sim_93",4
"sim_93",4
"sim_93",4
"sim_93",4
"sim_93",4
"sim_93",4
"sim_93",4
"sim_93",4
"sim_93",4
"sim_93",4
"sim_93",4
"sim_93",4
"sim_93",4
"sim_93",4
"sim_93",4
"sim_93",4
"sim_93",4
"sim_93",4
"sim_93",4
"sim_93",4
"sim_93",4
"sim_93",4
"sim_93",4
"sim_93",4
"sim_93",4
"sim_93",4
"sim_93",4
"sim_93",4
"sim_93",4
"sim_93",4
"sim_93",4
"sim_93",4
"sim_93",4
"sim_93",4
"sim_93",4
"sim_93",4
"sim_93",4
"sim_93",4
"sim_93",4
"sim_93",4
"sim_93",4
"sim_93",4
"sim_93",4
"sim_93",4
"sim_93",4
"sim_93",4
"sim_93",4
"sim_93",4
"sim_93",4
"sim_93",4
"sim_93",4
"sim_93",4
"sim_93",4
"sim_93",4
"sim_93",4
"sim_93",4
"sim_93",4
"sim_93",4
"sim_93",4
"sim_93",4
"sim_93",4
"sim_93",4
"sim_93",4
"sim_93",4
"sim_93",4
"sim_93",4
"sim_93",4
"sim_93",4
"sim_93",4
"sim_93",4
"sim_93",4
"sim_93",4
"sim_93",4
"sim_93",4
"sim_93",4
"sim_93",4
"sim_93",4
"sim_93",4
"sim_93",4
"sim_93",4
"sim_93",4
"sim_93",4
"sim_93",4
"sim_93",4
"sim_93",4
"sim_93",4
"sim_93",4
"sim_93",4
"sim_93",4
"sim_93",4
"sim_93",4
"sim_93",4
"sim_93",4
"sim_93",4
"sim_93",4
"sim_93",4
"sim_93",4
"sim_93",4
"sim_93",4
"sim_93",4
"sim_93",4
"sim_93",4
"sim_93",4
"sim_93",4
"sim_93",4
"sim_93",4
"sim_93",4
"sim_93",4
"sim_93",4
"sim_93",4
"sim_93",4
"sim_93",4
"sim_93",4
"sim_93",4
"sim_93",4
"sim_93",4
"sim_93",4
"sim_93",4
"sim_93",4
"sim_93",4
"sim_93",4
"sim_93",4
"sim_93",4
"sim_93",4
"sim_93",4
"sim_93",4
"sim_93",4
"sim_93",4
"sim_93",4
"sim_93",4
"sim_93",4
"sim_93",4
"sim_93",4
"sim_93",4
"sim_93",4
"sim_93",4
"sim_93",4
"sim_93",4
"sim_93",4
"sim_93",4
"sim_93",4
"sim_93",4
"sim_93",4
"sim_93",4
"sim_93",4
"sim_93",4
"sim_93",4
"sim_93",4
"sim_93",4
"sim_93",4
"sim_93",4
"sim_93",4
"sim_93",4
"sim_93",4
"sim_93",4
"sim_93",4
"sim_93",4
"sim_93",4
"sim_93",4
"sim_93",4
"sim_93",4
"sim_93",4
"sim_93",4
"sim_93",4
"sim_93",4
"sim_93",4
"sim_93",4
"sim_93",4
"sim_93",4
"sim_93",4
"sim_93",4
"sim_93",4
"sim_93",4
"sim_93",4
"sim_93",4
"sim_93",4
"sim_93",4
"sim_93",4
"sim_93",4
"sim_93",4
"sim_93",4
"sim_93",4
"sim_93",4
"sim_93",4
"sim_93",4
"sim_93",4
"sim_93",4
"sim_93",4
"sim_93",4
"sim_93",4
"sim_93",4
"sim_93",4
"sim_93",4
"sim_93",4
"sim_93",4
"sim_93",4
"sim_93",4
"sim_93",4
"sim_93",4
"sim_93",4
"sim_93",4
"sim_93",4
"sim_93",4
"sim_93",4
"sim_93",4
"sim_93",4
"sim_93",4
"sim_93",4
"sim_93",4
"sim_93",4
"sim_93",4
"sim_93",4
"sim_93",4
"sim_93",4
"sim_93",4
"sim_93",4
"sim_93",4
"sim_93",4
"sim_93",4
"sim_93",4
"sim_93",4
"sim_93",4
"sim_93",4
"sim_93",4
"sim_93",4
"sim_93",4
"sim_93",4
"sim_93",5
"sim_93",5
"sim_93",5
"sim_93",5
"sim_93",5
"sim_93",5
"sim_93",5
"sim_93",5
"sim_93",5
"sim_93",5
"sim_93",5
"sim_93",5
"sim_93",5
"sim_93",5
"sim_93",5
"sim_93",5
"sim_93",5
"sim_93",5
"sim_93",5
"sim_93",5
"sim_93",5
"sim_93",5
"sim_93",5
"sim_93",5
"sim_93",5
"sim_93",5
"sim_93",5
"sim_93",5
"sim_93",5
"sim_93",5
"sim_93",5
"sim_93",5
"sim_93",5
"sim_93",5
"sim_93",5
"sim_93",5
"sim_93",5
"sim_93",5
"sim_93",5
"sim_93",5
"sim_93",5
"sim_93",5
"sim_93",5
"sim_93",5
"sim_93",5
"sim_93",5
"sim_93",5
"sim_93",5
"sim_93",5
"sim_93",5
"sim_93",5
"sim_93",5
"sim_93",5
"sim_93",5
"sim_93",5
"sim_93",5
"sim_93",5
"sim_93",5
"sim_93",5
"sim_93",5
"sim_93",5
"sim_93",5
"sim_93",5
"sim_93",5
"sim_93",5
"sim_93",5
"sim_93",5
"sim_93",5
"sim_93",5
"sim_93",5
"sim_93",5
"sim_93",5
"sim_93",5
"sim_93",5
"sim_93",5
"sim_93",5
"sim_93",5
"sim_93",5
"sim_93",5
"sim_93",5
"sim_93",5
"sim_93",5
"sim_93",5
"sim_93",5
"sim_93",5
"sim_93",5
"sim_93",5
"sim_93",5
"sim_93",5
"sim_93",5
"sim_93",5
"sim_93",5
"sim_93",6
"sim_93",6
"sim_93",6
"sim_93",6
"sim_93",6
"sim_93",6
"sim_93",6
"sim_93",6
"sim_93",6
"sim_93",6
"sim_93",6
"sim_93",6
"sim_93",6
"sim_93",6
"sim_93",6
"sim_93",6
"sim_93",6
"sim_93",6
"sim_93",6
"sim_93",6
"sim_93",6
"sim_93",6
"sim_93",6
"sim_93",6
"sim_93",7
"sim_93",7
"sim_93",7
"sim_93",7
"sim_93",7
"sim_93",7
"sim_93",7
"sim_93",7
"sim_93",7
"sim_93",7
"sim_93",7
"sim_93",7
"sim_93",7
"sim_93",7
"sim_93",7
"sim_93",7
"sim_93",7
"sim_93",7
"sim_93",7
"sim_93",7
"sim_93",7
"sim_93",7
"sim_93",7
"sim_93",7
"sim_93",7
"sim_93",7
"sim_93",7
"sim_93",7
"sim_93",7
"sim_93",7
"sim_93",7
"sim_93",7
"sim_93",7
"sim_93",7
"sim_93",7
"sim_93",7
"sim_93",7
"sim_93",7
"sim_93",7
"sim_93",7
"sim_93",7
"sim_93",7
"sim_93",7
"sim_93",7
"sim_93",8
"sim_93",8
"sim_93",8
"sim_93",8
"sim_93",8
"sim_93",8
"sim_93",8
"sim_93",8
"sim_93",8
"sim_93",9
"sim_93",9
"sim_93",9
"sim_93",9
"sim_93",9
"sim_93",9
"sim_93",9
"sim_93",9
"sim_93",9
"sim_93",10
"sim_93",10
"sim_93",10
"sim_93",10
"sim_93",10
"sim_93",10
"sim_93",10
"sim_93",11
"sim_93",11
"sim_93",11
"sim_94",4
"sim_94",4
"sim_94",4
"sim_94",4
"sim_94",4
"sim_94",4
"sim_94",4
"sim_94",4
"sim_94",4
"sim_94",4
"sim_94",4
"sim_94",4
"sim_94",4
"sim_94",4
"sim_94",4
"sim_94",4
"sim_94",4
"sim_94",4
"sim_94",4
"sim_94",4
"sim_94",4
"sim_94",4
"sim_94",4
"sim_94",4
"sim_94",4
"sim_94",4
"sim_94",4
"sim_94",4
"sim_94",4
"sim_94",4
"sim_94",4
"sim_94",4
"sim_94",4
"sim_94",4
"sim_94",4
"sim_94",4
"sim_94",4
"sim_94",4
"sim_94",4
"sim_94",4
"sim_94",4
"sim_94",4
"sim_94",4
"sim_94",4
"sim_94",4
"sim_94",4
"sim_94",4
"sim_94",4
"sim_94",4
"sim_94",4
"sim_94",4
"sim_94",4
"sim_94",4
"sim_94",4
"sim_94",4
"sim_94",4
"sim_94",4
"sim_94",4
"sim_94",4
"sim_94",4
"sim_94",4
"sim_94",4
"sim_94",4
"sim_94",4
"sim_94",4
"sim_94",4
"sim_94",4
"sim_94",4
"sim_94",4
"sim_94",4
"sim_94",4
"sim_94",4
"sim_94",4
"sim_94",4
"sim_94",4
"sim_94",4
"sim_94",4
"sim_94",4
"sim_94",4
"sim_94",4
"sim_94",4
"sim_94",4
"sim_94",4
"sim_94",4
"sim_94",4
"sim_94",4
"sim_94",4
"sim_94",4
"sim_94",4
"sim_94",4
"sim_94",4
"sim_94",4
"sim_94",4
"sim_94",4
"sim_94",4
"sim_94",4
"sim_94",4
"sim_94",4
"sim_94",4
"sim_94",4
"sim_94",4
"sim_94",4
"sim_94",4
"sim_94",4
"sim_94",4
"sim_94",4
"sim_94",4
"sim_94",4
"sim_94",4
"sim_94",4
"sim_94",4
"sim_94",4
"sim_94",4
"sim_94",4
"sim_94",4
"sim_94",4
"sim_94",4
"sim_94",4
"sim_94",4
"sim_94",4
"sim_94",4
"sim_94",4
"sim_94",4
"sim_94",4
"sim_94",4
"sim_94",4
"sim_94",4
"sim_94",4
"sim_94",4
"sim_94",4
"sim_94",4
"sim_94",4
"sim_94",4
"sim_94",4
"sim_94",4
"sim_94",4
"sim_94",4
"sim_94",4
"sim_94",4
"sim_94",4
"sim_94",4
"sim_94",4
"sim_94",4
"sim_94",4
"sim_94",4
"sim_94",4
"sim_94",4
"sim_94",4
"sim_94",4
"sim_94",4
"sim_94",4
"sim_94",4
"sim_94",4
"sim_94",4
"sim_94",4
"sim_94",4
"sim_94",4
"sim_94",4
"sim_94",4
"sim_94",4
"sim_94",4
"sim_94",4
"sim_94",4
"sim_94",4
"sim_94",4
"sim_94",4
"sim_94",4
"sim_94",4
"sim_94",4
"sim_94",4
"sim_94",4
"sim_94",4
"sim_94",4
"sim_94",4
"sim_94",4
"sim_94",4
"sim_94",4
"sim_94",4
"sim_94",4
"sim_94",4
"sim_94",4
"sim_94",4
"sim_94",4
"sim_94",4
"sim_94",4
"sim_94",4
"sim_94",4
"sim_94",4
"sim_94",4
"sim_94",4
"sim_94",4
"sim_94",4
"sim_94",4
"sim_94",4
"sim_94",4
"sim_94",4
"sim_94",4
"sim_94",4
"sim_94",4
"sim_94",4
"sim_94",4
"sim_94",4
"sim_94",4
"sim_94",4
"sim_94",4
"sim_94",4
"sim_94",4
"sim_94",4
"sim_94",4
"sim_94",4
"sim_94",4
"sim_94",4
"sim_94",4
"sim_94",4
"sim_94",4
"sim_94",4
"sim_94",4
"sim_94",4
"sim_94",4
"sim_94",4
"sim_94",4
"sim_94",4
"sim_94",4
"sim_94",4
"sim_94",4
"sim_94",4
"sim_94",4
"sim_94",4
"sim_94",4
"sim_94",4
"sim_94",4
"sim_94",4
"sim_94",4
"sim_94",4
"sim_94",4
"sim_94",4
"sim_94",4
"sim_94",4
"sim_94",4
"sim_94",4
"sim_94",4
"sim_94",4
"sim_94",4
"sim_94",4
"sim_94",4
"sim_94",4
"sim_94",4
"sim_94",4
"sim_94",4
"sim_94",4
"sim_94",4
"sim_94",4
"sim_94",4
"sim_94",4
"sim_94",4
"sim_94",4
"sim_94",4
"sim_94",4
"sim_94",4
"sim_94",4
"sim_94",4
"sim_94",4
"sim_94",4
"sim_94",4
"sim_94",4
"sim_94",4
"sim_94",4
"sim_94",4
"sim_94",4
"sim_94",4
"sim_94",4
"sim_94",4
"sim_94",4
"sim_94",4
"sim_94",4
"sim_94",4
"sim_94",4
"sim_94",4
"sim_94",4
"sim_94",4
"sim_94",4
"sim_94",4
"sim_94",4
"sim_94",4
"sim_94",4
"sim_94",4
"sim_94",4
"sim_94",4
"sim_94",4
"sim_94",4
"sim_94",4
"sim_94",4
"sim_94",4
"sim_94",4
"sim_94",4
"sim_94",4
"sim_94",4
"sim_94",4
"sim_94",4
"sim_94",4
"sim_94",4
"sim_94",4
"sim_94",4
"sim_94",4
"sim_94",4
"sim_94",4
"sim_94",4
"sim_94",4
"sim_94",4
"sim_94",4
"sim_94",4
"sim_94",4
"sim_94",4
"sim_94",4
"sim_94",4
"sim_94",4
"sim_94",4
"sim_94",4
"sim_94",4
"sim_94",4
"sim_94",4
"sim_94",4
"sim_94",4
"sim_94",4
"sim_94",4
"sim_94",4
"sim_94",4
"sim_94",4
"sim_94",4
"sim_94",4
"sim_94",4
"sim_94",4
"sim_94",4
"sim_94",4
"sim_94",4
"sim_94",4
"sim_94",4
"sim_94",4
"sim_94",4
"sim_94",4
"sim_94",4
"sim_94",4
"sim_94",4
"sim_94",4
"sim_94",4
"sim_94",4
"sim_94",4
"sim_94",4
"sim_94",4
"sim_94",4
"sim_94",4
"sim_94",4
"sim_94",4
"sim_94",4
"sim_94",4
"sim_94",4
"sim_94",4
"sim_94",4
"sim_94",4
"sim_94",4
"sim_94",4
"sim_94",4
"sim_94",4
"sim_94",4
"sim_94",4
"sim_94",4
"sim_94",4
"sim_94",5
"sim_94",5
"sim_94",5
"sim_94",5
"sim_94",5
"sim_94",5
"sim_94",5
"sim_94",5
"sim_94",5
"sim_94",5
"sim_94",5
"sim_94",5
"sim_94",5
"sim_94",5
"sim_94",5
"sim_94",5
"sim_94",5
"sim_94",5
"sim_94",5
"sim_94",5
"sim_94",5
"sim_94",5
"sim_94",5
"sim_94",5
"sim_94",5
"sim_94",5
"sim_94",5
"sim_94",5
"sim_94",5
"sim_94",5
"sim_94",5
"sim_94",5
"sim_94",5
"sim_94",5
"sim_94",5
"sim_94",5
"sim_94",5
"sim_94",5
"sim_94",5
"sim_94",5
"sim_94",5
"sim_94",5
"sim_94",5
"sim_94",5
"sim_94",5
"sim_94",5
"sim_94",5
"sim_94",5
"sim_94",5
"sim_94",5
"sim_94",5
"sim_94",5
"sim_94",5
"sim_94",5
"sim_94",5
"sim_94",5
"sim_94",5
"sim_94",5
"sim_94",5
"sim_94",5
"sim_94",5
"sim_94",5
"sim_94",5
"sim_94",5
"sim_94",5
"sim_94",5
"sim_94",5
"sim_94",5
"sim_94",5
"sim_94",5
"sim_94",5
"sim_94",5
"sim_94",5
"sim_94",5
"sim_94",5
"sim_94",5
"sim_94",5
"sim_94",5
"sim_94",5
"sim_94",5
"sim_94",5
"sim_94",5
"sim_94",5
"sim_94",5
"sim_94",5
"sim_94",5
"sim_94",5
"sim_94",5
"sim_94",5
"sim_94",5
"sim_94",5
"sim_94",5
"sim_94",5
"sim_94",5
"sim_94",5
"sim_94",5
"sim_94",5
"sim_94",5
"sim_94",5
"sim_94",5
"sim_94",5
"sim_94",6
"sim_94",6
"sim_94",6
"sim_94",6
"sim_94",6
"sim_94",6
"sim_94",6
"sim_94",6
"sim_94",6
"sim_94",6
"sim_94",6
"sim_94",6
"sim_94",6
"sim_94",6
"sim_94",6
"sim_94",6
"sim_94",6
"sim_94",6
"sim_94",6
"sim_94",6
"sim_94",6
"sim_94",6
"sim_94",6
"sim_94",6
"sim_94",6
"sim_94",6
"sim_94",6
"sim_94",6
"sim_94",6
"sim_94",6
"sim_94",6
"sim_94",6
"sim_94",6
"sim_94",6
"sim_94",6
"sim_94",6
"sim_94",6
"sim_94",6
"sim_94",6
"sim_94",6
"sim_94",7
"sim_94",7
"sim_94",7
"sim_94",7
"sim_94",7
"sim_94",7
"sim_94",7
"sim_94",7
"sim_94",7
"sim_94",7
"sim_94",7
"sim_94",7
"sim_94",7
"sim_94",7
"sim_94",7
"sim_94",7
"sim_94",7
"sim_94",7
"sim_94",7
"sim_94",7
"sim_94",7
"sim_94",7
"sim_94",7
"sim_94",7
"sim_94",7
"sim_94",7
"sim_94",7
"sim_94",7
"sim_94",7
"sim_94",7
"sim_94",7
"sim_94",8
"sim_94",8
"sim_94",8
"sim_94",8
"sim_94",8
"sim_94",8
"sim_94",8
"sim_94",8
"sim_94",9
"sim_94",9
"sim_94",9
"sim_94",9
"sim_94",9
"sim_94",9
"sim_94",9
"sim_94",10
"sim_94",10
"sim_94",10
"sim_94",10
"sim_94",10
"sim_94",10
"sim_94",10
"sim_94",11
"sim_94",12
"sim_94",12
"sim_94",12
"sim_94",12
"sim_95",4
"sim_95",4
"sim_95",4
"sim_95",4
"sim_95",4
"sim_95",4
"sim_95",4
"sim_95",4
"sim_95",4
"sim_95",4
"sim_95",4
"sim_95",4
"sim_95",4
"sim_95",4
"sim_95",4
"sim_95",4
"sim_95",4
"sim_95",4
"sim_95",4
"sim_95",4
"sim_95",4
"sim_95",4
"sim_95",4
"sim_95",4
"sim_95",4
"sim_95",4
"sim_95",4
"sim_95",4
"sim_95",4
"sim_95",4
"sim_95",4
"sim_95",4
"sim_95",4
"sim_95",4
"sim_95",4
"sim_95",4
"sim_95",4
"sim_95",4
"sim_95",4
"sim_95",4
"sim_95",4
"sim_95",4
"sim_95",4
"sim_95",4
"sim_95",4
"sim_95",4
"sim_95",4
"sim_95",4
"sim_95",4
"sim_95",4
"sim_95",4
"sim_95",4
"sim_95",4
"sim_95",4
"sim_95",4
"sim_95",4
"sim_95",4
"sim_95",4
"sim_95",4
"sim_95",4
"sim_95",4
"sim_95",4
"sim_95",4
"sim_95",4
"sim_95",4
"sim_95",4
"sim_95",4
"sim_95",4
"sim_95",4
"sim_95",4
"sim_95",4
"sim_95",4
"sim_95",4
"sim_95",4
"sim_95",4
"sim_95",4
"sim_95",4
"sim_95",4
"sim_95",4
"sim_95",4
"sim_95",4
"sim_95",4
"sim_95",4
"sim_95",4
"sim_95",4
"sim_95",4
"sim_95",4
"sim_95",4
"sim_95",4
"sim_95",4
"sim_95",4
"sim_95",4
"sim_95",4
"sim_95",4
"sim_95",4
"sim_95",4
"sim_95",4
"sim_95",4
"sim_95",4
"sim_95",4
"sim_95",4
"sim_95",4
"sim_95",4
"sim_95",4
"sim_95",4
"sim_95",4
"sim_95",4
"sim_95",4
"sim_95",4
"sim_95",4
"sim_95",4
"sim_95",4
"sim_95",4
"sim_95",4
"sim_95",4
"sim_95",4
"sim_95",4
"sim_95",4
"sim_95",4
"sim_95",4
"sim_95",4
"sim_95",4
"sim_95",4
"sim_95",4
"sim_95",4
"sim_95",4
"sim_95",4
"sim_95",4
"sim_95",4
"sim_95",4
"sim_95",4
"sim_95",4
"sim_95",4
"sim_95",4
"sim_95",4
"sim_95",4
"sim_95",4
"sim_95",4
"sim_95",4
"sim_95",4
"sim_95",4
"sim_95",4
"sim_95",4
"sim_95",4
"sim_95",4
"sim_95",4
"sim_95",4
"sim_95",4
"sim_95",4
"sim_95",4
"sim_95",4
"sim_95",4
"sim_95",4
"sim_95",4
"sim_95",4
"sim_95",4
"sim_95",4
"sim_95",4
"sim_95",4
"sim_95",4
"sim_95",4
"sim_95",4
"sim_95",4
"sim_95",4
"sim_95",4
"sim_95",4
"sim_95",4
"sim_95",4
"sim_95",4
"sim_95",4
"sim_95",4
"sim_95",4
"sim_95",4
"sim_95",4
"sim_95",4
"sim_95",4
"sim_95",4
"sim_95",4
"sim_95",4
"sim_95",4
"sim_95",4
"sim_95",4
"sim_95",4
"sim_95",4
"sim_95",4
"sim_95",4
"sim_95",4
"sim_95",4
"sim_95",4
"sim_95",4
"sim_95",4
"sim_95",4
"sim_95",4
"sim_95",4
"sim_95",4
"sim_95",4
"sim_95",4
"sim_95",4
"sim_95",4
"sim_95",4
"sim_95",4
"sim_95",4
"sim_95",4
"sim_95",4
"sim_95",4
"sim_95",4
"sim_95",4
"sim_95",4
"sim_95",4
"sim_95",4
"sim_95",4
"sim_95",4
"sim_95",4
"sim_95",4
"sim_95",4
"sim_95",4
"sim_95",4
"sim_95",4
"sim_95",4
"sim_95",4
"sim_95",4
"sim_95",4
"sim_95",4
"sim_95",4
"sim_95",4
"sim_95",4
"sim_95",4
"sim_95",4
"sim_95",4
"sim_95",4
"sim_95",4
"sim_95",4
"sim_95",4
"sim_95",4
"sim_95",4
"sim_95",4
"sim_95",4
"sim_95",4
"sim_95",4
"sim_95",4
"sim_95",4
"sim_95",4
"sim_95",4
"sim_95",4
"sim_95",4
"sim_95",4
"sim_95",4
"sim_95",4
"sim_95",4
"sim_95",4
"sim_95",4
"sim_95",4
"sim_95",4
"sim_95",4
"sim_95",4
"sim_95",4
"sim_95",4
"sim_95",4
"sim_95",4
"sim_95",4
"sim_95",4
"sim_95",4
"sim_95",4
"sim_95",4
"sim_95",4
"sim_95",4
"sim_95",4
"sim_95",4
"sim_95",4
"sim_95",4
"sim_95",4
"sim_95",4
"sim_95",4
"sim_95",4
"sim_95",4
"sim_95",4
"sim_95",4
"sim_95",4
"sim_95",4
"sim_95",4
"sim_95",4
"sim_95",4
"sim_95",4
"sim_95",4
"sim_95",4
"sim_95",4
"sim_95",4
"sim_95",4
"sim_95",4
"sim_95",4
"sim_95",4
"sim_95",4
"sim_95",4
"sim_95",4
"sim_95",4
"sim_95",4
"sim_95",4
"sim_95",4
"sim_95",4
"sim_95",4
"sim_95",4
"sim_95",4
"sim_95",4
"sim_95",4
"sim_95",4
"sim_95",4
"sim_95",4
"sim_95",4
"sim_95",4
"sim_95",4
"sim_95",4
"sim_95",4
"sim_95",4
"sim_95",4
"sim_95",4
"sim_95",4
"sim_95",4
"sim_95",4
"sim_95",4
"sim_95",4
"sim_95",4
"sim_95",4
"sim_95",4
"sim_95",4
"sim_95",4
"sim_95",4
"sim_95",4
"sim_95",4
"sim_95",4
"sim_95",4
"sim_95",4
"sim_95",4
"sim_95",4
"sim_95",4
"sim_95",4
"sim_95",4
"sim_95",4
"sim_95",4
"sim_95",4
"sim_95",4
"sim_95",4
"sim_95",4
"sim_95",4
"sim_95",4
"sim_95",4
"sim_95",4
"sim_95",4
"sim_95",4
"sim_95",4
"sim_95",4
"sim_95",4
"sim_95",4
"sim_95",4
"sim_95",4
"sim_95",4
"sim_95",4
"sim_95",4
"sim_95",4
"sim_95",4
"sim_95",4
"sim_95",4
"sim_95",4
"sim_95",4
"sim_95",4
"sim_95",4
"sim_95",4
"sim_95",4
"sim_95",4
"sim_95",4
"sim_95",4
"sim_95",4
"sim_95",4
"sim_95",4
"sim_95",4
"sim_95",4
"sim_95",4
"sim_95",4
"sim_95",4
"sim_95",4
"sim_95",4
"sim_95",5
"sim_95",5
"sim_95",5
"sim_95",5
"sim_95",5
"sim_95",5
"sim_95",5
"sim_95",5
"sim_95",5
"sim_95",5
"sim_95",5
"sim_95",5
"sim_95",5
"sim_95",5
"sim_95",5
"sim_95",5
"sim_95",5
"sim_95",5
"sim_95",5
"sim_95",5
"sim_95",5
"sim_95",5
"sim_95",5
"sim_95",5
"sim_95",5
"sim_95",5
"sim_95",5
"sim_95",5
"sim_95",5
"sim_95",5
"sim_95",5
"sim_95",5
"sim_95",5
"sim_95",5
"sim_95",5
"sim_95",5
"sim_95",5
"sim_95",5
"sim_95",5
"sim_95",5
"sim_95",5
"sim_95",5
"sim_95",5
"sim_95",5
"sim_95",5
"sim_95",5
"sim_95",5
"sim_95",5
"sim_95",5
"sim_95",5
"sim_95",5
"sim_95",5
"sim_95",5
"sim_95",5
"sim_95",5
"sim_95",5
"sim_95",5
"sim_95",5
"sim_95",5
"sim_95",5
"sim_95",5
"sim_95",5
"sim_95",5
"sim_95",5
"sim_95",5
"sim_95",5
"sim_95",5
"sim_95",5
"sim_95",5
"sim_95",5
"sim_95",5
"sim_95",5
"sim_95",5
"sim_95",5
"sim_95",5
"sim_95",5
"sim_95",5
"sim_95",5
"sim_95",5
"sim_95",5
"sim_95",5
"sim_95",5
"sim_95",5
"sim_95",5
"sim_95",5
"sim_95",5
"sim_95",5
"sim_95",5
"sim_95",5
"sim_95",5
"sim_95",5
"sim_95",6
"sim_95",6
"sim_95",6
"sim_95",6
"sim_95",6
"sim_95",6
"sim_95",6
"sim_95",6
"sim_95",6
"sim_95",6
"sim_95",6
"sim_95",6
"sim_95",6
"sim_95",6
"sim_95",6
"sim_95",6
"sim_95",6
"sim_95",6
"sim_95",6
"sim_95",6
"sim_95",6
"sim_95",6
"sim_95",6
"sim_95",6
"sim_95",6
"sim_95",6
"sim_95",6
"sim_95",6
"sim_95",6
"sim_95",6
"sim_95",6
"sim_95",6
"sim_95",6
"sim_95",6
"sim_95",6
"sim_95",6
"sim_95",6
"sim_95",6
"sim_95",6
"sim_95",6
"sim_95",7
"sim_95",7
"sim_95",7
"sim_95",7
"sim_95",7
"sim_95",7
"sim_95",7
"sim_95",7
"sim_95",7
"sim_95",7
"sim_95",7
"sim_95",7
"sim_95",7
"sim_95",7
"sim_95",7
"sim_95",7
"sim_95",7
"sim_95",7
"sim_95",7
"sim_95",8
"sim_95",8
"sim_95",8
"sim_95",8
"sim_95",8
"sim_95",8
"sim_95",8
"sim_95",8
"sim_95",8
"sim_95",9
"sim_95",9
"sim_95",9
"sim_95",9
"sim_95",9
"sim_95",9
"sim_95",9
"sim_95",10
"sim_95",10
"sim_95",10
"sim_95",10
"sim_95",10
"sim_95",10
"sim_95",10
"sim_95",10
"sim_95",10
"sim_95",11
"sim_95",11
"sim_95",11
"sim_95",11
"sim_95",11
"sim_95",12
"sim_95",12
"sim_95",12
"sim_95",12
"sim_95",13
"sim_95",15
"sim_96",4
"sim_96",4
"sim_96",4
"sim_96",4
"sim_96",4
"sim_96",4
"sim_96",4
"sim_96",4
"sim_96",4
"sim_96",4
"sim_96",4
"sim_96",4
"sim_96",4
"sim_96",4
"sim_96",4
"sim_96",4
"sim_96",4
"sim_96",4
"sim_96",4
"sim_96",4
"sim_96",4
"sim_96",4
"sim_96",4
"sim_96",4
"sim_96",4
"sim_96",4
"sim_96",4
"sim_96",4
"sim_96",4
"sim_96",4
"sim_96",4
"sim_96",4
"sim_96",4
"sim_96",4
"sim_96",4
"sim_96",4
"sim_96",4
"sim_96",4
"sim_96",4
"sim_96",4
"sim_96",4
"sim_96",4
"sim_96",4
"sim_96",4
"sim_96",4
"sim_96",4
"sim_96",4
"sim_96",4
"sim_96",4
"sim_96",4
"sim_96",4
"sim_96",4
"sim_96",4
"sim_96",4
"sim_96",4
"sim_96",4
"sim_96",4
"sim_96",4
"sim_96",4
"sim_96",4
"sim_96",4
"sim_96",4
"sim_96",4
"sim_96",4
"sim_96",4
"sim_96",4
"sim_96",4
"sim_96",4
"sim_96",4
"sim_96",4
"sim_96",4
"sim_96",4
"sim_96",4
"sim_96",4
"sim_96",4
"sim_96",4
"sim_96",4
"sim_96",4
"sim_96",4
"sim_96",4
"sim_96",4
"sim_96",4
"sim_96",4
"sim_96",4
"sim_96",4
"sim_96",4
"sim_96",4
"sim_96",4
"sim_96",4
"sim_96",4
"sim_96",4
"sim_96",4
"sim_96",4
"sim_96",4
"sim_96",4
"sim_96",4
"sim_96",4
"sim_96",4
"sim_96",4
"sim_96",4
"sim_96",4
"sim_96",4
"sim_96",4
"sim_96",4
"sim_96",4
"sim_96",4
"sim_96",4
"sim_96",4
"sim_96",4
"sim_96",4
"sim_96",4
"sim_96",4
"sim_96",4
"sim_96",4
"sim_96",4
"sim_96",4
"sim_96",4
"sim_96",4
"sim_96",4
"sim_96",4
"sim_96",4
"sim_96",4
"sim_96",4
"sim_96",4
"sim_96",4
"sim_96",4
"sim_96",4
"sim_96",4
"sim_96",4
"sim_96",4
"sim_96",4
"sim_96",4
"sim_96",4
"sim_96",4
"sim_96",4
"sim_96",4
"sim_96",4
"sim_96",4
"sim_96",4
"sim_96",4
"sim_96",4
"sim_96",4
"sim_96",4
"sim_96",4
"sim_96",4
"sim_96",4
"sim_96",4
"sim_96",4
"sim_96",4
"sim_96",4
"sim_96",4
"sim_96",4
"sim_96",4
"sim_96",4
"sim_96",4
"sim_96",4
"sim_96",4
"sim_96",4
"sim_96",4
"sim_96",4
"sim_96",4
"sim_96",4
"sim_96",4
"sim_96",4
"sim_96",4
"sim_96",4
"sim_96",4
"sim_96",4
"sim_96",4
"sim_96",4
"sim_96",4
"sim_96",4
"sim_96",4
"sim_96",4
"sim_96",4
"sim_96",4
"sim_96",4
"sim_96",4
"sim_96",4
"sim_96",4
"sim_96",4
"sim_96",4
"sim_96",4
"sim_96",4
"sim_96",4
"sim_96",4
"sim_96",4
"sim_96",4
"sim_96",4
"sim_96",4
"sim_96",4
"sim_96",4
"sim_96",4
"sim_96",4
"sim_96",4
"sim_96",4
"sim_96",4
"sim_96",4
"sim_96",4
"sim_96",4
"sim_96",4
"sim_96",4
"sim_96",4
"sim_96",4
"sim_96",4
"sim_96",4
"sim_96",4
"sim_96",4
"sim_96",4
"sim_96",4
"sim_96",4
"sim_96",4
"sim_96",4
"sim_96",4
"sim_96",4
"sim_96",4
"sim_96",4
"sim_96",4
"sim_96",4
"sim_96",4
"sim_96",4
"sim_96",4
"sim_96",4
"sim_96",4
"sim_96",4
"sim_96",4
"sim_96",4
"sim_96",4
"sim_96",4
"sim_96",4
"sim_96",4
"sim_96",4
"sim_96",4
"sim_96",4
"sim_96",4
"sim_96",4
"sim_96",4
"sim_96",4
"sim_96",4
"sim_96",4
"sim_96",4
"sim_96",4
"sim_96",4
"sim_96",4
"sim_96",4
"sim_96",4
"sim_96",4
"sim_96",4
"sim_96",4
"sim_96",4
"sim_96",4
"sim_96",4
"sim_96",4
"sim_96",4
"sim_96",4
"sim_96",4
"sim_96",4
"sim_96",4
"sim_96",4
"sim_96",4
"sim_96",4
"sim_96",4
"sim_96",4
"sim_96",4
"sim_96",4
"sim_96",4
"sim_96",4
"sim_96",4
"sim_96",4
"sim_96",4
"sim_96",4
"sim_96",4
"sim_96",4
"sim_96",4
"sim_96",4
"sim_96",4
"sim_96",4
"sim_96",4
"sim_96",4
"sim_96",4
"sim_96",4
"sim_96",4
"sim_96",4
"sim_96",4
"sim_96",4
"sim_96",4
"sim_96",4
"sim_96",4
"sim_96",4
"sim_96",4
"sim_96",4
"sim_96",4
"sim_96",4
"sim_96",4
"sim_96",4
"sim_96",4
"sim_96",4
"sim_96",4
"sim_96",4
"sim_96",4
"sim_96",4
"sim_96",4
"sim_96",4
"sim_96",4
"sim_96",4
"sim_96",4
"sim_96",4
"sim_96",4
"sim_96",4
"sim_96",4
"sim_96",4
"sim_96",4
"sim_96",4
"sim_96",4
"sim_96",4
"sim_96",4
"sim_96",4
"sim_96",4
"sim_96",4
"sim_96",4
"sim_96",4
"sim_96",4
"sim_96",4
"sim_96",4
"sim_96",4
"sim_96",4
"sim_96",4
"sim_96",4
"sim_96",4
"sim_96",4
"sim_96",4
"sim_96",4
"sim_96",4
"sim_96",4
"sim_96",4
"sim_96",4
"sim_96",4
"sim_96",4
"sim_96",4
"sim_96",4
"sim_96",4
"sim_96",4
"sim_96",4
"sim_96",4
"sim_96",4
"sim_96",4
"sim_96",4
"sim_96",4
"sim_96",4
"sim_96",4
"sim_96",4
"sim_96",4
"sim_96",4
"sim_96",4
"sim_96",4
"sim_96",4
"sim_96",4
"sim_96",4
"sim_96",4
"sim_96",4
"sim_96",4
"sim_96",4
"sim_96",4
"sim_96",4
"sim_96",4
"sim_96",4
"sim_96",4
"sim_96",5
"sim_96",5
"sim_96",5
"sim_96",5
"sim_96",5
"sim_96",5
"sim_96",5
"sim_96",5
"sim_96",5
"sim_96",5
"sim_96",5
"sim_96",5
"sim_96",5
"sim_96",5
"sim_96",5
"sim_96",5
"sim_96",5
"sim_96",5
"sim_96",5
"sim_96",5
"sim_96",5
"sim_96",5
"sim_96",5
"sim_96",5
"sim_96",5
"sim_96",5
"sim_96",5
"sim_96",5
"sim_96",5
"sim_96",5
"sim_96",5
"sim_96",5
"sim_96",5
"sim_96",5
"sim_96",5
"sim_96",5
"sim_96",5
"sim_96",5
"sim_96",5
"sim_96",5
"sim_96",5
"sim_96",5
"sim_96",5
"sim_96",5
"sim_96",5
"sim_96",5
"sim_96",5
"sim_96",5
"sim_96",5
"sim_96",5
"sim_96",5
"sim_96",5
"sim_96",5
"sim_96",5
"sim_96",5
"sim_96",5
"sim_96",5
"sim_96",5
"sim_96",5
"sim_96",5
"sim_96",5
"sim_96",5
"sim_96",5
"sim_96",5
"sim_96",5
"sim_96",5
"sim_96",5
"sim_96",5
"sim_96",5
"sim_96",5
"sim_96",5
"sim_96",5
"sim_96",5
"sim_96",5
"sim_96",5
"sim_96",5
"sim_96",5
"sim_96",5
"sim_96",5
"sim_96",5
"sim_96",5
"sim_96",5
"sim_96",5
"sim_96",5
"sim_96",5
"sim_96",5
"sim_96",5
"sim_96",5
"sim_96",5
"sim_96",5
"sim_96",5
"sim_96",5
"sim_96",5
"sim_96",5
"sim_96",5
"sim_96",5
"sim_96",5
"sim_96",5
"sim_96",5
"sim_96",5
"sim_96",5
"sim_96",5
"sim_96",5
"sim_96",5
"sim_96",5
"sim_96",5
"sim_96",5
"sim_96",5
"sim_96",5
"sim_96",6
"sim_96",6
"sim_96",6
"sim_96",6
"sim_96",6
"sim_96",6
"sim_96",6
"sim_96",6
"sim_96",6
"sim_96",6
"sim_96",6
"sim_96",6
"sim_96",6
"sim_96",6
"sim_96",6
"sim_96",6
"sim_96",6
"sim_96",6
"sim_96",6
"sim_96",6
"sim_96",6
"sim_96",6
"sim_96",6
"sim_96",6
"sim_96",6
"sim_96",6
"sim_96",6
"sim_96",6
"sim_96",6
"sim_96",6
"sim_96",6
"sim_96",6
"sim_96",6
"sim_96",6
"sim_96",6
"sim_96",6
"sim_96",6
"sim_96",6
"sim_96",6
"sim_96",6
"sim_96",6
"sim_96",6
"sim_96",6
"sim_96",6
"sim_96",6
"sim_96",6
"sim_96",6
"sim_96",6
"sim_96",6
"sim_96",6
"sim_96",7
"sim_96",7
"sim_96",7
"sim_96",7
"sim_96",7
"sim_96",7
"sim_96",7
"sim_96",7
"sim_96",7
"sim_96",7
"sim_96",7
"sim_96",7
"sim_96",7
"sim_96",7
"sim_96",7
"sim_96",7
"sim_96",7
"sim_96",7
"sim_96",7
"sim_96",8
"sim_96",8
"sim_96",8
"sim_96",8
"sim_96",8
"sim_96",8
"sim_96",8
"sim_96",8
"sim_96",8
"sim_96",8
"sim_96",8
"sim_96",8
"sim_96",8
"sim_96",9
"sim_96",9
"sim_96",9
"sim_96",9
"sim_96",10
"sim_96",11
"sim_96",11
"sim_96",12
"sim_97",4
"sim_97",4
"sim_97",4
"sim_97",4
"sim_97",4
"sim_97",4
"sim_97",4
"sim_97",4
"sim_97",4
"sim_97",4
"sim_97",4
"sim_97",4
"sim_97",4
"sim_97",4
"sim_97",4
"sim_97",4
"sim_97",4
"sim_97",4
"sim_97",4
"sim_97",4
"sim_97",4
"sim_97",4
"sim_97",4
"sim_97",4
"sim_97",4
"sim_97",4
"sim_97",4
"sim_97",4
"sim_97",4
"sim_97",4
"sim_97",4
"sim_97",4
"sim_97",4
"sim_97",4
"sim_97",4
"sim_97",4
"sim_97",4
"sim_97",4
"sim_97",4
"sim_97",4
"sim_97",4
"sim_97",4
"sim_97",4
"sim_97",4
"sim_97",4
"sim_97",4
"sim_97",4
"sim_97",4
"sim_97",4
"sim_97",4
"sim_97",4
"sim_97",4
"sim_97",4
"sim_97",4
"sim_97",4
"sim_97",4
"sim_97",4
"sim_97",4
"sim_97",4
"sim_97",4
"sim_97",4
"sim_97",4
"sim_97",4
"sim_97",4
"sim_97",4
"sim_97",4
"sim_97",4
"sim_97",4
"sim_97",4
"sim_97",4
"sim_97",4
"sim_97",4
"sim_97",4
"sim_97",4
"sim_97",4
"sim_97",4
"sim_97",4
"sim_97",4
"sim_97",4
"sim_97",4
"sim_97",4
"sim_97",4
"sim_97",4
"sim_97",4
"sim_97",4
"sim_97",4
"sim_97",4
"sim_97",4
"sim_97",4
"sim_97",4
"sim_97",4
"sim_97",4
"sim_97",4
"sim_97",4
"sim_97",4
"sim_97",4
"sim_97",4
"sim_97",4
"sim_97",4
"sim_97",4
"sim_97",4
"sim_97",4
"sim_97",4
"sim_97",4
"sim_97",4
"sim_97",4
"sim_97",4
"sim_97",4
"sim_97",4
"sim_97",4
"sim_97",4
"sim_97",4
"sim_97",4
"sim_97",4
"sim_97",4
"sim_97",4
"sim_97",4
"sim_97",4
"sim_97",4
"sim_97",4
"sim_97",4
"sim_97",4
"sim_97",4
"sim_97",4
"sim_97",4
"sim_97",4
"sim_97",4
"sim_97",4
"sim_97",4
"sim_97",4
"sim_97",4
"sim_97",4
"sim_97",4
"sim_97",4
"sim_97",4
"sim_97",4
"sim_97",4
"sim_97",4
"sim_97",4
"sim_97",4
"sim_97",4
"sim_97",4
"sim_97",4
"sim_97",4
"sim_97",4
"sim_97",4
"sim_97",4
"sim_97",4
"sim_97",4
"sim_97",4
"sim_97",4
"sim_97",4
"sim_97",4
"sim_97",4
"sim_97",4
"sim_97",4
"sim_97",4
"sim_97",4
"sim_97",4
"sim_97",4
"sim_97",4
"sim_97",4
"sim_97",4
"sim_97",4
"sim_97",4
"sim_97",4
"sim_97",4
"sim_97",4
"sim_97",4
"sim_97",4
"sim_97",4
"sim_97",4
"sim_97",4
"sim_97",4
"sim_97",4
"sim_97",4
"sim_97",4
"sim_97",4
"sim_97",4
"sim_97",4
"sim_97",4
"sim_97",4
"sim_97",4
"sim_97",4
"sim_97",4
"sim_97",4
"sim_97",4
"sim_97",4
"sim_97",4
"sim_97",4
"sim_97",4
"sim_97",4
"sim_97",4
"sim_97",4
"sim_97",4
"sim_97",4
"sim_97",4
"sim_97",4
"sim_97",4
"sim_97",4
"sim_97",4
"sim_97",4
"sim_97",4
"sim_97",4
"sim_97",4
"sim_97",4
"sim_97",4
"sim_97",4
"sim_97",4
"sim_97",4
"sim_97",4
"sim_97",4
"sim_97",4
"sim_97",4
"sim_97",4
"sim_97",4
"sim_97",4
"sim_97",4
"sim_97",4
"sim_97",4
"sim_97",4
"sim_97",4
"sim_97",4
"sim_97",4
"sim_97",4
"sim_97",4
"sim_97",4
"sim_97",4
"sim_97",4
"sim_97",4
"sim_97",4
"sim_97",4
"sim_97",4
"sim_97",4
"sim_97",4
"sim_97",4
"sim_97",4
"sim_97",4
"sim_97",4
"sim_97",4
"sim_97",4
"sim_97",4
"sim_97",4
"sim_97",4
"sim_97",4
"sim_97",4
"sim_97",4
"sim_97",4
"sim_97",4
"sim_97",4
"sim_97",4
"sim_97",4
"sim_97",4
"sim_97",4
"sim_97",4
"sim_97",4
"sim_97",4
"sim_97",4
"sim_97",4
"sim_97",4
"sim_97",4
"sim_97",4
"sim_97",4
"sim_97",4
"sim_97",4
"sim_97",4
"sim_97",4
"sim_97",4
"sim_97",4
"sim_97",4
"sim_97",4
"sim_97",4
"sim_97",4
"sim_97",4
"sim_97",4
"sim_97",4
"sim_97",4
"sim_97",4
"sim_97",4
"sim_97",4
"sim_97",4
"sim_97",4
"sim_97",4
"sim_97",4
"sim_97",4
"sim_97",4
"sim_97",4
"sim_97",4
"sim_97",4
"sim_97",4
"sim_97",4
"sim_97",4
"sim_97",4
"sim_97",4
"sim_97",4
"sim_97",4
"sim_97",4
"sim_97",4
"sim_97",4
"sim_97",4
"sim_97",4
"sim_97",4
"sim_97",4
"sim_97",4
"sim_97",4
"sim_97",4
"sim_97",4
"sim_97",4
"sim_97",4
"sim_97",4
"sim_97",4
"sim_97",4
"sim_97",4
"sim_97",4
"sim_97",4
"sim_97",4
"sim_97",4
"sim_97",4
"sim_97",4
"sim_97",4
"sim_97",4
"sim_97",4
"sim_97",4
"sim_97",4
"sim_97",4
"sim_97",4
"sim_97",4
"sim_97",4
"sim_97",4
"sim_97",4
"sim_97",4
"sim_97",4
"sim_97",4
"sim_97",4
"sim_97",4
"sim_97",4
"sim_97",4
"sim_97",4
"sim_97",4
"sim_97",4
"sim_97",4
"sim_97",4
"sim_97",4
"sim_97",4
"sim_97",4
"sim_97",4
"sim_97",4
"sim_97",4
"sim_97",4
"sim_97",4
"sim_97",4
"sim_97",4
"sim_97",4
"sim_97",4
"sim_97",4
"sim_97",4
"sim_97",4
"sim_97",4
"sim_97",4
"sim_97",4
"sim_97",4
"sim_97",4
"sim_97",4
"sim_97",4
"sim_97",4
"sim_97",4
"sim_97",4
"sim_97",5
"sim_97",5
"sim_97",5
"sim_97",5
"sim_97",5
"sim_97",5
"sim_97",5
"sim_97",5
"sim_97",5
"sim_97",5
"sim_97",5
"sim_97",5
"sim_97",5
"sim_97",5
"sim_97",5
"sim_97",5
"sim_97",5
"sim_97",5
"sim_97",5
"sim_97",5
"sim_97",5
"sim_97",5
"sim_97",5
"sim_97",5
"sim_97",5
"sim_97",5
"sim_97",5
"sim_97",5
"sim_97",5
"sim_97",5
"sim_97",5
"sim_97",5
"sim_97",5
"sim_97",5
"sim_97",5
"sim_97",5
"sim_97",5
"sim_97",5
"sim_97",5
"sim_97",5
"sim_97",5
"sim_97",5
"sim_97",5
"sim_97",5
"sim_97",5
"sim_97",5
"sim_97",5
"sim_97",5
"sim_97",5
"sim_97",5
"sim_97",5
"sim_97",5
"sim_97",5
"sim_97",5
"sim_97",5
"sim_97",5
"sim_97",5
"sim_97",5
"sim_97",5
"sim_97",5
"sim_97",5
"sim_97",5
"sim_97",5
"sim_97",5
"sim_97",5
"sim_97",5
"sim_97",5
"sim_97",5
"sim_97",5
"sim_97",5
"sim_97",5
"sim_97",5
"sim_97",5
"sim_97",5
"sim_97",5
"sim_97",5
"sim_97",5
"sim_97",5
"sim_97",5
"sim_97",5
"sim_97",5
"sim_97",5
"sim_97",5
"sim_97",5
"sim_97",5
"sim_97",5
"sim_97",5
"sim_97",5
"sim_97",5
"sim_97",5
"sim_97",5
"sim_97",5
"sim_97",5
"sim_97",5
"sim_97",5
"sim_97",5
"sim_97",5
"sim_97",5
"sim_97",5
"sim_97",5
"sim_97",5
"sim_97",5
"sim_97",5
"sim_97",5
"sim_97",5
"sim_97",5
"sim_97",5
"sim_97",5
"sim_97",5
"sim_97",5
"sim_97",5
"sim_97",5
"sim_97",5
"sim_97",5
"sim_97",5
"sim_97",5
"sim_97",5
"sim_97",5
"sim_97",5
"sim_97",5
"sim_97",5
"sim_97",6
"sim_97",6
"sim_97",6
"sim_97",6
"sim_97",6
"sim_97",6
"sim_97",6
"sim_97",6
"sim_97",6
"sim_97",6
"sim_97",6
"sim_97",6
"sim_97",6
"sim_97",6
"sim_97",6
"sim_97",6
"sim_97",6
"sim_97",6
"sim_97",6
"sim_97",6
"sim_97",6
"sim_97",6
"sim_97",6
"sim_97",6
"sim_97",6
"sim_97",6
"sim_97",6
"sim_97",7
"sim_97",7
"sim_97",7
"sim_97",7
"sim_97",7
"sim_97",7
"sim_97",7
"sim_97",7
"sim_97",7
"sim_97",7
"sim_97",7
"sim_97",7
"sim_97",7
"sim_97",7
"sim_97",7
"sim_97",7
"sim_97",7
"sim_97",7
"sim_97",7
"sim_97",7
"sim_97",7
"sim_97",7
"sim_97",8
"sim_97",8
"sim_97",8
"sim_97",8
"sim_97",8
"sim_97",8
"sim_97",8
"sim_97",8
"sim_97",8
"sim_97",8
"sim_97",8
"sim_97",8
"sim_97",8
"sim_97",8
"sim_97",8
"sim_97",9
"sim_97",9
"sim_97",9
"sim_97",10
"sim_97",11
"sim_97",12
"sim_97",13
"sim_97",14
"sim_97",14
"sim_97",14
"sim_97",14
"sim_97",14
"sim_97",15
"sim_97",17
"sim_98",4
"sim_98",4
"sim_98",4
"sim_98",4
"sim_98",4
"sim_98",4
"sim_98",4
"sim_98",4
"sim_98",4
"sim_98",4
"sim_98",4
"sim_98",4
"sim_98",4
"sim_98",4
"sim_98",4
"sim_98",4
"sim_98",4
"sim_98",4
"sim_98",4
"sim_98",4
"sim_98",4
"sim_98",4
"sim_98",4
"sim_98",4
"sim_98",4
"sim_98",4
"sim_98",4
"sim_98",4
"sim_98",4
"sim_98",4
"sim_98",4
"sim_98",4
"sim_98",4
"sim_98",4
"sim_98",4
"sim_98",4
"sim_98",4
"sim_98",4
"sim_98",4
"sim_98",4
"sim_98",4
"sim_98",4
"sim_98",4
"sim_98",4
"sim_98",4
"sim_98",4
"sim_98",4
"sim_98",4
"sim_98",4
"sim_98",4
"sim_98",4
"sim_98",4
"sim_98",4
"sim_98",4
"sim_98",4
"sim_98",4
"sim_98",4
"sim_98",4
"sim_98",4
"sim_98",4
"sim_98",4
"sim_98",4
"sim_98",4
"sim_98",4
"sim_98",4
"sim_98",4
"sim_98",4
"sim_98",4
"sim_98",4
"sim_98",4
"sim_98",4
"sim_98",4
"sim_98",4
"sim_98",4
"sim_98",4
"sim_98",4
"sim_98",4
"sim_98",4
"sim_98",4
"sim_98",4
"sim_98",4
"sim_98",4
"sim_98",4
"sim_98",4
"sim_98",4
"sim_98",4
"sim_98",4
"sim_98",4
"sim_98",4
"sim_98",4
"sim_98",4
"sim_98",4
"sim_98",4
"sim_98",4
"sim_98",4
"sim_98",4
"sim_98",4
"sim_98",4
"sim_98",4
"sim_98",4
"sim_98",4
"sim_98",4
"sim_98",4
"sim_98",4
"sim_98",4
"sim_98",4
"sim_98",4
"sim_98",4
"sim_98",4
"sim_98",4
"sim_98",4
"sim_98",4
"sim_98",4
"sim_98",4
"sim_98",4
"sim_98",4
"sim_98",4
"sim_98",4
"sim_98",4
"sim_98",4
"sim_98",4
"sim_98",4
"sim_98",4
"sim_98",4
"sim_98",4
"sim_98",4
"sim_98",4
"sim_98",4
"sim_98",4
"sim_98",4
"sim_98",4
"sim_98",4
"sim_98",4
"sim_98",4
"sim_98",4
"sim_98",4
"sim_98",4
"sim_98",4
"sim_98",4
"sim_98",4
"sim_98",4
"sim_98",4
"sim_98",4
"sim_98",4
"sim_98",4
"sim_98",4
"sim_98",4
"sim_98",4
"sim_98",4
"sim_98",4
"sim_98",4
"sim_98",4
"sim_98",4
"sim_98",4
"sim_98",4
"sim_98",4
"sim_98",4
"sim_98",4
"sim_98",4
"sim_98",4
"sim_98",4
"sim_98",4
"sim_98",4
"sim_98",4
"sim_98",4
"sim_98",4
"sim_98",4
"sim_98",4
"sim_98",4
"sim_98",4
"sim_98",4
"sim_98",4
"sim_98",4
"sim_98",4
"sim_98",4
"sim_98",4
"sim_98",4
"sim_98",4
"sim_98",4
"sim_98",4
"sim_98",4
"sim_98",4
"sim_98",4
"sim_98",4
"sim_98",4
"sim_98",4
"sim_98",4
"sim_98",4
"sim_98",4
"sim_98",4
"sim_98",4
"sim_98",4
"sim_98",4
"sim_98",4
"sim_98",4
"sim_98",4
"sim_98",4
"sim_98",4
"sim_98",4
"sim_98",4
"sim_98",4
"sim_98",4
"sim_98",4
"sim_98",4
"sim_98",4
"sim_98",4
"sim_98",4
"sim_98",4
"sim_98",4
"sim_98",4
"sim_98",4
"sim_98",4
"sim_98",4
"sim_98",4
"sim_98",4
"sim_98",4
"sim_98",4
"sim_98",4
"sim_98",4
"sim_98",4
"sim_98",4
"sim_98",4
"sim_98",4
"sim_98",4
"sim_98",4
"sim_98",4
"sim_98",4
"sim_98",4
"sim_98",4
"sim_98",4
"sim_98",4
"sim_98",4
"sim_98",4
"sim_98",4
"sim_98",4
"sim_98",4
"sim_98",4
"sim_98",4
"sim_98",4
"sim_98",4
"sim_98",4
"sim_98",4
"sim_98",4
"sim_98",4
"sim_98",4
"sim_98",4
"sim_98",4
"sim_98",4
"sim_98",4
"sim_98",4
"sim_98",4
"sim_98",4
"sim_98",4
"sim_98",4
"sim_98",4
"sim_98",4
"sim_98",4
"sim_98",4
"sim_98",4
"sim_98",4
"sim_98",4
"sim_98",4
"sim_98",4
"sim_98",4
"sim_98",4
"sim_98",4
"sim_98",4
"sim_98",4
"sim_98",4
"sim_98",4
"sim_98",4
"sim_98",4
"sim_98",4
"sim_98",4
"sim_98",4
"sim_98",4
"sim_98",4
"sim_98",4
"sim_98",4
"sim_98",4
"sim_98",4
"sim_98",4
"sim_98",4
"sim_98",4
"sim_98",4
"sim_98",4
"sim_98",4
"sim_98",4
"sim_98",4
"sim_98",4
"sim_98",4
"sim_98",4
"sim_98",4
"sim_98",4
"sim_98",4
"sim_98",4
"sim_98",4
"sim_98",4
"sim_98",4
"sim_98",4
"sim_98",4
"sim_98",4
"sim_98",4
"sim_98",4
"sim_98",4
"sim_98",4
"sim_98",4
"sim_98",4
"sim_98",4
"sim_98",4
"sim_98",4
"sim_98",4
"sim_98",4
"sim_98",4
"sim_98",4
"sim_98",4
"sim_98",4
"sim_98",4
"sim_98",4
"sim_98",4
"sim_98",4
"sim_98",4
"sim_98",4
"sim_98",4
"sim_98",4
"sim_98",4
"sim_98",4
"sim_98",4
"sim_98",4
"sim_98",4
"sim_98",4
"sim_98",4
"sim_98",4
"sim_98",4
"sim_98",4
"sim_98",4
"sim_98",4
"sim_98",4
"sim_98",4
"sim_98",4
"sim_98",4
"sim_98",4
"sim_98",4
"sim_98",4
"sim_98",4
"sim_98",4
"sim_98",4
"sim_98",4
"sim_98",4
"sim_98",4
"sim_98",4
"sim_98",4
"sim_98",4
"sim_98",4
"sim_98",4
"sim_98",4
"sim_98",4
"sim_98",4
"sim_98",4
"sim_98",4
"sim_98",4
"sim_98",4
"sim_98",4
"sim_98",4
"sim_98",4
"sim_98",4
"sim_98",4
"sim_98",5
"sim_98",5
"sim_98",5
"sim_98",5
"sim_98",5
"sim_98",5
"sim_98",5
"sim_98",5
"sim_98",5
"sim_98",5
"sim_98",5
"sim_98",5
"sim_98",5
"sim_98",5
"sim_98",5
"sim_98",5
"sim_98",5
"sim_98",5
"sim_98",5
"sim_98",5
"sim_98",5
"sim_98",5
"sim_98",5
"sim_98",5
"sim_98",5
"sim_98",5
"sim_98",5
"sim_98",5
"sim_98",5
"sim_98",5
"sim_98",5
"sim_98",5
"sim_98",5
"sim_98",5
"sim_98",5
"sim_98",5
"sim_98",5
"sim_98",5
"sim_98",5
"sim_98",5
"sim_98",5
"sim_98",5
"sim_98",5
"sim_98",5
"sim_98",5
"sim_98",5
"sim_98",5
"sim_98",5
"sim_98",5
"sim_98",5
"sim_98",5
"sim_98",5
"sim_98",5
"sim_98",5
"sim_98",5
"sim_98",5
"sim_98",5
"sim_98",5
"sim_98",5
"sim_98",5
"sim_98",5
"sim_98",5
"sim_98",5
"sim_98",5
"sim_98",5
"sim_98",5
"sim_98",5
"sim_98",5
"sim_98",5
"sim_98",5
"sim_98",5
"sim_98",5
"sim_98",5
"sim_98",5
"sim_98",5
"sim_98",5
"sim_98",5
"sim_98",5
"sim_98",5
"sim_98",5
"sim_98",5
"sim_98",5
"sim_98",5
"sim_98",5
"sim_98",5
"sim_98",5
"sim_98",5
"sim_98",5
"sim_98",5
"sim_98",5
"sim_98",5
"sim_98",5
"sim_98",5
"sim_98",5
"sim_98",5
"sim_98",5
"sim_98",5
"sim_98",5
"sim_98",5
"sim_98",5
"sim_98",5
"sim_98",5
"sim_98",5
"sim_98",5
"sim_98",5
"sim_98",5
"sim_98",5
"sim_98",5
"sim_98",5
"sim_98",5
"sim_98",5
"sim_98",5
"sim_98",6
"sim_98",6
"sim_98",6
"sim_98",6
"sim_98",6
"sim_98",6
"sim_98",6
"sim_98",6
"sim_98",6
"sim_98",6
"sim_98",6
"sim_98",6
"sim_98",6
"sim_98",6
"sim_98",6
"sim_98",6
"sim_98",6
"sim_98",6
"sim_98",6
"sim_98",6
"sim_98",6
"sim_98",6
"sim_98",6
"sim_98",6
"sim_98",6
"sim_98",6
"sim_98",6
"sim_98",6
"sim_98",6
"sim_98",6
"sim_98",6
"sim_98",6
"sim_98",6
"sim_98",6
"sim_98",6
"sim_98",6
"sim_98",6
"sim_98",7
"sim_98",7
"sim_98",7
"sim_98",7
"sim_98",7
"sim_98",7
"sim_98",7
"sim_98",7
"sim_98",7
"sim_98",7
"sim_98",7
"sim_98",7
"sim_98",7
"sim_98",7
"sim_98",7
"sim_98",7
"sim_98",7
"sim_98",7
"sim_98",7
"sim_98",7
"sim_98",7
"sim_98",7
"sim_98",7
"sim_98",7
"sim_98",7
"sim_98",7
"sim_98",7
"sim_98",7
"sim_98",7
"sim_98",8
"sim_98",8
"sim_98",8
"sim_98",8
"sim_98",8
"sim_98",8
"sim_98",8
"sim_98",8
"sim_98",8
"sim_98",8
"sim_98",8
"sim_98",9
"sim_98",9
"sim_98",9
"sim_98",9
"sim_98",9
"sim_98",9
"sim_98",9
"sim_98",10
"sim_98",11
"sim_98",11
"sim_99",4
"sim_99",4
"sim_99",4
"sim_99",4
"sim_99",4
"sim_99",4
"sim_99",4
"sim_99",4
"sim_99",4
"sim_99",4
"sim_99",4
"sim_99",4
"sim_99",4
"sim_99",4
"sim_99",4
"sim_99",4
"sim_99",4
"sim_99",4
"sim_99",4
"sim_99",4
"sim_99",4
"sim_99",4
"sim_99",4
"sim_99",4
"sim_99",4
"sim_99",4
"sim_99",4
"sim_99",4
"sim_99",4
"sim_99",4
"sim_99",4
"sim_99",4
"sim_99",4
"sim_99",4
"sim_99",4
"sim_99",4
"sim_99",4
"sim_99",4
"sim_99",4
"sim_99",4
"sim_99",4
"sim_99",4
"sim_99",4
"sim_99",4
"sim_99",4
"sim_99",4
"sim_99",4
"sim_99",4
"sim_99",4
"sim_99",4
"sim_99",4
"sim_99",4
"sim_99",4
"sim_99",4
"sim_99",4
"sim_99",4
"sim_99",4
"sim_99",4
"sim_99",4
"sim_99",4
"sim_99",4
"sim_99",4
"sim_99",4
"sim_99",4
"sim_99",4
"sim_99",4
"sim_99",4
"sim_99",4
"sim_99",4
"sim_99",4
"sim_99",4
"sim_99",4
"sim_99",4
"sim_99",4
"sim_99",4
"sim_99",4
"sim_99",4
"sim_99",4
"sim_99",4
"sim_99",4
"sim_99",4
"sim_99",4
"sim_99",4
"sim_99",4
"sim_99",4
"sim_99",4
"sim_99",4
"sim_99",4
"sim_99",4
"sim_99",4
"sim_99",4
"sim_99",4
"sim_99",4
"sim_99",4
"sim_99",4
"sim_99",4
"sim_99",4
"sim_99",4
"sim_99",4
"sim_99",4
"sim_99",4
"sim_99",4
"sim_99",4
"sim_99",4
"sim_99",4
"sim_99",4
"sim_99",4
"sim_99",4
"sim_99",4
"sim_99",4
"sim_99",4
"sim_99",4
"sim_99",4
"sim_99",4
"sim_99",4
"sim_99",4
"sim_99",4
"sim_99",4
"sim_99",4
"sim_99",4
"sim_99",4
"sim_99",4
"sim_99",4
"sim_99",4
"sim_99",4
"sim_99",4
"sim_99",4
"sim_99",4
"sim_99",4
"sim_99",4
"sim_99",4
"sim_99",4
"sim_99",4
"sim_99",4
"sim_99",4
"sim_99",4
"sim_99",4
"sim_99",4
"sim_99",4
"sim_99",4
"sim_99",4
"sim_99",4
"sim_99",4
"sim_99",4
"sim_99",4
"sim_99",4
"sim_99",4
"sim_99",4
"sim_99",4
"sim_99",4
"sim_99",4
"sim_99",4
"sim_99",4
"sim_99",4
"sim_99",4
"sim_99",4
"sim_99",4
"sim_99",4
"sim_99",4
"sim_99",4
"sim_99",4
"sim_99",4
"sim_99",4
"sim_99",4
"sim_99",4
"sim_99",4
"sim_99",4
"sim_99",4
"sim_99",4
"sim_99",4
"sim_99",4
"sim_99",4
"sim_99",4
"sim_99",4
"sim_99",4
"sim_99",4
"sim_99",4
"sim_99",4
"sim_99",4
"sim_99",4
"sim_99",4
"sim_99",4
"sim_99",4
"sim_99",4
"sim_99",4
"sim_99",4
"sim_99",4
"sim_99",4
"sim_99",4
"sim_99",4
"sim_99",4
"sim_99",4
"sim_99",4
"sim_99",4
"sim_99",4
"sim_99",4
"sim_99",4
"sim_99",4
"sim_99",4
"sim_99",4
"sim_99",4
"sim_99",4
"sim_99",4
"sim_99",4
"sim_99",4
"sim_99",4
"sim_99",4
"sim_99",4
"sim_99",4
"sim_99",4
"sim_99",4
"sim_99",4
"sim_99",4
"sim_99",4
"sim_99",4
"sim_99",4
"sim_99",4
"sim_99",4
"sim_99",4
"sim_99",4
"sim_99",4
"sim_99",4
"sim_99",4
"sim_99",4
"sim_99",4
"sim_99",4
"sim_99",4
"sim_99",4
"sim_99",4
"sim_99",4
"sim_99",4
"sim_99",4
"sim_99",4
"sim_99",4
"sim_99",4
"sim_99",4
"sim_99",4
"sim_99",4
"sim_99",4
"sim_99",4
"sim_99",4
"sim_99",4
"sim_99",4
"sim_99",4
"sim_99",4
"sim_99",4
"sim_99",4
"sim_99",4
"sim_99",4
"sim_99",4
"sim_99",4
"sim_99",4
"sim_99",4
"sim_99",4
"sim_99",4
"sim_99",4
"sim_99",4
"sim_99",4
"sim_99",4
"sim_99",4
"sim_99",4
"sim_99",4
"sim_99",4
"sim_99",4
"sim_99",4
"sim_99",4
"sim_99",4
"sim_99",4
"sim_99",4
"sim_99",4
"sim_99",4
"sim_99",4
"sim_99",4
"sim_99",4
"sim_99",4
"sim_99",4
"sim_99",4
"sim_99",4
"sim_99",4
"sim_99",4
"sim_99",4
"sim_99",4
"sim_99",4
"sim_99",4
"sim_99",4
"sim_99",4
"sim_99",4
"sim_99",4
"sim_99",4
"sim_99",4
"sim_99",4
"sim_99",4
"sim_99",4
"sim_99",4
"sim_99",4
"sim_99",4
"sim_99",4
"sim_99",4
"sim_99",4
"sim_99",4
"sim_99",4
"sim_99",4
"sim_99",4
"sim_99",4
"sim_99",4
"sim_99",4
"sim_99",4
"sim_99",4
"sim_99",4
"sim_99",4
"sim_99",4
"sim_99",4
"sim_99",4
"sim_99",4
"sim_99",4
"sim_99",4
"sim_99",4
"sim_99",4
"sim_99",4
"sim_99",4
"sim_99",4
"sim_99",4
"sim_99",4
"sim_99",4
"sim_99",4
"sim_99",4
"sim_99",4
"sim_99",4
"sim_99",4
"sim_99",4
"sim_99",4
"sim_99",4
"sim_99",4
"sim_99",4
"sim_99",4
"sim_99",4
"sim_99",4
"sim_99",4
"sim_99",4
"sim_99",4
"sim_99",4
"sim_99",4
"sim_99",4
"sim_99",4
"sim_99",4
"sim_99",4
"sim_99",4
"sim_99",4
"sim_99",4
"sim_99",4
"sim_99",4
"sim_99",4
"sim_99",4
"sim_99",4
"sim_99",4
"sim_99",4
"sim_99",4
"sim_99",4
"sim_99",4
"sim_99",4
"sim_99",4
"sim_99",4
"sim_99",4
"sim_99",4
"sim_99",4
"sim_99",4
"sim_99",4
"sim_99",4
"sim_99",4
"sim_99",4
"sim_99",4
"sim_99",4
"sim_99",4
"sim_99",4
"sim_99",4
"sim_99",4
"sim_99",4
"sim_99",4
"sim_99",4
"sim_99",4
"sim_99",5
"sim_99",5
"sim_99",5
"sim_99",5
"sim_99",5
"sim_99",5
"sim_99",5
"sim_99",5
"sim_99",5
"sim_99",5
"sim_99",5
"sim_99",5
"sim_99",5
"sim_99",5
"sim_99",5
"sim_99",5
"sim_99",5
"sim_99",5
"sim_99",5
"sim_99",5
"sim_99",5
"sim_99",5
"sim_99",5
"sim_99",5
"sim_99",5
"sim_99",5
"sim_99",5
"sim_99",5
"sim_99",5
"sim_99",5
"sim_99",5
"sim_99",5
"sim_99",5
"sim_99",5
"sim_99",5
"sim_99",5
"sim_99",5
"sim_99",5
"sim_99",5
"sim_99",5
"sim_99",5
"sim_99",5
"sim_99",5
"sim_99",5
"sim_99",5
"sim_99",5
"sim_99",5
"sim_99",5
"sim_99",5
"sim_99",5
"sim_99",5
"sim_99",5
"sim_99",5
"sim_99",5
"sim_99",5
"sim_99",5
"sim_99",5
"sim_99",5
"sim_99",5
"sim_99",5
"sim_99",5
"sim_99",5
"sim_99",5
"sim_99",5
"sim_99",5
"sim_99",5
"sim_99",5
"sim_99",5
"sim_99",5
"sim_99",5
"sim_99",5
"sim_99",5
"sim_99",5
"sim_99",5
"sim_99",5
"sim_99",5
"sim_99",5
"sim_99",5
"sim_99",5
"sim_99",5
"sim_99",5
"sim_99",5
"sim_99",5
"sim_99",5
"sim_99",5
"sim_99",5
"sim_99",5
"sim_99",5
"sim_99",6
"sim_99",6
"sim_99",6
"sim_99",6
"sim_99",6
"sim_99",6
"sim_99",6
"sim_99",6
"sim_99",6
"sim_99",6
"sim_99",6
"sim_99",6
"sim_99",6
"sim_99",6
"sim_99",6
"sim_99",6
"sim_99",6
"sim_99",6
"sim_99",6
"sim_99",6
"sim_99",6
"sim_99",6
"sim_99",6
"sim_99",6
"sim_99",6
"sim_99",6
"sim_99",6
"sim_99",6
"sim_99",6
"sim_99",6
"sim_99",6
"sim_99",6
"sim_99",6
"sim_99",6
"sim_99",6
"sim_99",6
"sim_99",6
"sim_99",6
"sim_99",6
"sim_99",6
"sim_99",6
"sim_99",6
"sim_99",6
"sim_99",7
"sim_99",7
"sim_99",7
"sim_99",7
"sim_99",7
"sim_99",7
"sim_99",7
"sim_99",7
"sim_99",7
"sim_99",7
"sim_99",7
"sim_99",7
"sim_99",7
"sim_99",7
"sim_99",7
"sim_99",7
"sim_99",7
"sim_99",7
"sim_99",7
"sim_99",7
"sim_99",7
"sim_99",7
"sim_99",7
"sim_99",7
"sim_99",7
"sim_99",7
"sim_99",7
"sim_99",8
"sim_99",8
"sim_99",8
"sim_99",8
"sim_99",8
"sim_99",8
"sim_99",8
"sim_99",8
"sim_99",8
"sim_99",9
"sim_99",9
"sim_99",9
"sim_99",9
"sim_99",9
"sim_99",10
"sim_99",10
"sim_99",10
"sim_99",10
"sim_99",11
"sim_99",11
"sim_99",12
"sim_99",12
"sim_99",12
"sim_99",14
"sim_99",14
"sim_99",14
"sim_99",14
"sim_99",14
"sim_100",4
"sim_100",4
"sim_100",4
"sim_100",4
"sim_100",4
"sim_100",4
"sim_100",4
"sim_100",4
"sim_100",4
"sim_100",4
"sim_100",4
"sim_100",4
"sim_100",4
"sim_100",4
"sim_100",4
"sim_100",4
"sim_100",4
"sim_100",4
"sim_100",4
"sim_100",4
"sim_100",4
"sim_100",4
"sim_100",4
"sim_100",4
"sim_100",4
"sim_100",4
"sim_100",4
"sim_100",4
"sim_100",4
"sim_100",4
"sim_100",4
"sim_100",4
"sim_100",4
"sim_100",4
"sim_100",4
"sim_100",4
"sim_100",4
"sim_100",4
"sim_100",4
"sim_100",4
"sim_100",4
"sim_100",4
"sim_100",4
"sim_100",4
"sim_100",4
"sim_100",4
"sim_100",4
"sim_100",4
"sim_100",4
"sim_100",4
"sim_100",4
"sim_100",4
"sim_100",4
"sim_100",4
"sim_100",4
"sim_100",4
"sim_100",4
"sim_100",4
"sim_100",4
"sim_100",4
"sim_100",4
"sim_100",4
"sim_100",4
"sim_100",4
"sim_100",4
"sim_100",4
"sim_100",4
"sim_100",4
"sim_100",4
"sim_100",4
"sim_100",4
"sim_100",4
"sim_100",4
"sim_100",4
"sim_100",4
"sim_100",4
"sim_100",4
"sim_100",4
"sim_100",4
"sim_100",4
"sim_100",4
"sim_100",4
"sim_100",4
"sim_100",4
"sim_100",4
"sim_100",4
"sim_100",4
"sim_100",4
"sim_100",4
"sim_100",4
"sim_100",4
"sim_100",4
"sim_100",4
"sim_100",4
"sim_100",4
"sim_100",4
"sim_100",4
"sim_100",4
"sim_100",4
"sim_100",4
"sim_100",4
"sim_100",4
"sim_100",4
"sim_100",4
"sim_100",4
"sim_100",4
"sim_100",4
"sim_100",4
"sim_100",4
"sim_100",4
"sim_100",4
"sim_100",4
"sim_100",4
"sim_100",4
"sim_100",4
"sim_100",4
"sim_100",4
"sim_100",4
"sim_100",4
"sim_100",4
"sim_100",4
"sim_100",4
"sim_100",4
"sim_100",4
"sim_100",4
"sim_100",4
"sim_100",4
"sim_100",4
"sim_100",4
"sim_100",4
"sim_100",4
"sim_100",4
"sim_100",4
"sim_100",4
"sim_100",4
"sim_100",4
"sim_100",4
"sim_100",4
"sim_100",4
"sim_100",4
"sim_100",4
"sim_100",4
"sim_100",4
"sim_100",4
"sim_100",4
"sim_100",4
"sim_100",4
"sim_100",4
"sim_100",4
"sim_100",4
"sim_100",4
"sim_100",4
"sim_100",4
"sim_100",4
"sim_100",4
"sim_100",4
"sim_100",4
"sim_100",4
"sim_100",4
"sim_100",4
"sim_100",4
"sim_100",4
"sim_100",4
"sim_100",4
"sim_100",4
"sim_100",4
"sim_100",4
"sim_100",4
"sim_100",4
"sim_100",4
"sim_100",4
"sim_100",4
"sim_100",4
"sim_100",4
"sim_100",4
"sim_100",4
"sim_100",4
"sim_100",4
"sim_100",4
"sim_100",4
"sim_100",4
"sim_100",4
"sim_100",4
"sim_100",4
"sim_100",4
"sim_100",4
"sim_100",4
"sim_100",4
"sim_100",4
"sim_100",4
"sim_100",4
"sim_100",4
"sim_100",4
"sim_100",4
"sim_100",4
"sim_100",4
"sim_100",4
"sim_100",4
"sim_100",4
"sim_100",4
"sim_100",4
"sim_100",4
"sim_100",4
"sim_100",4
"sim_100",4
"sim_100",4
"sim_100",4
"sim_100",4
"sim_100",4
"sim_100",4
"sim_100",4
"sim_100",4
"sim_100",4
"sim_100",4
"sim_100",4
"sim_100",4
"sim_100",4
"sim_100",4
"sim_100",4
"sim_100",4
"sim_100",4
"sim_100",4
"sim_100",4
"sim_100",4
"sim_100",4
"sim_100",4
"sim_100",4
"sim_100",4
"sim_100",4
"sim_100",4
"sim_100",4
"sim_100",4
"sim_100",4
"sim_100",4
"sim_100",4
"sim_100",4
"sim_100",4
"sim_100",4
"sim_100",4
"sim_100",4
"sim_100",4
"sim_100",4
"sim_100",4
"sim_100",4
"sim_100",4
"sim_100",4
"sim_100",4
"sim_100",4
"sim_100",4
"sim_100",4
"sim_100",4
"sim_100",4
"sim_100",4
"sim_100",4
"sim_100",4
"sim_100",4
"sim_100",4
"sim_100",4
"sim_100",4
"sim_100",4
"sim_100",4
"sim_100",4
"sim_100",4
"sim_100",4
"sim_100",4
"sim_100",4
"sim_100",4
"sim_100",4
"sim_100",4
"sim_100",4
"sim_100",4
"sim_100",4
"sim_100",4
"sim_100",4
"sim_100",4
"sim_100",4
"sim_100",4
"sim_100",4
"sim_100",4
"sim_100",4
"sim_100",4
"sim_100",4
"sim_100",4
"sim_100",4
"sim_100",4
"sim_100",4
"sim_100",4
"sim_100",4
"sim_100",4
"sim_100",4
"sim_100",4
"sim_100",4
"sim_100",4
"sim_100",4
"sim_100",4
"sim_100",4
"sim_100",4
"sim_100",4
"sim_100",4
"sim_100",4
"sim_100",4
"sim_100",4
"sim_100",4
"sim_100",4
"sim_100",4
"sim_100",4
"sim_100",4
"sim_100",4
"sim_100",4
"sim_100",4
"sim_100",4
"sim_100",4
"sim_100",4
"sim_100",4
"sim_100",4
"sim_100",4
"sim_100",4
"sim_100",4
"sim_100",4
"sim_100",4
"sim_100",4
"sim_100",4
"sim_100",4
"sim_100",4
"sim_100",4
"sim_100",4
"sim_100",4
"sim_100",4
"sim_100",4
"sim_100",4
"sim_100",4
"sim_100",4
"sim_100",4
"sim_100",4
"sim_100",4
"sim_100",4
"sim_100",4
"sim_100",4
"sim_100",4
"sim_100",4
"sim_100",4
"sim_100",4
"sim_100",4
"sim_100",4
"sim_100",4
"sim_100",4
"sim_100",4
"sim_100",4
"sim_100",4
"sim_100",4
"sim_100",4
"sim_100",4
"sim_100",4
"sim_100",4
"sim_100",4
"sim_100",4
"sim_100",4
"sim_100",4
"sim_100",4
"sim_100",4
"sim_100",4
"sim_100",4
"sim_100",4
"sim_100",4
"sim_100",4
"sim_100",4
"sim_100",4
"sim_100",4
"sim_100",4
"sim_100",4
"sim_100",4
"sim_100",4
"sim_100",4
"sim_100",4
"sim_100",4
"sim_100",4
"sim_100",4
"sim_100",4
"sim_100",4
"sim_100",4
"sim_100",4
"sim_100",4
"sim_100",4
"sim_100",4
"sim_100",4
"sim_100",4
"sim_100",4
"sim_100",5
"sim_100",5
"sim_100",5
"sim_100",5
"sim_100",5
"sim_100",5
"sim_100",5
"sim_100",5
"sim_100",5
"sim_100",5
"sim_100",5
"sim_100",5
"sim_100",5
"sim_100",5
"sim_100",5
"sim_100",5
"sim_100",5
"sim_100",5
"sim_100",5
"sim_100",5
"sim_100",5
"sim_100",5
"sim_100",5
"sim_100",5
"sim_100",5
"sim_100",5
"sim_100",5
"sim_100",5
"sim_100",5
"sim_100",5
"sim_100",5
"sim_100",5
"sim_100",5
"sim_100",5
"sim_100",5
"sim_100",5
"sim_100",5
"sim_100",5
"sim_100",5
"sim_100",5
"sim_100",5
"sim_100",5
"sim_100",5
"sim_100",5
"sim_100",5
"sim_100",5
"sim_100",5
"sim_100",5
"sim_100",5
"sim_100",5
"sim_100",5
"sim_100",5
"sim_100",5
"sim_100",5
"sim_100",5
"sim_100",5
"sim_100",5
"sim_100",5
"sim_100",5
"sim_100",5
"sim_100",5
"sim_100",5
"sim_100",5
"sim_100",5
"sim_100",5
"sim_100",5
"sim_100",5
"sim_100",5
"sim_100",5
"sim_100",5
"sim_100",6
"sim_100",6
"sim_100",6
"sim_100",6
"sim_100",6
"sim_100",6
"sim_100",6
"sim_100",6
"sim_100",6
"sim_100",6
"sim_100",6
"sim_100",6
"sim_100",6
"sim_100",6
"sim_100",6
"sim_100",6
"sim_100",6
"sim_100",6
"sim_100",6
"sim_100",6
"sim_100",6
"sim_100",6
"sim_100",6
"sim_100",6
"sim_100",6
"sim_100",6
"sim_100",6
"sim_100",6
"sim_100",6
"sim_100",6
"sim_100",6
"sim_100",6
"sim_100",6
"sim_100",6
"sim_100",6
"sim_100",6
"sim_100",6
"sim_100",6
"sim_100",6
"sim_100",6
"sim_100",6
"sim_100",6
"sim_100",6
"sim_100",6
"sim_100",6
"sim_100",6
"sim_100",6
"sim_100",7
"sim_100",7
"sim_100",7
"sim_100",7
"sim_100",7
"sim_100",7
"sim_100",7
"sim_100",7
"sim_100",7
"sim_100",7
"sim_100",7
"sim_100",7
"sim_100",7
"sim_100",7
"sim_100",7
"sim_100",7
"sim_100",7
"sim_100",7
"sim_100",8
"sim_100",8
"sim_100",8
"sim_100",8
"sim_100",8
"sim_100",8
"sim_100",8
"sim_100",8
"sim_100",8
"sim_100",8
"sim_100",8
"sim_100",9
"sim_100",9
"sim_100",9
"sim_100",9
"sim_100",9
"sim_100",9
"sim_100",9
"sim_100",9
"sim_100",10
"sim_100",10
"sim_100",10
"sim_100",11
"sim_100",11
"sim_100",11
"sim_100",11
"sim_100",11
"sim_100",11
"sim_100",11
"sim_100",11
"sim_100",12
"sim_100",12
"sim_100",12
"sim_100",12
"sim_100",13
"sim_100",13
"sim_100",13
"sim_100",13
"sim_100",13
"sim_100",13
"sim_100",14
"sim_100",14
"sim_100",14
"sim_100",14
